id, prefectures_2000, area_codes_2000, areas_in_2000, prefectures_2020,area_codes_2020,areas,population_total, population_male, population_female,population_in_2015,population_change,population_change_percentage,sex_ratio, area_km2, population_density,num_of_households,num_of_private_households, num_of_institutional_households,num_of_households_2015,num_of_households_change,num_of_households_change_percent,household_members,household_members_private,household_members_institutional 
0,00_Japan,0,2000.0,00_Japan,0,0001_Japan,126146099,61349581,64796518,127094745,-948646,-0.75,94.68,377976.41,338.2,55830154,55704949,125205,53448685,2381469,4.46,126146099,123162995,2983104
1,01_Hokkaido,1000,2000.0,01_Hokkaido,1000,0002_Hokkaido,5224614,2465088,2759526,5381733,-157119,-2.92,89.33,83424.44,66.6,2476846,2469063,7783,2444810,32036,1.31,5224614,5032739,191875
2,01_Hokkaido,1100,2000.0,01_Hokkaido,1100,0003_Sapporo-shi,1973395,918682,1054713,1952356,21039,1.08,87.10,1121.26,1760.0,969161,967372,1789,921837,47324,5.13,1973395,1916478,56917
3,01_Hokkaido,1101,2000.0,01_Hokkaido,1101,0004_Sapporo-shi Chuo-ku,248680,112853,135827,237627,11053,4.65,83.09,46.42,5357.2,141429,141223,206,132006,9423,7.14,248680,240498,8182
4,01_Hokkaido,1102,2000.0,01_Hokkaido,1102,0005_Sapporo-shi Kita-ku,289323,136596,152727,285321,4002,1.40,89.44,63.57,4551.3,139675,139449,226,133662,6013,4.50,289323,282668,6655
5,01_Hokkaido,1103,2000.0,01_Hokkaido,1103,0006_Sapporo-shi Higashi-ku,265379,126023,139356,261912,3467,1.32,90.43,56.97,4658.2,131188,130904,284,124425,6763,5.44,265379,257766,7613
6,01_Hokkaido,1104,2000.0,01_Hokkaido,1104,0007_Sapporo-shi Shiroishi-ku,211835,100062,111773,209584,2251,1.07,89.52,34.47,6145.5,108233,108077,156,104608,3625,3.47,211835,206212,5623
7,01_Hokkaido,1105,2000.0,01_Hokkaido,1105,0008_Sapporo-shi Toyohira-ku,225298,104154,121144,218652,6646,3.04,85.98,46.23,4873.4,118650,118472,178,110171,8479,7.70,225298,220096,5202
8,01_Hokkaido,1106,2000.0,01_Hokkaido,1106,0009_Sapporo-shi Minami-ku,135777,62347,73430,141190,-5413,-3.83,84.91,657.48,206.5,62134,61919,215,61291,843,1.38,135777,129809,5968
9,01_Hokkaido,1107,2000.0,01_Hokkaido,1107,0010_Sapporo-shi Nishi-ku,217040,100027,117013,213578,3462,1.62,85.48,75.1,2890.0,103849,103655,194,97750,6099,6.24,217040,211604,5436
10,01_Hokkaido,1108,2000.0,01_Hokkaido,1108,0011_Sapporo-shi Atsubetsu-ku,125083,56755,68328,127767,-2684,-2.10,83.06,24.38,5130.6,57289,57190,99,55585,1704,3.07,125083,121782,3301
11,01_Hokkaido,1109,2000.0,01_Hokkaido,1109,0012_Sapporo-shi Teine-ku,142625,66913,75712,140999,1626,1.15,88.38,56.77,2512.3,61080,60959,121,57333,3747,6.54,142625,137776,4849
12,01_Hokkaido,1110,2000.0,01_Hokkaido,1110,0013_Sapporo-shi Kiyota-ku,112355,52952,59403,115726,-3371,-2.91,89.14,59.87,1876.6,45634,45524,110,45006,628,1.40,112355,108267,4088
13,01_Hokkaido,1202,,01_Hokkaido,1202,0014_Hakodate-shi,251084,113965,137119,265979,-14895,-5.60,83.11,677.87,370.4,121793,121455,338,123950,-2157,-1.74,251084,240342,10742
14,01_Hokkaido,1202,2000.0,01_Hokkaido,1202,0015_(Municipalities as of 2000) Hakodate-shi,241024,109284,131740,254157,-13133,-5.17,82.95,346.9,694.8,117466,117141,325,119177,-1711,-1.44,241024,230617,10407
15,01_Hokkaido,1339,2000.0,01_Hokkaido,1202,0016_(Municipalities as of 2000) Toi-cho,2291,1026,1265,2677,-386,-14.42,81.11,53.04,43.2,966,961,5,1067,-101,-9.47,2291,2168,123
16,01_Hokkaido,1340,2000.0,01_Hokkaido,1202,0017_(Municipalities as of 2000) Esan-cho,2486,1164,1322,2993,-507,-16.94,88.05,94.27,26.4,1148,1145,3,1287,-139,-10.80,2486,2384,102
17,01_Hokkaido,1341,2000.0,01_Hokkaido,1202,0018_(Municipalities as of 2000) Todohokke-mura,745,338,407,910,-165,-18.13,83.05,24.92,29.9,350,349,1,396,-46,-11.62,745,728,17
18,01_Hokkaido,1342,2000.0,01_Hokkaido,1202,0019_(Municipalities as of 2000) Minamikayabe-cho,4538,2153,2385,5242,-704,-13.43,90.27,158.35,28.7,1863,1859,4,2023,-160,-7.91,4538,4445,93
19,01_Hokkaido,1203,2000.0,01_Hokkaido,1203,0020_Otaru-shi,111299,50136,61163,121924,-10625,-8.71,81.97,243.83,456.5,52817,52615,202,55466,-2649,-4.78,111299,106082,5217
20,01_Hokkaido,1204,2000.0,01_Hokkaido,1204,0021_Asahikawa-shi,329306,152108,177198,339605,-10299,-3.03,85.84,747.66,440.4,156195,155625,570,155747,448,0.29,329306,315003,14303
21,01_Hokkaido,1205,2000.0,01_Hokkaido,1205,0022_Muroran-shi,82383,40390,41993,88564,-6181,-6.98,96.18,81.01,1016.9,41766,41660,106,43616,-1850,-4.24,82383,79836,2547
22,01_Hokkaido,1206,,01_Hokkaido,1206,0023_Kushiro-shi,165077,77506,87571,174742,-9665,-5.53,88.51,1363.29,121.1,80349,80095,254,82078,-1729,-2.11,165077,159067,6010
23,01_Hokkaido,1206,2000.0,01_Hokkaido,1206,0024_(Municipalities as of 2000) Kushiro-shi,159011,74548,84463,167925,-8914,-5.31,88.26,221.61,717.5,77306,77070,236,78874,-1568,-1.99,159011,153357,5654
24,01_Hokkaido,1666,2000.0,01_Hokkaido,1206,0025_(Municipalities as of 2000) Akan-cho,4390,2127,2263,4882,-492,-10.08,93.99,739.37,5.9,2259,2254,5,2350,-91,-3.87,4390,4236,154
25,01_Hokkaido,1669,2000.0,01_Hokkaido,1206,0026_(Municipalities as of 2000) Ombetsu-cho,1676,831,845,1935,-259,-13.39,98.34,401.4,4.2,784,771,13,854,-70,-8.20,1676,1474,202
26,01_Hokkaido,1207,2000.0,01_Hokkaido,1207,0027_Obihiro-shi,166536,79623,86913,169327,-2791,-1.65,91.61,619.34,268.9,80175,79933,242,77707,2468,3.18,166536,160130,6406
27,01_Hokkaido,1208,,01_Hokkaido,1208,0028_Kitami-shi,115480,54729,60751,121226,-5746,-4.74,90.09,1427.41,80.9,55188,55024,164,56202,-1014,-1.80,115480,111882,3598
28,01_Hokkaido,1208,2000.0,01_Hokkaido,1208,0029_(Municipalities as of 2000) Kitami-shi,102000,48392,53608,105979,-3979,-3.75,90.27,421.08,242.2,49407,49271,136,49965,-558,-1.12,102000,99135,2865
29,01_Hokkaido,1548,2000.0,01_Hokkaido,1208,0030_(Municipalities as of 2000) Tanno-cho,4384,2126,2258,4886,-502,-10.27,94.15,163.5,26.8,1737,1733,4,1792,-55,-3.07,4384,4171,213
30,01_Hokkaido,1551,2000.0,01_Hokkaido,1208,0031_(Municipalities as of 2000) Rubeshibe-cho,5570,2565,3005,6381,-811,-12.71,85.36,564.69,9.9,2568,2548,20,2835,-267,-9.42,5570,5183,387
31,01_Hokkaido,1553,2000.0,01_Hokkaido,1208,0032_(Municipalities as of 2000) Tokoro-cho,3526,1646,1880,3980,-454,-11.41,87.55,278.29,12.7,1476,1472,4,1610,-134,-8.32,3526,3393,133
32,01_Hokkaido,1209,2000.0,01_Hokkaido,1209,0033_Yubari-shi,7334,3381,3953,8843,-1509,-17.06,85.53,763.07,9.6,3807,3790,17,4539,-732,-16.13,7334,6902,432
33,01_Hokkaido,1210,,01_Hokkaido,1210,0034_Iwamizawa-shi,79306,37105,42201,84499,-5193,-6.15,87.92,481.02,164.9,35584,35476,108,36155,-571,-1.58,79306,76126,3180
34,01_Hokkaido,1210,2000.0,01_Hokkaido,1210,0035_(Municipalities as of 2000) Iwamizawa-shi,72184,33758,38426,76348,-4164,-5.45,87.85,204.74,352.6,32799,32705,94,33105,-306,-0.92,72184,69528,2656
35,01_Hokkaido,1421,2000.0,01_Hokkaido,1210,0036_(Municipalities as of 2000) Kita-mura,2320,1095,1225,2707,-387,-14.30,89.39,96.49,24.0,845,843,2,927,-82,-8.85,2320,2222,98
36,01_Hokkaido,1422,2000.0,01_Hokkaido,1210,0037_(Municipalities as of 2000) Kurisawa-cho,4802,2252,2550,5444,-642,-11.79,88.31,179.87,26.7,1940,1928,12,2123,-183,-8.62,4802,4376,426
37,01_Hokkaido,1211,2000.0,01_Hokkaido,1211,0038_Abashiri-shi,35759,18060,17699,39077,-3318,-8.49,102.04,471.0,75.9,17253,17193,60,18035,-782,-4.34,35759,34107,1652
38,01_Hokkaido,1212,2000.0,01_Hokkaido,1212,0039_Rumoi-shi,20114,9649,10465,22221,-2107,-9.48,92.20,297.84,67.5,9816,9784,32,10402,-586,-5.63,20114,19120,994
39,01_Hokkaido,1213,2000.0,01_Hokkaido,1213,0040_Tomakomai-shi,170113,83522,86591,172737,-2624,-1.52,96.46,561.57,302.9,80130,79962,168,78298,1832,2.34,170113,164852,5261
40,01_Hokkaido,1214,2000.0,01_Hokkaido,1214,0041_Wakkanai-shi,33563,16651,16912,36380,-2817,-7.74,98.46,761.47,44.1,16060,15944,116,16486,-426,-2.58,33563,32492,1071
41,01_Hokkaido,1215,2000.0,01_Hokkaido,1215,0042_Bibai-shi,20413,9565,10848,23035,-2622,-11.38,88.17,277.69,73.5,9434,9359,75,10173,-739,-7.26,20413,19238,1175
42,01_Hokkaido,1216,2000.0,01_Hokkaido,1216,0043_Ashibetsu-shi,12555,5762,6793,14676,-2121,-14.45,84.82,865.04,14.5,6055,6021,34,6862,-807,-11.76,12555,11914,641
43,01_Hokkaido,1217,2000.0,01_Hokkaido,1217,0044_Ebetsu-shi,121056,57523,63533,120636,420,0.35,90.54,187.38,646.0,53977,53869,108,51983,1994,3.84,121056,117451,3605
44,01_Hokkaido,1218,2000.0,01_Hokkaido,1218,0045_Akabira-shi,9698,4388,5310,11105,-1407,-12.67,82.64,129.88,74.7,4494,4463,31,4980,-486,-9.76,9698,8623,1075
45,01_Hokkaido,1219,2000.0,01_Hokkaido,1219,0046_Mombetsu-shi,21215,9901,11314,23109,-1894,-8.20,87.51,830.67,25.5,11214,11192,22,11127,87,0.78,21215,20546,669
46,01_Hokkaido,1220,,01_Hokkaido,1220,0047_Shibetsu-shi,17858,8416,9442,19914,-2056,-10.32,89.13,1119.22,16.0,8184,8157,27,8650,-466,-5.39,17858,17188,670
47,01_Hokkaido,1220,2000.0,01_Hokkaido,1220,0048_(Municipalities as of 2000) Shibetsu-shi,16734,7913,8821,18582,-1848,-9.95,89.71,597.28,28.0,7612,7589,23,7983,-371,-4.65,16734,16146,588
48,01_Hokkaido,1466,2000.0,01_Hokkaido,1220,0049_(Municipalities as of 2000) Asahi-cho,1124,503,621,1332,-208,-15.62,81.00,522.01,2.2,572,568,4,667,-95,-14.24,1124,1042,82
49,01_Hokkaido,1221,,01_Hokkaido,1221,0050_Nayoro-shi,27282,13322,13960,29048,-1766,-6.08,95.43,535.2,51.0,12810,12725,85,13086,-276,-2.11,27282,25708,1574
50,01_Hokkaido,1221,2000.0,01_Hokkaido,1221,0051_(Municipalities as of 2000) Nayoro-shi,23788,11714,12074,25046,-1258,-5.02,97.02,314.62,75.6,11324,11244,80,11470,-146,-1.27,23788,22355,1433
51,01_Hokkaido,1467,2000.0,01_Hokkaido,1221,0052_(Municipalities as of 2000) Furen-cho,3494,1608,1886,4002,-508,-12.69,85.26,220.61,15.8,1486,1481,5,1616,-130,-8.04,3494,3353,141
52,01_Hokkaido,1222,2000.0,01_Hokkaido,1222,0053_Mikasa-shi,8040,3631,4409,9076,-1036,-11.41,82.35,302.52,26.6,3816,3799,17,4254,-438,-10.30,8040,7465,575
53,01_Hokkaido,1223,2000.0,01_Hokkaido,1223,0054_Nemuro-shi,24636,11762,12874,26917,-2281,-8.47,91.36,506.25,59.9,11153,11133,20,11383,-230,-2.02,24636,23883,753
54,01_Hokkaido,1224,2000.0,01_Hokkaido,1224,0055_Chitose-shi,97950,49790,48160,95648,2302,2.41,103.38,594.5,164.8,43809,43635,174,40638,3171,7.80,97950,92889,5061
55,01_Hokkaido,1225,2000.0,01_Hokkaido,1225,0056_Takikawa-shi,39490,18832,20658,41192,-1702,-4.13,91.16,115.9,340.7,18688,18636,52,18651,37,0.20,39490,37549,1941
56,01_Hokkaido,1226,2000.0,01_Hokkaido,1226,0057_Sunagawa-shi,16486,7607,8879,17694,-1208,-6.83,85.67,78.68,209.5,7599,7572,27,7858,-259,-3.30,16486,15713,773
57,01_Hokkaido,1227,2000.0,01_Hokkaido,1227,0058_Utashinai-shi,2989,1399,1590,3585,-596,-16.62,87.99,55.95,53.4,1424,1417,7,1665,-241,-14.47,2989,2674,315
58,01_Hokkaido,1228,2000.0,01_Hokkaido,1228,0059_Fukagawa-shi,20039,9362,10677,21909,-1870,-8.54,87.68,529.42,37.9,9198,9161,37,9669,-471,-4.87,20039,18768,1271
59,01_Hokkaido,1229,2000.0,01_Hokkaido,1229,0060_Furano-shi,21131,9947,11184,22936,-1805,-7.87,88.94,600.71,35.2,9538,9502,36,9929,-391,-3.94,21131,20099,1032
60,01_Hokkaido,1230,2000.0,01_Hokkaido,1230,0061_Noboribetsu-shi,46391,22146,24245,49625,-3234,-6.52,91.34,212.21,218.6,20928,20885,43,21681,-753,-3.47,46391,44369,2022
61,01_Hokkaido,1231,2000.0,01_Hokkaido,1231,0062_Eniwa-shi,70331,34088,36243,69702,629,0.90,94.05,294.65,238.7,30276,30172,104,28846,1430,4.96,70331,67695,2636
62,01_Hokkaido,1233,,01_Hokkaido,1233,0063_Date-shi,32826,15176,17650,34995,-2169,-6.20,85.98,444.21,73.9,14844,14746,98,15054,-210,-1.39,32826,30680,2146
63,01_Hokkaido,1233,2000.0,01_Hokkaido,1233,0064_(Municipalities as of 2000) Date-shi,31748,14674,17074,33625,-1877,-5.58,85.94,170.25,186.5,14395,14305,90,14543,-148,-1.02,31748,29965,1783
64,01_Hokkaido,1574,2000.0,01_Hokkaido,1233,0065_(Municipalities as of 2000) Otaki-mura,1078,502,576,1370,-292,-21.31,87.15,274.03,3.9,449,441,8,511,-62,-12.13,1078,715,363
65,01_Hokkaido,1234,2000.0,01_Hokkaido,1234,0066_Kitahiroshima-shi,58171,27763,30408,59064,-893,-1.51,91.30,119.05,488.6,24640,24548,92,23551,1089,4.62,58171,55757,2414
66,01_Hokkaido,1235,,01_Hokkaido,1235,0067_Ishikari-shi,56869,27324,29545,57436,-567,-0.99,92.48,722.42,78.7,23102,23038,64,22632,470,2.08,56869,55320,1549
67,01_Hokkaido,1235,2000.0,01_Hokkaido,1235,0068_(Municipalities as of 2000) Ishikari-shi,54147,25990,28157,54181,-34,-0.06,92.30,117.85,459.5,21759,21710,49,21096,663,3.14,54147,52735,1412
68,01_Hokkaido,1305,2000.0,01_Hokkaido,1235,0069_(Municipalities as of 2000) Atsuta-mura,1638,823,815,1927,-289,-15.00,100.98,292.84,5.6,744,730,14,839,-95,-11.32,1638,1502,136
69,01_Hokkaido,1306,2000.0,01_Hokkaido,1235,0070_(Municipalities as of 2000) Hamamasu-mura,1084,511,573,1328,-244,-18.37,89.18,311.15,3.5,599,598,1,697,-98,-14.06,1084,1083,1
70,01_Hokkaido,1236,,01_Hokkaido,1236,0071_Hokuto-shi,44302,20542,23760,46390,-2088,-4.50,86.46,397.44,111.5,18337,18261,76,18508,-171,-0.92,44302,42666,1636
71,01_Hokkaido,1335,2000.0,01_Hokkaido,1236,0072_(Municipalities as of 2000) Kamiiso-cho,34276,15857,18419,36199,-1923,-5.31,86.09,262.41,130.6,14441,14382,59,14729,-288,-1.96,34276,33113,1163
72,01_Hokkaido,1336,2000.0,01_Hokkaido,1236,0073_(Municipalities as of 2000) Ono-cho,10026,4685,5341,10191,-165,-1.62,87.72,134.88,74.3,3896,3879,17,3779,117,3.10,10026,9553,473
73,01_Hokkaido,1303,2000.0,01_Hokkaido,1303,0074_Tobetsu-cho,15916,7703,8213,17278,-1362,-7.88,93.79,422.86,37.6,7281,7268,13,7327,-46,-0.63,15916,15488,428
74,01_Hokkaido,1304,2000.0,01_Hokkaido,1304,0075_Shinshinotsu-mura,3044,1484,1560,3329,-285,-8.56,95.13,78.04,39.0,1051,1038,13,1070,-19,-1.78,3044,2641,403
75,01_Hokkaido,1331,2000.0,01_Hokkaido,1331,0076_Matsumae-cho,6260,2805,3455,7337,-1077,-14.68,81.19,293.25,21.3,3196,3186,10,3571,-375,-10.50,6260,5995,265
76,01_Hokkaido,1332,2000.0,01_Hokkaido,1332,0077_Fukushima-cho,3794,1755,2039,4422,-628,-14.20,86.07,187.25,20.3,1861,1858,3,2039,-178,-8.73,3794,3717,77
77,01_Hokkaido,1333,2000.0,01_Hokkaido,1333,0078_Shiriuchi-cho,4167,2060,2107,4653,-486,-10.44,97.77,196.75,21.2,1868,1859,9,2003,-135,-6.74,4167,3962,205
78,01_Hokkaido,1334,2000.0,01_Hokkaido,1334,0079_Kikonai-cho,3832,1750,2082,4547,-715,-15.72,84.05,221.87,17.3,1871,1865,6,2140,-269,-12.57,3832,3732,100
79,01_Hokkaido,1337,2000.0,01_Hokkaido,1337,0080_Nanae-cho,27686,12679,15007,28120,-434,-1.54,84.49,216.75,127.7,11568,11518,50,11141,427,3.83,27686,26351,1335
80,01_Hokkaido,1343,2000.0,01_Hokkaido,1343,0081_Shikabe-cho,3760,1779,1981,4226,-466,-11.03,89.80,110.63,34.0,1619,1613,6,1660,-41,-2.47,3760,3595,165
81,01_Hokkaido,1345,,01_Hokkaido,1345,0082_Mori-machi,14338,6658,7680,15946,-1608,-10.08,86.69,368.79,38.9,6330,6310,20,6628,-298,-4.50,14338,13849,489
82,01_Hokkaido,1344,2000.0,01_Hokkaido,1345,0083_(Municipalities as of 2000) Sawara-cho,3404,1563,1841,3843,-439,-11.42,84.90,56.85,59.9,1415,1413,2,1472,-57,-3.87,3404,3284,120
83,01_Hokkaido,1345,2000.0,01_Hokkaido,1345,0084_(Municipalities as of 2000) Mori-machi,10934,5095,5839,12103,-1169,-9.66,87.26,311.42,35.1,4915,4897,18,5156,-241,-4.67,10934,10565,369
84,01_Hokkaido,1346,,01_Hokkaido,1346,0085_Yakumo-cho,15826,7894,7932,17252,-1426,-8.27,99.52,956.08,16.6,7519,7380,139,7523,-4,-0.05,15826,15107,719
85,01_Hokkaido,1346,2000.0,01_Hokkaido,1346,0086_(Municipalities as of 2000) Yakumo-cho,13833,6970,6863,14830,-997,-6.72,101.56,735.6,18.8,6536,6399,137,6377,159,2.49,13833,13212,621
86,01_Hokkaido,1365,2000.0,01_Hokkaido,1346,0087_(Municipalities as of 2000) Kumaishi-cho,1993,924,1069,2422,-429,-17.71,86.44,220.31,9.0,983,981,2,1146,-163,-14.22,1993,1895,98
87,01_Hokkaido,1347,2000.0,01_Hokkaido,1347,0088_Oshamambe-cho,5109,2448,2661,5926,-817,-13.79,92.00,310.76,16.4,2717,2543,174,2685,32,1.19,5109,4778,331
88,01_Hokkaido,1361,2000.0,01_Hokkaido,1361,0089_Esashi-cho,7428,3569,3859,8248,-820,-9.94,92.49,109.48,67.8,3542,3502,40,3752,-210,-5.60,7428,6746,682
89,01_Hokkaido,1362,2000.0,01_Hokkaido,1362,0090_Kaminokuni-cho,4306,1965,2341,4876,-570,-11.69,83.94,547.71,7.9,2053,2050,3,2173,-120,-5.52,4306,4231,75
90,01_Hokkaido,1363,2000.0,01_Hokkaido,1363,0091_Assabu-cho,3592,1717,1875,4049,-457,-11.29,91.57,460.58,7.8,1654,1646,8,1765,-111,-6.29,3592,3470,122
91,01_Hokkaido,1364,2000.0,01_Hokkaido,1364,0092_Otobe-cho,3403,1538,1865,3906,-503,-12.88,82.47,162.59,20.9,1597,1593,4,1729,-132,-7.63,3403,3336,67
92,01_Hokkaido,1367,2000.0,01_Hokkaido,1367,0093_Okushiri-cho,2410,1280,1130,2690,-280,-10.41,113.27,142.99,16.9,1215,1203,12,1270,-55,-4.33,2410,2202,208
93,01_Hokkaido,1370,2000.0,01_Hokkaido,1370,0094_Imakane-cho,5072,2446,2626,5628,-556,-9.88,93.15,568.25,8.9,2192,2179,13,2280,-88,-3.86,5072,4719,353
94,01_Hokkaido,1371,,01_Hokkaido,1371,0095_Setana-cho,7398,3466,3932,8473,-1075,-12.69,88.15,638.68,11.6,3534,3517,17,3862,-328,-8.49,7398,7023,375
95,01_Hokkaido,1366,2000.0,01_Hokkaido,1371,0096_(Municipalities as of 2000) Taisei-cho,1280,555,725,1580,-300,-18.99,76.55,133.9,9.6,672,669,3,803,-131,-16.31,1280,1212,68
96,01_Hokkaido,1368,2000.0,01_Hokkaido,1371,0097_(Municipalities as of 2000) Setana-cho,1615,767,848,1932,-317,-16.41,90.45,125.62,12.9,792,788,4,901,-109,-12.10,1615,1546,69
97,01_Hokkaido,1369,2000.0,01_Hokkaido,1371,0098_(Municipalities as of 2000) Kitahiyama-cho,4503,2144,2359,4961,-458,-9.23,90.89,379.03,11.9,2070,2060,10,2158,-88,-4.08,4503,4265,238
98,01_Hokkaido,1391,2000.0,01_Hokkaido,1391,0099_Shimamaki-mura,1356,687,669,1499,-143,-9.54,102.69,437.18,3.1,617,612,5,661,-44,-6.66,1356,1246,110
99,01_Hokkaido,1392,2000.0,01_Hokkaido,1392,0100_Suttsu-cho,2838,1397,1441,3137,-299,-9.53,96.95,95.25,29.8,1340,1333,7,1420,-80,-5.63,2838,2506,332
100,01_Hokkaido,1393,2000.0,01_Hokkaido,1393,0101_Kuromatsunai-cho,2791,1353,1438,3082,-291,-9.44,94.09,345.65,8.1,1298,1287,11,1336,-38,-2.84,2791,2376,415
101,01_Hokkaido,1394,2000.0,01_Hokkaido,1394,0102_Rankoshi-cho,4568,2197,2371,4843,-275,-5.68,92.66,449.78,10.2,2081,2074,7,2086,-5,-0.24,4568,4327,241
102,01_Hokkaido,1395,2000.0,01_Hokkaido,1395,0103_Niseko-cho,5074,2624,2450,4958,116,2.34,107.10,197.13,25.7,2515,2511,4,2274,241,10.60,5074,4986,88
103,01_Hokkaido,1396,2000.0,01_Hokkaido,1396,0104_Makkari-mura,2045,1035,1010,2103,-58,-2.76,102.48,114.25,17.9,903,900,3,855,48,5.61,2045,1937,108
104,01_Hokkaido,1397,2000.0,01_Hokkaido,1397,0105_Rusutsu-mura,1911,971,940,1907,4,0.21,103.30,119.84,15.9,959,956,3,915,44,4.81,1911,1835,76
105,01_Hokkaido,1398,2000.0,01_Hokkaido,1398,0106_Kimobetsu-cho,2156,1112,1044,2294,-138,-6.02,106.51,189.41,11.4,1130,1118,12,1123,7,0.62,2156,2008,148
106,01_Hokkaido,1399,2000.0,01_Hokkaido,1399,0107_Kyogoku-cho,2941,1420,1521,3187,-246,-7.72,93.36,231.49,12.7,1269,1265,4,1281,-12,-0.94,2941,2723,218
107,01_Hokkaido,1400,2000.0,01_Hokkaido,1400,0108_Kutchan-cho,15129,7787,7342,15018,111,0.74,106.06,261.34,57.9,7631,7602,29,6974,657,9.42,15129,14660,469
108,01_Hokkaido,1401,2000.0,01_Hokkaido,1401,0109_Kyowa-cho,5772,3047,2725,6224,-452,-7.26,111.82,304.92,18.9,2728,2723,5,2854,-126,-4.41,5772,5697,75
109,01_Hokkaido,1402,2000.0,01_Hokkaido,1402,0110_Iwanai-cho,11648,5500,6148,13042,-1394,-10.69,89.46,70.6,165.0,5750,5736,14,6228,-478,-7.68,11648,11314,334
110,01_Hokkaido,1403,2000.0,01_Hokkaido,1403,0111_Tomari-mura,1569,784,785,1771,-202,-11.41,99.87,82.27,19.1,813,808,5,886,-73,-8.24,1569,1473,96
111,01_Hokkaido,1404,2000.0,01_Hokkaido,1404,0112_Kamoenai-mura,870,400,470,1004,-134,-13.35,85.11,147.79,5.9,401,396,5,434,-33,-7.60,870,753,117
112,01_Hokkaido,1405,2000.0,01_Hokkaido,1405,0113_Shakotan-cho,1831,855,976,2115,-284,-13.43,87.60,238.13,7.7,883,881,2,994,-111,-11.17,1831,1799,32
113,01_Hokkaido,1406,2000.0,01_Hokkaido,1406,0114_Furubira-cho,2745,1307,1438,3188,-443,-13.90,90.89,188.36,14.6,1282,1246,36,1446,-164,-11.34,2745,2508,237
114,01_Hokkaido,1407,2000.0,01_Hokkaido,1407,0115_Niki-cho,3180,1526,1654,3498,-318,-9.09,92.26,167.96,18.9,1332,1310,22,1480,-148,-10.00,3180,2824,356
115,01_Hokkaido,1408,2000.0,01_Hokkaido,1408,0116_Yoichi-cho,18000,8342,9658,19607,-1607,-8.20,86.37,140.59,128.0,8283,8235,48,8769,-486,-5.54,18000,16995,1005
116,01_Hokkaido,1409,2000.0,01_Hokkaido,1409,0117_Akaigawa-mura,1165,606,559,1121,44,3.93,108.41,280.09,4.2,621,614,7,534,87,16.29,1165,1124,41
117,01_Hokkaido,1423,2000.0,01_Hokkaido,1423,0118_Nanporo-cho,7319,3461,3858,7927,-608,-7.67,89.71,81.36,90.0,2980,2966,14,2973,7,0.24,7319,7047,272
118,01_Hokkaido,1424,2000.0,01_Hokkaido,1424,0119_Naie-cho,5120,2405,2715,5674,-554,-9.76,88.58,88.19,58.1,2312,2297,15,2466,-154,-6.24,5120,4829,291
119,01_Hokkaido,1425,2000.0,01_Hokkaido,1425,0120_Kamisunagawa-cho,2841,1292,1549,3479,-638,-18.34,83.41,39.98,71.1,1479,1475,4,1744,-265,-15.19,2841,2721,120
120,01_Hokkaido,1427,2000.0,01_Hokkaido,1427,0121_Yuni-cho,4822,2302,2520,5314,-492,-9.26,91.35,133.74,36.1,2063,2056,7,2149,-86,-4.00,4822,4654,168
121,01_Hokkaido,1428,2000.0,01_Hokkaido,1428,0122_Naganuma-cho,10289,4919,5370,11076,-787,-7.11,91.60,168.52,61.1,4091,4070,21,4257,-166,-3.90,10289,9702,587
122,01_Hokkaido,1429,2000.0,01_Hokkaido,1429,0123_Kuriyama-cho,11272,5176,6096,12344,-1072,-8.68,84.91,203.93,55.3,4964,4935,29,5186,-222,-4.28,11272,10734,538
123,01_Hokkaido,1430,2000.0,01_Hokkaido,1430,0124_Tsukigata-cho,3691,2185,1506,4577,-886,-19.36,145.09,150.4,24.5,1320,1293,27,1466,-146,-9.96,3691,2642,1049
124,01_Hokkaido,1431,2000.0,01_Hokkaido,1431,0125_Urausu-cho,1732,845,887,1985,-253,-12.75,95.26,101.83,17.0,777,773,4,850,-73,-8.59,1732,1668,64
125,01_Hokkaido,1432,2000.0,01_Hokkaido,1432,0126_Shintotsukawa-cho,6484,2976,3508,6831,-347,-5.08,84.83,495.47,13.1,2543,2529,14,2570,-27,-1.05,6484,6048,436
126,01_Hokkaido,1433,2000.0,01_Hokkaido,1433,0127_Moseushi-cho,2693,1290,1403,3091,-398,-12.88,91.95,48.64,55.4,1201,1198,3,1269,-68,-5.36,2693,2635,58
127,01_Hokkaido,1434,2000.0,01_Hokkaido,1434,0128_Chippubetsu-cho,2329,1072,1257,2513,-184,-7.32,85.28,47.18,49.4,982,977,5,1017,-35,-3.44,2329,2198,131
128,01_Hokkaido,1436,2000.0,01_Hokkaido,1436,0129_Uryu-cho,2389,1165,1224,2749,-360,-13.10,95.18,191.15,12.5,926,920,6,1005,-79,-7.86,2389,2089,300
129,01_Hokkaido,1437,2000.0,01_Hokkaido,1437,0130_Hokuryu-cho,1724,823,901,1981,-257,-12.97,91.34,158.7,10.9,737,733,4,782,-45,-5.75,1724,1633,91
130,01_Hokkaido,1438,2000.0,01_Hokkaido,1438,0131_Numata-cho,2909,1392,1517,3181,-272,-8.55,91.76,283.35,10.3,1244,1239,5,1333,-89,-6.68,2909,2717,192
131,01_Hokkaido,1452,2000.0,01_Hokkaido,1452,0132_Takasu-cho,6567,3105,3462,7018,-451,-6.43,89.69,139.42,47.1,2658,2649,9,2717,-59,-2.17,6567,6378,189
132,01_Hokkaido,1453,2000.0,01_Hokkaido,1453,0133_Higashikagura-cho,10127,4702,5425,10233,-106,-1.04,86.67,68.5,147.8,3840,3830,10,3657,183,5.00,10127,9655,472
133,01_Hokkaido,1454,2000.0,01_Hokkaido,1454,0134_Tohma-cho,6319,2912,3407,6689,-370,-5.53,85.47,204.9,30.8,2773,2756,17,2698,75,2.78,6319,6007,312
134,01_Hokkaido,1455,2000.0,01_Hokkaido,1455,0135_Pippu-cho,3520,1662,1858,3777,-257,-6.80,89.45,86.9,40.5,1570,1563,7,1586,-16,-1.01,3520,3404,116
135,01_Hokkaido,1456,2000.0,01_Hokkaido,1456,0136_Aibetsu-cho,2605,1215,1390,2976,-371,-12.47,87.41,250.13,10.4,1189,1185,4,1305,-116,-8.89,2605,2516,89
136,01_Hokkaido,1457,2000.0,01_Hokkaido,1457,0137_Kamikawa-cho,3500,1708,1792,4044,-544,-13.45,95.31,1049.47,3.3,1913,1901,12,2102,-189,-8.99,3500,3420,80
137,01_Hokkaido,1458,2000.0,01_Hokkaido,1458,0138_Higashikawa-cho,8314,3877,4437,8111,203,2.50,87.38,247.3,33.6,3405,3391,14,3148,257,8.16,8314,7825,489
138,01_Hokkaido,1459,2000.0,01_Hokkaido,1459,0139_Biei-cho,9668,4495,5173,10292,-624,-6.06,86.89,676.78,14.3,4213,4205,8,4288,-75,-1.75,9668,9461,207
139,01_Hokkaido,1460,2000.0,01_Hokkaido,1460,0140_Kamifurano-cho,10348,5363,4985,10826,-478,-4.42,107.58,237.1,43.6,4287,4238,49,4363,-76,-1.74,10348,9463,885
140,01_Hokkaido,1461,2000.0,01_Hokkaido,1461,0141_Nakafurano-cho,4733,2260,2473,5069,-336,-6.63,91.39,108.65,43.6,1977,1972,5,2025,-48,-2.37,4733,4622,111
141,01_Hokkaido,1462,2000.0,01_Hokkaido,1462,0142_Minamifurano-cho,2376,1228,1148,2555,-179,-7.01,106.97,665.54,3.6,1075,1061,14,1132,-57,-5.04,2376,2102,274
142,01_Hokkaido,1463,2000.0,01_Hokkaido,1463,0143_Shimukappu-mura,1306,653,653,1211,95,7.84,100.00,571.41,2.3,849,849,NULL,704,145,20.60,1306,1306,NULL
143,01_Hokkaido,1464,2000.0,01_Hokkaido,1464,0144_Wassamu-cho,3192,1497,1695,3596,-404,-11.23,88.32,225.11,14.2,1429,1424,5,1533,-104,-6.78,3192,3072,120
144,01_Hokkaido,1465,2000.0,01_Hokkaido,1465,0145_Kembuchi-cho,2926,1425,1501,3228,-302,-9.36,94.94,130.99,22.3,1227,1215,12,1330,-103,-7.74,2926,2714,212
145,01_Hokkaido,1468,2000.0,01_Hokkaido,1468,0146_Shimokawa-cho,3126,1491,1635,3547,-421,-11.87,91.19,644.2,4.9,1473,1463,10,1674,-201,-12.01,3126,2939,187
146,01_Hokkaido,1469,2000.0,01_Hokkaido,1469,0147_Bifuka-cho,4145,2038,2107,4659,-514,-11.03,96.73,672.09,6.2,1912,1890,22,2041,-129,-6.32,4145,3784,361
147,01_Hokkaido,1470,2000.0,01_Hokkaido,1470,0148_Otoineppu-mura,706,365,341,832,-126,-15.14,107.04,275.63,2.6,347,344,3,405,-58,-14.32,706,583,123
148,01_Hokkaido,1471,2000.0,01_Hokkaido,1471,0149_Nakagawa-cho,1528,805,723,1767,-239,-13.53,111.34,594.74,2.6,822,819,3,897,-75,-8.36,1528,1475,53
149,01_Hokkaido,1439,,01_Hokkaido,1472,0150_Horokanai-cho,1370,681,689,1525,-155,-10.16,98.84,767.04,1.8,667,663,4,690,-23,-3.33,1370,1294,76
150,01_Hokkaido,1439,2000.0,01_Hokkaido,1472,0151_(Municipalities as of 2000) Horokanai-cho,1370,681,689,1525,-155,-10.16,98.84,767.03,1.8,667,663,4,690,-23,-3.33,1370,1294,76
151,01_Hokkaido,1481,2000.0,01_Hokkaido,1481,0152_Mashike-cho,3908,1776,2132,4497,-589,-13.10,83.30,369.71,10.6,1878,1870,8,2051,-173,-8.43,3908,3783,125
152,01_Hokkaido,1482,2000.0,01_Hokkaido,1482,0153_Obira-cho,2994,1431,1563,3336,-342,-10.25,91.55,627.22,4.8,1366,1354,12,1406,-40,-2.84,2994,2774,220
153,01_Hokkaido,1483,2000.0,01_Hokkaido,1483,0154_Tomamae-cho,2936,1428,1508,3265,-329,-10.08,94.69,454.6,6.5,1347,1336,11,1420,-73,-5.14,2936,2843,93
154,01_Hokkaido,1484,2000.0,01_Hokkaido,1484,0155_Haboro-cho,6548,3163,3385,7327,-779,-10.63,93.44,472.65,13.9,3143,3137,6,3367,-224,-6.65,6548,6337,211
155,01_Hokkaido,1485,2000.0,01_Hokkaido,1485,0156_Shosambetsu-mura,1080,518,562,1217,-137,-11.26,92.17,279.52,3.9,498,491,7,537,-39,-7.26,1080,984,96
156,01_Hokkaido,1486,2000.0,01_Hokkaido,1486,0157_Embetsu-cho,2520,1222,1298,2806,-286,-10.19,94.14,590.8,4.3,1200,1196,4,1225,-25,-2.04,2520,2396,124
157,01_Hokkaido,1487,2000.0,01_Hokkaido,1487,0158_Teshio-cho,2950,1478,1472,3243,-293,-9.03,100.41,353.56,8.3,1425,1421,4,1502,-77,-5.13,2950,2864,86
158,01_Hokkaido,1511,2000.0,01_Hokkaido,1511,0159_Sarufutsu-mura,2611,1285,1326,2684,-73,-2.72,96.91,589.99,4.4,1238,1236,2,1174,64,5.45,2611,2573,38
159,01_Hokkaido,1512,2000.0,01_Hokkaido,1512,0160_Hamatonbetsu-cho,3448,1675,1773,3881,-433,-11.16,94.47,401.64,8.6,1716,1711,5,1845,-129,-6.99,3448,3321,127
160,01_Hokkaido,1513,2000.0,01_Hokkaido,1513,0161_Nakatombetsu-cho,1637,818,819,1757,-120,-6.83,99.88,398.51,4.1,756,745,11,775,-19,-2.45,1637,1475,162
161,01_Hokkaido,1514,,01_Hokkaido,1514,0162_Esashi-cho,7565,3600,3965,8437,-872,-10.34,90.79,1115.93,6.8,3515,3510,5,3772,-257,-6.81,7565,7449,116
162,01_Hokkaido,1514,2000.0,01_Hokkaido,1514,0163_(Municipalities as of 2000) Esashi-cho,6067,2884,3183,6712,-645,-9.61,90.61,509.13,11.9,2797,2794,3,2961,-164,-5.54,6067,6016,51
163,01_Hokkaido,1515,2000.0,01_Hokkaido,1514,0164_(Municipalities as of 2000) Utanobori-cho,1498,716,782,1725,-227,-13.16,91.56,606.51,2.5,718,716,2,811,-93,-11.47,1498,1433,65
164,01_Hokkaido,1516,2000.0,01_Hokkaido,1516,0165_Toyotomi-cho,3974,2098,1876,4054,-80,-1.97,111.83,520.69,7.6,1951,1938,13,1782,169,9.48,3974,3825,149
165,01_Hokkaido,1517,2000.0,01_Hokkaido,1517,0166_Rebun-cho,2509,1284,1225,2773,-264,-9.52,104.82,81.64,30.7,1246,1240,6,1353,-107,-7.91,2509,2452,57
166,01_Hokkaido,1518,2000.0,01_Hokkaido,1518,0167_Rishiri-cho,2004,994,1010,2303,-299,-12.98,98.42,76.5,26.2,1037,1034,3,1154,-117,-10.14,2004,1958,46
167,01_Hokkaido,1519,2000.0,01_Hokkaido,1519,0168_Rishirifuji-cho,2458,1188,1270,2787,-329,-11.80,93.54,105.62,23.3,1199,1193,6,1264,-65,-5.14,2458,2371,87
168,01_Hokkaido,1488,,01_Hokkaido,1520,0169_Horonobe-cho,2371,1290,1081,2447,-76,-3.11,119.33,574.1,4.1,1225,1133,92,1138,87,7.64,2371,2138,233
169,01_Hokkaido,1488,2000.0,01_Hokkaido,1520,0170_(Municipalities as of 2000) Horonobe-cho,2371,1290,1081,2447,-76,-3.11,119.33,574.52,4.1,1225,1133,92,1138,87,7.64,2371,2138,233
170,01_Hokkaido,1543,2000.0,01_Hokkaido,1543,0171_Bihoro-cho,18697,9063,9634,20296,-1599,-7.88,94.07,438.41,42.6,8309,8281,28,8626,-317,-3.67,18697,17984,713
171,01_Hokkaido,1544,2000.0,01_Hokkaido,1544,0172_Tsubetsu-cho,4373,2096,2277,5008,-635,-12.68,92.05,716.8,6.1,2043,2036,7,2231,-188,-8.43,4373,4245,128
172,01_Hokkaido,1545,2000.0,01_Hokkaido,1545,0173_Shari-cho,11418,5672,5746,12231,-813,-6.65,98.71,737.13,15.5,5349,5336,13,5547,-198,-3.57,11418,11207,211
173,01_Hokkaido,1546,2000.0,01_Hokkaido,1546,0174_Kiyosato-cho,3883,1882,2001,4221,-338,-8.01,94.05,402.76,9.6,1591,1587,4,1671,-80,-4.79,3883,3725,158
174,01_Hokkaido,1547,2000.0,01_Hokkaido,1547,0175_Koshimizu-cho,4623,2207,2416,5085,-462,-9.09,91.35,286.89,16.1,1966,1961,5,2033,-67,-3.30,4623,4500,123
175,01_Hokkaido,1549,2000.0,01_Hokkaido,1549,0176_Kunneppu-cho,4677,2241,2436,5100,-423,-8.29,92.00,190.95,24.5,1873,1868,5,1910,-37,-1.94,4677,4564,113
176,01_Hokkaido,1550,2000.0,01_Hokkaido,1550,0177_Oketo-cho,2775,1281,1494,3092,-317,-10.25,85.74,527.27,5.3,1202,1197,5,1304,-102,-7.82,2775,2544,231
177,01_Hokkaido,1552,2000.0,01_Hokkaido,1552,0178_Saroma-cho,4875,2296,2579,5362,-487,-9.08,89.03,404.94,12.0,2266,2260,6,2311,-45,-1.95,4875,4727,148
178,01_Hokkaido,1555,,01_Hokkaido,1555,0179_Engaru-cho,19241,9337,9904,20873,-1632,-7.82,94.28,1332.45,14.4,8813,8739,74,9278,-465,-5.01,19241,18033,1208
179,01_Hokkaido,1554,2000.0,01_Hokkaido,1555,0180_(Municipalities as of 2000) Ikutahara-cho,1582,792,790,1896,-314,-16.56,100.25,269.36,5.9,701,688,13,805,-104,-12.92,1582,1334,248
180,01_Hokkaido,1555,2000.0,01_Hokkaido,1555,0181_(Municipalities as of 2000) Engaru-cho,15859,7730,8129,16816,-957,-5.69,95.09,209.87,75.6,7221,7163,58,7434,-213,-2.87,15859,15020,839
181,01_Hokkaido,1556,2000.0,01_Hokkaido,1555,0182_(Municipalities as of 2000) Maruseppu-cho,1214,536,678,1471,-257,-17.47,79.06,510.13,2.4,589,587,2,685,-96,-14.01,1214,1106,108
182,01_Hokkaido,1557,2000.0,01_Hokkaido,1555,0183_(Municipalities as of 2000) Shirataki-mura,586,279,307,690,-104,-15.07,90.88,342.96,1.7,302,301,1,354,-52,-14.69,586,573,13
183,01_Hokkaido,1559,,01_Hokkaido,1559,0184_Yubetsu-cho,8270,3947,4323,9231,-961,-10.41,91.30,505.79,16.4,3692,3678,14,3861,-169,-4.38,8270,8024,246
184,01_Hokkaido,1558,2000.0,01_Hokkaido,1559,0185_(Municipalities as of 2000) Kamiyubetsu-cho,4467,2079,2388,5031,-564,-11.21,87.06,161.39,27.7,2057,2049,8,2172,-115,-5.29,4467,4314,153
185,01_Hokkaido,1559,2000.0,01_Hokkaido,1559,0186_(Municipalities as of 2000) Yubetsu-cho,3803,1868,1935,4200,-397,-9.45,96.54,344.34,11.0,1635,1629,6,1689,-54,-3.20,3803,3710,93
186,01_Hokkaido,1560,2000.0,01_Hokkaido,1560,0187_Takinoue-cho,2421,1177,1244,2721,-300,-11.03,94.61,766.89,3.2,1201,1197,4,1295,-94,-7.26,2421,2271,150
187,01_Hokkaido,1561,2000.0,01_Hokkaido,1561,0188_Okoppe-cho,3628,1768,1860,3909,-281,-7.19,95.05,362.54,10.0,1725,1716,9,1757,-32,-1.82,3628,3592,36
188,01_Hokkaido,1562,2000.0,01_Hokkaido,1562,0189_Nishiokoppe-mura,1053,520,533,1116,-63,-5.65,97.56,308.08,3.4,499,491,8,501,-2,-0.40,1053,874,179
189,01_Hokkaido,1563,2000.0,01_Hokkaido,1563,0190_Oumu-cho,4199,1999,2200,4525,-326,-7.20,90.86,636.89,6.6,2052,2050,2,2062,-10,-0.48,4199,4127,72
190,01_Hokkaido,1564,,01_Hokkaido,1564,0191_Ozora-cho,6775,3287,3488,7360,-585,-7.95,94.24,343.66,19.7,2750,2738,12,2874,-124,-4.31,6775,6565,210
191,01_Hokkaido,1541,2000.0,01_Hokkaido,1564,0192_(Municipalities as of 2000) Higashimokoto-mura,2124,1011,1113,2312,-188,-8.13,90.84,184.38,11.5,862,856,6,912,-50,-5.48,2124,2028,96
192,01_Hokkaido,1542,2000.0,01_Hokkaido,1564,0193_(Municipalities as of 2000) Memambetsu-cho,4651,2276,2375,5048,-397,-7.86,95.83,159.24,29.2,1888,1882,6,1962,-74,-3.77,4651,4537,114
193,01_Hokkaido,1571,2000.0,01_Hokkaido,1571,0194_Toyoura-cho,3821,1781,2040,4291,-470,-10.95,87.30,233.57,16.4,1774,1754,20,1973,-199,-10.09,3821,3453,368
194,01_Hokkaido,1575,2000.0,01_Hokkaido,1575,0195_Sobetsu-cho,2743,1285,1458,2922,-179,-6.13,88.13,205.01,13.4,1170,1160,10,1168,2,0.17,2743,2285,458
195,01_Hokkaido,1578,2000.0,01_Hokkaido,1578,0196_Shiraoi-cho,16212,7706,8506,17740,-1528,-8.61,90.59,425.64,38.1,7688,7640,48,7955,-267,-3.36,16212,15139,1073
196,01_Hokkaido,1581,2000.0,01_Hokkaido,1581,0197_Atsuma-cho,4432,2249,2183,4838,-406,-8.39,103.02,404.61,11.0,1930,1924,6,2126,-196,-9.22,4432,4305,127
197,01_Hokkaido,1584,,01_Hokkaido,1584,0198_Toyako-cho,8442,3909,4533,9299,-857,-9.22,86.23,180.87,46.7,4030,4009,21,4240,-210,-4.95,8442,7809,633
198,01_Hokkaido,1572,2000.0,01_Hokkaido,1584,0199_(Municipalities as of 2000) Abuta-cho,6874,3173,3701,7648,-774,-10.12,85.73,66.85,102.8,3395,3378,17,3584,-189,-5.27,6874,6470,404
199,01_Hokkaido,1573,2000.0,01_Hokkaido,1584,0200_(Municipalities as of 2000) Toya-mura,1568,736,832,1651,-83,-5.03,88.46,113.69,13.8,635,631,4,656,-21,-3.20,1568,1339,229
200,01_Hokkaido,1585,,01_Hokkaido,1585,0201_Abira-cho,7340,3632,3708,8148,-808,-9.92,97.95,237.16,30.9,3451,3435,16,3651,-200,-5.48,7340,7033,307
201,01_Hokkaido,1579,2000.0,01_Hokkaido,1585,0202_(Municipalities as of 2000) Hayakita-cho,4358,2192,2166,4737,-379,-8.00,101.20,154.61,28.2,1955,1945,10,2042,-87,-4.26,4358,4119,239
202,01_Hokkaido,1580,2000.0,01_Hokkaido,1585,0203_(Municipalities as of 2000) Oiwake-cho,2982,1440,1542,3411,-429,-12.58,93.39,82.52,36.1,1496,1490,6,1609,-113,-7.02,2982,2914,68
203,01_Hokkaido,1586,,01_Hokkaido,1586,0204_Mukawa-cho,7651,3779,3872,8596,-945,-10.99,97.60,711.36,10.8,3647,3635,12,3784,-137,-3.62,7651,7336,315
204,01_Hokkaido,1582,2000.0,01_Hokkaido,1586,0205_(Municipalities as of 2000) Mukawa-cho,5253,2606,2647,5847,-594,-10.16,98.45,166.43,31.6,2539,2537,2,2575,-36,-1.40,5253,5150,103
205,01_Hokkaido,1583,2000.0,01_Hokkaido,1586,0206_(Municipalities as of 2000) Hobetsu-cho,2398,1173,1225,2749,-351,-12.77,95.76,546.48,4.4,1108,1098,10,1209,-101,-8.35,2398,2186,212
206,01_Hokkaido,1601,,01_Hokkaido,1601,0207_Hidaka-cho,11279,5712,5567,12378,-1099,-8.88,102.60,992.14,11.4,5552,5510,42,5781,-229,-3.96,11279,10886,393
207,01_Hokkaido,1601,2000.0,01_Hokkaido,1601,0208_(Municipalities as of 2000) Hidaka-cho,1347,703,644,1503,-156,-10.38,109.16,563.95,2.4,710,705,5,763,-53,-6.95,1347,1264,83
208,01_Hokkaido,1603,2000.0,01_Hokkaido,1601,0209_(Municipalities as of 2000) Mombetsu-cho,9932,5009,4923,10875,-943,-8.67,101.75,428.73,23.2,4842,4805,37,5018,-176,-3.51,9932,9622,310
209,01_Hokkaido,1602,2000.0,01_Hokkaido,1602,0210_Biratori-cho,4776,2395,2381,5315,-539,-10.14,100.59,743.09,6.4,2288,2167,121,2373,-85,-3.58,4776,4445,331
210,01_Hokkaido,1604,2000.0,01_Hokkaido,1604,0211_Niikappu-cho,5309,2603,2706,5592,-283,-5.06,96.19,585.81,9.1,2443,2416,27,2405,38,1.58,5309,5053,256
211,01_Hokkaido,1607,2000.0,01_Hokkaido,1607,0212_Urakawa-cho,12074,5975,6099,13075,-1001,-7.66,97.97,694.26,17.4,5936,5888,48,6178,-242,-3.92,12074,11504,570
212,01_Hokkaido,1608,2000.0,01_Hokkaido,1608,0213_Samani-cho,4043,1923,2120,4518,-475,-10.51,90.71,364.3,11.1,1913,1909,4,2044,-131,-6.41,4043,3956,87
213,01_Hokkaido,1609,2000.0,01_Hokkaido,1609,0214_Erimo-cho,4374,2230,2144,4906,-532,-10.84,104.01,284.0,15.4,1822,1815,7,1929,-107,-5.55,4374,4236,138
214,01_Hokkaido,1610,,01_Hokkaido,1610,0215_Shinhidaka-cho,21517,10473,11044,23231,-1714,-7.38,94.83,1147.55,18.8,10176,10119,57,10443,-267,-2.56,21517,20576,941
215,01_Hokkaido,1605,2000.0,01_Hokkaido,1610,0216_(Municipalities as of 2000) Shizunai-cho,18041,8816,9225,19298,-1257,-6.51,95.57,801.5,22.5,8619,8568,51,8796,-177,-2.01,18041,17202,839
216,01_Hokkaido,1606,2000.0,01_Hokkaido,1610,0217_(Municipalities as of 2000) Mitsuishi-cho,3476,1657,1819,3933,-457,-11.62,91.09,346.22,10.0,1557,1551,6,1647,-90,-5.46,3476,3374,102
217,01_Hokkaido,1631,2000.0,01_Hokkaido,1631,0218_Otofuke-cho,43576,20630,22946,44807,-1231,-2.75,89.91,466.02,93.5,18362,18302,60,18019,343,1.90,43576,42171,1405
218,01_Hokkaido,1632,2000.0,01_Hokkaido,1632,0219_Shihoro-cho,5848,2891,2957,6132,-284,-4.63,97.77,259.19,22.6,2524,2519,5,2479,45,1.82,5848,5665,183
219,01_Hokkaido,1633,2000.0,01_Hokkaido,1633,0220_Kamishihoro-cho,4778,2343,2435,4765,13,0.27,96.22,694.23,6.9,2350,2343,7,2177,173,7.95,4778,4640,138
220,01_Hokkaido,1634,2000.0,01_Hokkaido,1634,0221_Shikaoi-cho,5266,2572,2694,5542,-276,-4.98,95.47,402.88,13.1,2255,2245,10,2258,-3,-0.13,5266,5005,261
221,01_Hokkaido,1635,2000.0,01_Hokkaido,1635,0222_Shintoku-cho,5817,2900,2917,6288,-471,-7.49,99.42,1063.83,5.5,2883,2867,16,3043,-160,-5.26,5817,5492,325
222,01_Hokkaido,1636,2000.0,01_Hokkaido,1636,0223_Shimizu-cho,9094,4478,4616,9599,-505,-5.26,97.01,402.25,22.6,4166,4145,21,4131,35,0.85,9094,8637,457
223,01_Hokkaido,1637,2000.0,01_Hokkaido,1637,0224_Memuro-cho,18048,8612,9436,18484,-436,-2.36,91.27,513.76,35.1,7257,7230,27,7169,88,1.23,18048,17548,500
224,01_Hokkaido,1638,2000.0,01_Hokkaido,1638,0225_Nakasatsunai-mura,3884,1880,2004,3966,-82,-2.07,93.81,292.58,13.3,1684,1674,10,1609,75,4.66,3884,3625,259
225,01_Hokkaido,1639,2000.0,01_Hokkaido,1639,0226_Sarabetsu-mura,3080,1519,1561,3185,-105,-3.30,97.31,176.9,17.4,1311,1306,5,1239,72,5.81,3080,3005,75
226,01_Hokkaido,1641,2000.0,01_Hokkaido,1641,0227_Taiki-cho,5420,2714,2706,5738,-318,-5.54,100.30,815.68,6.6,2593,2587,6,2534,59,2.33,5420,5250,170
227,01_Hokkaido,1642,2000.0,01_Hokkaido,1642,0228_Hiroo-cho,6387,3096,3291,7030,-643,-9.15,94.07,596.54,10.7,2997,2984,13,3157,-160,-5.07,6387,6208,179
228,01_Hokkaido,1643,,01_Hokkaido,1643,0229_Makubetsu-cho,25766,12243,13523,26760,-994,-3.71,90.53,477.64,53.9,11029,10994,35,10944,85,0.78,25766,25040,726
229,01_Hokkaido,1640,2000.0,01_Hokkaido,1643,0230_(Municipalities as of 2000) Churui-mura,1427,698,729,1531,-104,-6.79,95.75,137.54,10.4,695,694,1,694,1,0.14,1427,1399,28
230,01_Hokkaido,1643,2000.0,01_Hokkaido,1643,0231_(Municipalities as of 2000) Makubetsu-cho,24339,11545,12794,25229,-890,-3.53,90.24,340.46,71.5,10334,10300,34,10250,84,0.82,24339,23641,698
231,01_Hokkaido,1644,2000.0,01_Hokkaido,1644,0232_Ikeda-cho,6294,2967,3327,6882,-588,-8.54,89.18,371.79,16.9,2974,2958,16,3044,-70,-2.30,6294,6125,169
232,01_Hokkaido,1645,2000.0,01_Hokkaido,1645,0233_Toyokoro-cho,3022,1478,1544,3182,-160,-5.03,95.73,536.71,5.6,1355,1353,2,1362,-7,-0.51,3022,2949,73
233,01_Hokkaido,1646,2000.0,01_Hokkaido,1646,0234_Hombetsu-cho,6618,3228,3390,7358,-740,-10.06,95.22,391.91,16.9,3108,3090,18,3260,-152,-4.66,6618,6314,304
234,01_Hokkaido,1647,2000.0,01_Hokkaido,1647,0235_Ashoro-cho,6563,3215,3348,6990,-427,-6.11,96.03,1408.04,4.7,3097,3085,12,3179,-82,-2.58,6563,6345,218
235,01_Hokkaido,1648,2000.0,01_Hokkaido,1648,0236_Rikubetsu-cho,2264,1138,1126,2482,-218,-8.78,101.07,608.9,3.7,1058,1045,13,1128,-70,-6.21,2264,2064,200
236,01_Hokkaido,1649,2000.0,01_Hokkaido,1649,0237_Urahoro-cho,4387,2138,2249,4919,-532,-10.82,95.06,729.85,6.0,1991,1985,6,2086,-95,-4.55,4387,4260,127
237,01_Hokkaido,1661,2000.0,01_Hokkaido,1661,0238_Kushiro-cho,19105,9101,10004,19833,-728,-3.67,90.97,252.66,75.6,8268,8241,27,8119,149,1.84,19105,18497,608
238,01_Hokkaido,1662,2000.0,01_Hokkaido,1662,0239_Akkeshi-cho,8892,4173,4719,9778,-886,-9.06,88.43,739.27,12.0,4021,4012,9,4115,-94,-2.28,8892,8757,135
239,01_Hokkaido,1663,2000.0,01_Hokkaido,1663,0240_Hamanaka-cho,5507,2726,2781,6061,-554,-9.14,98.02,423.63,13.0,2323,2319,4,2325,-2,-0.09,5507,5445,62
240,01_Hokkaido,1664,2000.0,01_Hokkaido,1664,0241_Shibecha-cho,7230,3471,3759,7742,-512,-6.61,92.34,1099.37,6.6,3248,3236,12,3281,-33,-1.01,7230,7058,172
241,01_Hokkaido,1665,2000.0,01_Hokkaido,1665,0242_Teshikaga-cho,6955,3314,3641,7758,-803,-10.35,91.02,774.33,9.0,3339,3324,15,3509,-170,-4.84,6955,6525,430
242,01_Hokkaido,1667,2000.0,01_Hokkaido,1667,0243_Tsurui-mura,2558,1254,1304,2534,24,0.95,96.17,571.8,4.5,1109,1101,8,1026,83,8.09,2558,2376,182
243,01_Hokkaido,1668,2000.0,01_Hokkaido,1668,0244_Shiranuka-cho,7289,3414,3875,8068,-779,-9.66,88.10,773.13,9.4,3457,3452,5,3609,-152,-4.21,7289,7175,114
244,01_Hokkaido,1691,2000.0,01_Hokkaido,1691,0245_Betsukai-cho,14380,7286,7094,15273,-893,-5.85,102.71,1319.63,10.9,6092,6068,24,5997,95,1.58,14380,13971,409
245,01_Hokkaido,1692,2000.0,01_Hokkaido,1692,0246_Nakashibetsu-cho,23010,11339,11671,23774,-764,-3.21,97.16,684.87,33.6,10577,10560,17,10437,140,1.34,23010,22550,460
246,01_Hokkaido,1693,2000.0,01_Hokkaido,1693,0247_Shibetsu-cho,5023,2465,2558,5242,-219,-4.18,96.36,624.69,8.0,2206,2190,16,2169,37,1.71,5023,4861,162
247,01_Hokkaido,1694,2000.0,01_Hokkaido,1694,0248_Rausu-cho,4722,2346,2376,5415,-693,-12.80,98.74,397.72,11.9,1958,1954,4,2101,-143,-6.81,4722,4656,66
248,02_Aomori-ken,2000,2000.0,02_Aomori-ken,2000,0249_Aomori-ken,1237984,583402,654582,1308265,-70281,-5.37,89.13,9645.64,128.3,511526,509649,1877,510945,581,0.11,1237984,1191534,46450
249,02_Aomori-ken,2201,,02_Aomori-ken,2201,0250_Aomori-shi,275192,128049,147143,287648,-12456,-4.33,87.02,824.61,333.7,118483,118067,416,118234,249,0.21,275192,264137,11055
250,02_Aomori-ken,2201,2000.0,02_Aomori-ken,2201,0251_(Municipalities as of 2000) Aomori-shi,258064,119995,138069,269435,-11371,-4.22,86.91,692.39,372.7,112323,111931,392,112143,180,0.16,258064,247712,10352
251,02_Aomori-ken,2364,2000.0,02_Aomori-ken,2201,0252_(Municipalities as of 2000) Namioka-machi,17128,8054,9074,18213,-1085,-5.96,88.76,132.13,129.6,6160,6136,24,6091,69,1.13,17128,16425,703
252,02_Aomori-ken,2202,,02_Aomori-ken,2202,0253_Hirosaki-shi,168466,77251,91215,177411,-8945,-5.04,84.69,524.2,321.4,71022,70743,279,71152,-130,-0.18,168466,161574,6892
253,02_Aomori-ken,2202,2000.0,02_Aomori-ken,2202,0254_(Municipalities as of 2000) Hirosaki-shi,155163,71163,84000,163343,-8180,-5.01,84.72,273.81,566.7,66643,66397,246,66885,-242,-0.36,155163,149085,6078
254,02_Aomori-ken,2341,2000.0,02_Aomori-ken,2202,0255_(Municipalities as of 2000) Iwaki-machi,10187,4657,5530,10780,-593,-5.50,84.21,146.25,69.7,3385,3359,26,3294,91,2.76,10187,9547,640
255,02_Aomori-ken,2342,2000.0,02_Aomori-ken,2202,0256_(Municipalities as of 2000) Soma-mura,3116,1431,1685,3288,-172,-5.23,84.93,103.54,30.1,994,987,7,973,21,2.16,3116,2942,174
256,02_Aomori-ken,2203,,02_Aomori-ken,2203,0257_Hachinohe-shi,223415,106818,116597,231257,-7842,-3.39,91.61,305.56,731.2,95671,95422,249,93750,1921,2.05,223415,216145,7270
257,02_Aomori-ken,2203,2000.0,02_Aomori-ken,2203,0258_(Municipalities as of 2000) Hachinohe-shi,218718,104564,114154,225926,-7208,-3.19,91.60,213.97,1022.2,93935,93693,242,91940,1995,2.17,218718,211688,7030
258,02_Aomori-ken,2448,2000.0,02_Aomori-ken,2203,0259_(Municipalities as of 2000) Nango-mura,4697,2254,2443,5331,-634,-11.89,92.26,91.13,51.5,1736,1729,7,1810,-74,-4.09,4697,4457,240
259,02_Aomori-ken,2204,2000.0,02_Aomori-ken,2204,0260_Kuroishi-shi,31946,14789,17157,34284,-2338,-6.82,86.20,217.05,147.2,11661,11618,43,11770,-109,-0.93,31946,30863,1083
260,02_Aomori-ken,2205,,02_Aomori-ken,2205,0261_Goshogawara-shi,51415,23252,28163,55181,-3766,-6.82,82.56,404.2,127.2,20908,20797,111,21143,-235,-1.11,51415,49305,2110
261,02_Aomori-ken,2205,2000.0,02_Aomori-ken,2205,0262_(Municipalities as of 2000) Goshogawara-shi,41926,18975,22951,44446,-2520,-5.67,82.68,166.86,251.3,17139,17052,87,17104,35,0.20,41926,40360,1566
262,02_Aomori-ken,2382,2000.0,02_Aomori-ken,2205,0263_(Municipalities as of 2000) Kanagi-machi,7699,3449,4250,8679,-980,-11.29,81.15,125.97,61.1,3018,2996,22,3218,-200,-6.22,7699,7203,496
263,02_Aomori-ken,2385,2000.0,02_Aomori-ken,2205,0264_(Municipalities as of 2000) Shiura-mura,1790,828,962,2056,-266,-12.94,86.07,111.75,16.0,751,749,2,821,-70,-8.53,1790,1742,48
264,02_Aomori-ken,2206,,02_Aomori-ken,2206,0265_Towada-shi,60378,28685,31693,63429,-3051,-4.81,90.51,725.65,83.2,25540,25462,78,25487,53,0.21,60378,57912,2466
265,02_Aomori-ken,2206,2000.0,02_Aomori-ken,2206,0266_(Municipalities as of 2000) Towada-shi,56695,26914,29781,59166,-2471,-4.18,90.37,316.79,179.0,24141,24068,73,23995,146,0.61,56695,54318,2377
266,02_Aomori-ken,2404,2000.0,02_Aomori-ken,2206,0267_(Municipalities as of 2000) Towadako-machi,3683,1771,1912,4263,-580,-13.61,92.63,371.81,9.9,1399,1394,5,1492,-93,-6.23,3683,3594,89
267,02_Aomori-ken,2207,2000.0,02_Aomori-ken,2207,0268_Misawa-shi,39152,19602,19550,40196,-1044,-2.60,100.27,119.87,326.6,17252,17164,88,16367,885,5.41,39152,37416,1736
268,02_Aomori-ken,2208,,02_Aomori-ken,2208,0269_Mutsu-shi,54103,26104,27999,58493,-4390,-7.51,93.23,864.12,62.6,24077,23996,81,24475,-398,-1.63,54103,51720,2383
269,02_Aomori-ken,2208,2000.0,02_Aomori-ken,2208,0270_(Municipalities as of 2000) Mutsu-shi,43574,21297,22277,46220,-2646,-5.72,95.60,245.88,177.2,19375,19304,71,19348,27,0.14,43574,41450,2124
270,02_Aomori-ken,2421,2000.0,02_Aomori-ken,2208,0271_(Municipalities as of 2000) Kawauchi-machi,3332,1570,1762,3906,-574,-14.70,89.10,323.66,10.3,1469,1465,4,1627,-158,-9.71,3332,3228,104
271,02_Aomori-ken,2422,2000.0,02_Aomori-ken,2208,0272_(Municipalities as of 2000) Ohata-machi,5976,2695,3281,6844,-868,-12.68,82.14,235.59,25.4,2625,2620,5,2810,-185,-6.58,5976,5855,121
272,02_Aomori-ken,2427,2000.0,02_Aomori-ken,2208,0273_(Municipalities as of 2000) Wakinosawa-mura,1221,542,679,1523,-302,-19.83,79.82,58.59,20.8,608,607,1,690,-82,-11.88,1221,1187,34
273,02_Aomori-ken,2209,,02_Aomori-ken,2209,0274_Tsugaru-shi,30934,14363,16571,33316,-2382,-7.15,86.68,253.55,122.0,10823,10764,59,10984,-161,-1.47,30934,29575,1359
274,02_Aomori-ken,2322,2000.0,02_Aomori-ken,2209,0275_(Municipalities as of 2000) Kizukuri-machi,14270,6563,7707,15380,-1110,-7.22,85.16,120.07,118.8,5051,5037,14,5108,-57,-1.12,14270,13685,585
275,02_Aomori-ken,2324,2000.0,02_Aomori-ken,2209,0276_(Municipalities as of 2000) Morita-mura,3918,1848,2070,4301,-383,-8.90,89.28,24.12,162.4,1356,1329,27,1381,-25,-1.81,3918,3600,318
276,02_Aomori-ken,2326,2000.0,02_Aomori-ken,2209,0277_(Municipalities as of 2000) Kashiwa-mura,5122,2356,2766,5076,46,0.91,85.18,14.32,357.7,1806,1800,6,1739,67,3.85,5122,4976,146
277,02_Aomori-ken,2327,2000.0,02_Aomori-ken,2209,0278_(Municipalities as of 2000) Inagaki-mura,3493,1580,1913,3926,-433,-11.03,82.59,33.17,105.3,1190,1188,2,1250,-60,-4.80,3493,3445,48
278,02_Aomori-ken,2328,2000.0,02_Aomori-ken,2209,0279_(Municipalities as of 2000) Shariki-mura,4131,2016,2115,4633,-502,-10.84,95.32,62.17,66.4,1420,1410,10,1506,-86,-5.71,4131,3869,262
279,02_Aomori-ken,2210,,02_Aomori-ken,2210,0280_Hirakawa-shi,30567,14188,16379,32106,-1539,-4.79,86.62,346.01,88.3,10049,10015,34,10129,-80,-0.79,30567,29554,1013
280,02_Aomori-ken,2363,2000.0,02_Aomori-ken,2210,0281_(Municipalities as of 2000) Onoe-machi,9063,4200,4863,9492,-429,-4.52,86.37,18.87,480.3,2904,2891,13,2894,10,0.35,9063,8686,377
281,02_Aomori-ken,2365,2000.0,02_Aomori-ken,2210,0282_(Municipalities as of 2000) Hiraka-machi,19320,9016,10304,20100,-780,-3.88,87.50,221.61,87.2,6312,6295,17,6325,-13,-0.21,19320,18797,523
282,02_Aomori-ken,2368,2000.0,02_Aomori-ken,2210,0283_(Municipalities as of 2000) Ikarigaseki-mura,2184,972,1212,2514,-330,-13.13,80.20,105.33,20.7,833,829,4,910,-77,-8.46,2184,2071,113
283,02_Aomori-ken,2301,2000.0,02_Aomori-ken,2301,0284_Hiranai-machi,10126,4818,5308,11142,-1016,-9.12,90.77,217.09,46.6,3796,3783,13,3971,-175,-4.41,10126,9638,488
284,02_Aomori-ken,2303,2000.0,02_Aomori-ken,2303,0285_Imabetsu-machi,2334,1119,1215,2756,-422,-15.31,92.10,125.27,18.6,1127,1124,3,1277,-150,-11.75,2334,2241,93
285,02_Aomori-ken,2304,2000.0,02_Aomori-ken,2304,0286_Yomogita-mura,2540,1211,1329,2896,-356,-12.29,91.12,80.84,31.4,899,893,6,959,-60,-6.26,2540,2436,104
286,02_Aomori-ken,2307,,02_Aomori-ken,2307,0287_Sotogahama-machi,5401,2527,2874,6198,-797,-12.86,87.93,230.3,23.5,2358,2338,20,2577,-219,-8.50,5401,5046,355
287,02_Aomori-ken,2302,2000.0,02_Aomori-ken,2307,0288_(Municipalities as of 2000) Kanita-machi,2610,1181,1429,2978,-368,-12.36,82.65,116.39,22.4,1072,1067,5,1180,-108,-9.15,2610,2497,113
288,02_Aomori-ken,2305,2000.0,02_Aomori-ken,2307,0289_(Municipalities as of 2000) Tairadate-mura,1347,663,684,1577,-230,-14.58,96.93,48.19,28.0,579,568,11,619,-40,-6.46,1347,1189,158
289,02_Aomori-ken,2306,2000.0,02_Aomori-ken,2307,0290_(Municipalities as of 2000) Minmaya-mura,1444,683,761,1643,-199,-12.11,89.75,65.27,22.1,707,703,4,778,-71,-9.13,1444,1360,84
290,02_Aomori-ken,2321,2000.0,02_Aomori-ken,2321,0291_Ajigasawa-machi,9044,4145,4899,10126,-1082,-10.69,84.61,343.08,26.4,3643,3626,17,3851,-208,-5.40,9044,8694,350
291,02_Aomori-ken,2323,,02_Aomori-ken,2323,0292_Fukaura-machi,7346,3397,3949,8429,-1083,-12.85,86.02,488.9,15.0,3047,3030,17,3304,-257,-7.78,7346,6984,362
292,02_Aomori-ken,2323,2000.0,02_Aomori-ken,2323,0293_(Municipalities as of 2000) Fukaura-machi,5660,2630,3030,6441,-781,-12.13,86.80,315.19,18.0,2277,2265,12,2442,-165,-6.76,5660,5369,291
293,02_Aomori-ken,2325,2000.0,02_Aomori-ken,2323,0294_(Municipalities as of 2000) Iwasaki-mura,1686,767,919,1988,-302,-15.19,83.46,173.58,9.7,770,765,5,862,-92,-10.67,1686,1615,71
294,02_Aomori-ken,2343,2000.0,02_Aomori-ken,2343,0295_Nishimeya-mura,1265,589,676,1415,-150,-10.60,87.13,246.02,5.1,437,435,2,488,-51,-10.45,1265,1220,45
295,02_Aomori-ken,2361,,02_Aomori-ken,2361,0296_Fujisaki-machi,14573,6748,7825,15179,-606,-3.99,86.24,37.29,390.8,4965,4938,27,4942,23,0.47,14573,14138,435
296,02_Aomori-ken,2361,2000.0,02_Aomori-ken,2361,0297_(Municipalities as of 2000) Fujisaki-machi,8655,3993,4662,9049,-394,-4.35,85.65,22.01,393.2,3011,3001,10,2987,24,0.80,8655,8459,196
297,02_Aomori-ken,2366,2000.0,02_Aomori-ken,2361,0298_(Municipalities as of 2000) Tokiwa-mura,5918,2755,3163,6130,-212,-3.46,87.10,15.19,389.6,1954,1937,17,1955,-1,-0.05,5918,5679,239
298,02_Aomori-ken,2362,2000.0,02_Aomori-ken,2362,0299_Owani-machi,8665,3934,4731,9676,-1011,-10.45,83.15,163.43,53.0,3228,3211,17,3421,-193,-5.64,8665,8353,312
299,02_Aomori-ken,2367,2000.0,02_Aomori-ken,2367,0300_Inakadate-mura,7326,3425,3901,7783,-457,-5.87,87.80,22.35,327.8,2401,2393,8,2382,19,0.80,7326,7170,156
300,02_Aomori-ken,2381,2000.0,02_Aomori-ken,2381,0301_Itayanagi-machi,12700,5806,6894,13935,-1235,-8.86,84.22,41.88,303.2,4476,4459,17,4680,-204,-4.36,12700,12341,359
301,02_Aomori-ken,2384,2000.0,02_Aomori-ken,2384,0302_Tsuruta-machi,12074,5553,6521,13392,-1318,-9.84,85.16,46.43,260.0,4256,4233,23,4384,-128,-2.92,12074,11611,463
302,02_Aomori-ken,2387,,02_Aomori-ken,2387,0303_Nakadomari-machi,9657,4432,5225,11187,-1530,-13.68,84.82,216.34,44.6,3870,3855,15,4118,-248,-6.02,9657,9387,270
303,02_Aomori-ken,2383,2000.0,02_Aomori-ken,2387,0304_(Municipalities as of 2000) Nakasato-machi,7250,3313,3937,8307,-1057,-12.72,84.15,151.63,47.8,2767,2754,13,2894,-127,-4.39,7250,6997,253
304,02_Aomori-ken,2386,2000.0,02_Aomori-ken,2387,0305_(Municipalities as of 2000) Kodomari-mura,2407,1119,1288,2880,-473,-16.42,86.88,64.58,37.3,1103,1101,2,1224,-121,-9.89,2407,2390,17
305,02_Aomori-ken,2401,2000.0,02_Aomori-ken,2401,0306_Noheji-machi,12374,5776,6598,13524,-1150,-8.50,87.54,81.68,151.5,5433,5414,19,5565,-132,-2.37,12374,11957,417
306,02_Aomori-ken,2402,,02_Aomori-ken,2402,0307_Shichinohe-machi,14556,6964,7592,15709,-1153,-7.34,91.73,337.23,43.2,5447,5424,23,5572,-125,-2.24,14556,13729,827
307,02_Aomori-ken,2402,2000.0,02_Aomori-ken,2402,0308_(Municipalities as of 2000) Shichinohe-machi,8166,3886,4280,8704,-538,-6.18,90.79,134.64,60.7,3168,3149,19,3257,-89,-2.73,8166,7628,538
308,02_Aomori-ken,2409,2000.0,02_Aomori-ken,2402,0309_(Municipalities as of 2000) Temmabayashi-mura,6390,3078,3312,7005,-615,-8.78,92.93,202.59,31.5,2279,2275,4,2315,-36,-1.56,6390,6101,289
309,02_Aomori-ken,2405,2000.0,02_Aomori-ken,2405,0310_Rokunohe-machi,10447,5084,5363,10423,24,0.23,94.80,83.89,124.5,3840,3829,11,3570,270,7.56,10447,10207,240
310,02_Aomori-ken,2406,2000.0,02_Aomori-ken,2406,0311_Yokohama-machi,4229,2071,2158,4535,-306,-6.75,95.97,126.38,33.5,1813,1809,4,1785,28,1.57,4229,4059,170
311,02_Aomori-ken,2408,,02_Aomori-ken,2408,0312_Tohoku-machi,16428,7846,8582,17955,-1527,-8.50,91.42,326.5,50.3,5871,5833,38,5974,-103,-1.72,16428,15521,907
312,02_Aomori-ken,2407,2000.0,02_Aomori-ken,2408,0313_(Municipalities as of 2000) Kamikita-machi,8368,3985,4383,9035,-667,-7.38,90.92,119.48,70.0,2959,2936,23,2990,-31,-1.04,8368,7810,558
313,02_Aomori-ken,2408,2000.0,02_Aomori-ken,2408,0314_(Municipalities as of 2000) Tohoku-machi,8060,3861,4199,8920,-860,-9.64,91.95,207.23,38.9,2912,2897,15,2984,-72,-2.41,8060,7711,349
314,02_Aomori-ken,2411,2000.0,02_Aomori-ken,2411,0315_Rokkasho-mura,10367,5910,4457,10536,-169,-1.60,132.60,252.68,41.0,5194,5167,27,4683,511,10.91,10367,10169,198
315,02_Aomori-ken,2412,,02_Aomori-ken,2412,0316_Oirase-cho,24273,11627,12646,24222,51,0.21,91.94,71.96,337.3,9258,9243,15,8658,600,6.93,24273,23887,386
316,02_Aomori-ken,2403,2000.0,02_Aomori-ken,2412,0317_(Municipalities as of 2000) Momoishi-machi,8548,4070,4478,9000,-452,-5.02,90.89,21.44,398.7,3283,3279,4,3202,81,2.53,8548,8415,133
317,02_Aomori-ken,2410,2000.0,02_Aomori-ken,2412,0318_(Municipalities as of 2000) Shimoda-machi,15725,7557,8168,15222,503,3.30,92.52,50.44,311.8,5975,5964,11,5456,519,9.51,15725,15472,253
318,02_Aomori-ken,2423,2000.0,02_Aomori-ken,2423,0319_Oma-machi,4718,2375,2343,5227,-509,-9.74,101.37,52.1,90.6,2090,2086,4,2152,-62,-2.88,4718,4594,124
319,02_Aomori-ken,2424,2000.0,02_Aomori-ken,2424,0320_Higashidoori-mura,5955,3162,2793,6607,-652,-9.87,113.21,295.27,20.2,2559,2546,13,2578,-19,-0.74,5955,5807,148
320,02_Aomori-ken,2425,2000.0,02_Aomori-ken,2425,0321_Kazamaura-mura,1636,779,857,1976,-340,-17.21,90.90,69.55,23.5,750,748,2,823,-73,-8.87,1636,1618,18
321,02_Aomori-ken,2426,2000.0,02_Aomori-ken,2426,0322_Sai-mura,1788,883,905,2148,-360,-16.76,97.57,135.04,13.2,826,823,3,906,-80,-8.83,1788,1728,60
322,02_Aomori-ken,2441,2000.0,02_Aomori-ken,2441,0323_Sannohe-machi,9082,4288,4794,10135,-1053,-10.39,89.45,151.79,59.8,3566,3559,7,3756,-190,-5.06,9082,8891,191
323,02_Aomori-ken,2442,,02_Aomori-ken,2442,0324_Gonohe-machi,16042,7676,8366,17433,-1391,-7.98,91.75,177.67,90.3,6059,6040,19,6123,-64,-1.05,16042,15635,407
324,02_Aomori-ken,2442,2000.0,02_Aomori-ken,2442,0325_(Municipalities as of 2000) Gonohe-machi,13459,6468,6991,14560,-1101,-7.56,92.52,122.14,110.2,5165,5152,13,5221,-56,-1.07,13459,13197,262
325,02_Aomori-ken,2449,2000.0,02_Aomori-ken,2442,0326_(Municipalities as of 2000) Kuraishi-mura,2583,1208,1375,2873,-290,-10.09,87.85,55.68,46.4,894,888,6,902,-8,-0.89,2583,2438,145
326,02_Aomori-ken,2443,2000.0,02_Aomori-ken,2443,0327_Takko-machi,4968,2376,2592,5554,-586,-10.55,91.67,241.98,20.5,1918,1909,9,2006,-88,-4.39,4968,4845,123
327,02_Aomori-ken,2445,,02_Aomori-ken,2445,0328_Nambu-cho,16809,7884,8925,18312,-1503,-8.21,88.34,153.12,109.8,6263,6232,31,6419,-156,-2.43,16809,16149,660
328,02_Aomori-ken,2444,2000.0,02_Aomori-ken,2445,0329_(Municipalities as of 2000) Nagawa-machi,6761,3204,3557,7360,-599,-8.14,90.08,83.45,81.0,2468,2452,16,2541,-73,-2.87,6761,6473,288
329,02_Aomori-ken,2445,2000.0,02_Aomori-ken,2445,0330_(Municipalities as of 2000) Nambu-machi,4325,2037,2288,4862,-537,-11.04,89.03,29.58,146.2,1691,1684,7,1786,-95,-5.32,4325,4187,138
330,02_Aomori-ken,2447,2000.0,02_Aomori-ken,2445,0331_(Municipalities as of 2000) Fukuchi-mura,5723,2643,3080,6090,-367,-6.03,85.81,40.18,142.4,2104,2096,8,2092,12,0.57,5723,5489,234
331,02_Aomori-ken,2446,2000.0,02_Aomori-ken,2446,0332_Hashikami-cho,13496,6827,6669,14025,-529,-3.77,102.37,94.0,143.6,5862,5836,26,5699,163,2.86,13496,13157,339
332,02_Aomori-ken,2450,2000.0,02_Aomori-ken,2450,0333_Shingo-mura,2197,1069,1128,2509,-312,-12.44,94.77,150.77,14.6,788,785,3,831,-43,-5.17,2197,2121,76
333,03_Iwate-ken,3000,2000.0,03_Iwate-ken,3000,0334_Iwate-ken,1210534,582952,627582,1279594,-69060,-5.40,92.89,15275.01,79.2,492436,490828,1608,493049,-613,-0.12,1210534,1174106,36428
334,03_Iwate-ken,3201,,03_Iwate-ken,3201,0335_Morioka-shi,289731,136919,152812,297631,-7900,-2.65,89.60,886.47,326.8,131110,130755,355,129718,1392,1.07,289731,280682,9049
335,03_Iwate-ken,3201,2000.0,03_Iwate-ken,3201,0336_(Municipalities as of 2000) Morioka-shi,278398,131484,146914,285480,-7082,-2.48,89.50,489.15,569.1,127010,126667,343,125671,1339,1.07,278398,269928,8470
336,03_Iwate-ken,3307,2000.0,03_Iwate-ken,3201,0337_(Municipalities as of 2000) Tamayama-mura,11333,5435,5898,12151,-818,-6.73,92.15,397.32,28.5,4100,4088,12,4047,53,1.31,11333,10754,579
337,03_Iwate-ken,3202,,03_Iwate-ken,3202,0338_Miyako-shi,50369,24381,25988,56676,-6307,-11.13,93.82,1259.15,40.0,21289,21152,137,23387,-2098,-8.97,50369,48401,1968
338,03_Iwate-ken,3202,2000.0,03_Iwate-ken,3202,0339_(Municipalities as of 2000) Miyako-shi,43162,20836,22326,48051,-4889,-10.17,93.33,339.44,127.2,18362,18292,70,19776,-1414,-7.15,43162,41571,1591
339,03_Iwate-ken,3481,2000.0,03_Iwate-ken,3202,0340_(Municipalities as of 2000) Taro-cho,2729,1331,1398,3172,-443,-13.97,95.21,101.05,27.0,1036,1031,5,1292,-256,-19.81,2729,2617,112
340,03_Iwate-ken,3486,2000.0,03_Iwate-ken,3202,0341_(Municipalities as of 2000) Niisato-mura,2419,1185,1234,2852,-433,-15.18,96.03,256.29,9.4,939,927,12,1118,-179,-16.01,2419,2299,120
341,03_Iwate-ken,3487,2000.0,03_Iwate-ken,3202,0342_(Municipalities as of 2000) Kawai-mura,2059,1029,1030,2601,-542,-20.84,99.90,563.07,3.7,952,902,50,1201,-249,-20.73,2059,1914,145
342,03_Iwate-ken,3203,,03_Iwate-ken,3203,0343_Ofunato-shi,34728,16679,18049,38058,-3330,-8.75,92.41,322.51,107.7,14124,14078,46,14807,-683,-4.61,34728,33986,742
343,03_Iwate-ken,3203,2000.0,03_Iwate-ken,3203,0344_(Municipalities as of 2000) Ofunato-shi,29171,13985,15186,31762,-2591,-8.16,92.09,186.06,156.8,12138,12098,40,12575,-437,-3.48,29171,28575,596
344,03_Iwate-ken,3442,2000.0,03_Iwate-ken,3203,0345_(Municipalities as of 2000) Sanriku-cho,5557,2694,2863,6296,-739,-11.74,94.10,137.13,40.5,1986,1980,6,2232,-246,-11.02,5557,5411,146
345,03_Iwate-ken,3205,,03_Iwate-ken,3205,0346_Hanamaki-shi,93193,44423,48770,97702,-4509,-4.62,91.09,908.39,102.6,34724,34604,120,33799,925,2.74,93193,90051,3142
346,03_Iwate-ken,3205,2000.0,03_Iwate-ken,3205,0347_(Municipalities as of 2000) Hanamaki-shi,67147,32109,35038,69234,-2087,-3.01,91.64,385.4,174.2,25860,25788,72,24859,1001,4.03,67147,65130,2017
347,03_Iwate-ken,3341,2000.0,03_Iwate-ken,3205,0348_(Municipalities as of 2000) Ohasama-machi,4686,2230,2456,5331,-645,-12.10,90.80,246.84,19.0,1667,1663,4,1738,-71,-4.09,4686,4499,187
348,03_Iwate-ken,3342,2000.0,03_Iwate-ken,3205,0349_(Municipalities as of 2000) Ishidoriya-cho,13484,6344,7140,14383,-899,-6.25,88.85,118.57,113.7,4457,4423,34,4390,67,1.53,13484,12723,761
349,03_Iwate-ken,3361,2000.0,03_Iwate-ken,3205,0350_(Municipalities as of 2000) Towa-cho,7876,3740,4136,8754,-878,-10.03,90.43,157.51,50.0,2740,2730,10,2812,-72,-2.56,7876,7699,177
350,03_Iwate-ken,3206,2000.0,03_Iwate-ken,3206,0351_Kitakami-shi,93045,46852,46193,93511,-466,-0.50,101.43,437.55,212.6,38915,38808,107,35861,3054,8.52,93045,91515,1530
351,03_Iwate-ken,3207,,03_Iwate-ken,3207,0352_Kuji-shi,33043,15883,17160,35642,-2599,-7.29,92.56,623.5,53.0,14122,14083,39,14256,-134,-0.94,33043,32044,999
352,03_Iwate-ken,3207,2000.0,03_Iwate-ken,3207,0353_(Municipalities as of 2000) Kuji-shi,30830,14832,15998,33117,-2287,-6.91,92.71,327.62,94.1,13249,13212,37,13306,-57,-0.43,30830,29902,928
353,03_Iwate-ken,3504,2000.0,03_Iwate-ken,3207,0354_(Municipalities as of 2000) Yamagata-mura,2213,1051,1162,2525,-312,-12.36,90.45,295.49,7.5,873,871,2,950,-77,-8.11,2213,2142,71
354,03_Iwate-ken,3208,,03_Iwate-ken,3208,0355_Tono-shi,25366,12222,13144,28062,-2696,-9.61,92.99,825.97,30.7,9622,9593,29,9973,-351,-3.52,25366,24665,701
355,03_Iwate-ken,3208,2000.0,03_Iwate-ken,3208,0356_(Municipalities as of 2000) Tono-shi,21452,10362,11090,23653,-2201,-9.31,93.44,660.38,32.5,8273,8248,25,8526,-253,-2.97,21452,20949,503
356,03_Iwate-ken,3462,2000.0,03_Iwate-ken,3208,0357_(Municipalities as of 2000) Miyamori-mura,3914,1860,2054,4409,-495,-11.23,90.56,165.24,23.7,1349,1345,4,1447,-98,-6.77,3914,3716,198
357,03_Iwate-ken,3209,,03_Iwate-ken,3209,0358_Ichinoseki-shi,111932,54254,57678,121583,-9651,-7.94,94.06,1256.42,89.1,42232,42092,140,43046,-814,-1.89,111932,108247,3685
358,03_Iwate-ken,3209,2000.0,03_Iwate-ken,3209,0359_(Municipalities as of 2000) Ichinoseki-shi,55942,26989,28953,58830,-2888,-4.91,93.22,410.23,136.4,22565,22485,80,22448,117,0.52,55942,53768,2174
359,03_Iwate-ken,3401,2000.0,03_Iwate-ken,3209,0360_(Municipalities as of 2000) Hanaizumi-machi,12167,5864,6303,13222,-1055,-7.98,93.04,126.83,95.9,4166,4158,8,4174,-8,-0.19,12167,11908,259
360,03_Iwate-ken,3421,2000.0,03_Iwate-ken,3209,0361_(Municipalities as of 2000) Daito-cho,12318,6007,6311,13977,-1659,-11.87,95.18,278.71,44.2,4506,4494,12,4740,-234,-4.94,12318,12032,286
361,03_Iwate-ken,3422,2000.0,03_Iwate-ken,3209,0362_(Municipalities as of 2000) Fujisawa-cho,7331,3621,3710,8235,-904,-10.98,97.60,123.15,59.5,2483,2468,15,2611,-128,-4.90,7331,7042,289
362,03_Iwate-ken,3423,2000.0,03_Iwate-ken,3209,0363_(Municipalities as of 2000) Senmaya-cho,10139,4997,5142,11653,-1514,-12.99,97.18,89.84,112.9,3737,3721,16,4084,-347,-8.50,10139,9864,275
363,03_Iwate-ken,3424,2000.0,03_Iwate-ken,3209,0364_(Municipalities as of 2000) Higashiyama-cho,6161,2962,3199,6816,-655,-9.61,92.59,87.72,70.2,2069,2064,5,2141,-72,-3.36,6161,5930,231
364,03_Iwate-ken,3425,2000.0,03_Iwate-ken,3209,0365_(Municipalities as of 2000) Murone-mura,4550,2175,2375,5173,-623,-12.04,91.58,97.28,46.8,1577,1576,1,1682,-105,-6.24,4550,4450,100
365,03_Iwate-ken,3426,2000.0,03_Iwate-ken,3209,0366_(Municipalities as of 2000) Kawasaki-mura,3324,1639,1685,3677,-353,-9.60,97.27,42.49,78.2,1129,1126,3,1166,-37,-3.17,3324,3253,71
366,03_Iwate-ken,3210,2000.0,03_Iwate-ken,3210,0367_Rikuzentakata-shi,18262,8831,9431,19758,-1496,-7.57,93.64,231.94,78.7,7142,7117,25,7487,-345,-4.61,18262,17664,598
367,03_Iwate-ken,3211,2000.0,03_Iwate-ken,3211,0368_Kamaishi-shi,32078,15369,16709,36802,-4724,-12.84,91.98,440.35,72.8,14725,14684,41,16860,-2135,-12.66,32078,30928,1150
368,03_Iwate-ken,3213,,03_Iwate-ken,3213,0369_Ninohe-shi,25513,11993,13520,27611,-2098,-7.60,88.71,420.42,60.7,10555,10519,36,10670,-115,-1.08,25513,24739,774
369,03_Iwate-ken,3213,2000.0,03_Iwate-ken,3213,0370_(Municipalities as of 2000) Ninohe-shi,21920,10281,11639,23545,-1625,-6.90,88.33,240.61,91.1,9225,9191,34,9292,-67,-0.72,21920,21215,705
370,03_Iwate-ken,3521,2000.0,03_Iwate-ken,3213,0371_(Municipalities as of 2000) Joboji-machi,3593,1712,1881,4066,-473,-11.63,91.02,179.7,20.0,1330,1328,2,1378,-48,-3.48,3593,3524,69
371,03_Iwate-ken,3214,,03_Iwate-ken,3214,0372_Hachimantai-shi,24023,11509,12514,26355,-2332,-8.85,91.97,862.3,27.9,9152,9118,34,9429,-277,-2.94,24023,23237,786
372,03_Iwate-ken,3304,2000.0,03_Iwate-ken,3214,0373_(Municipalities as of 2000) Nishine-cho,14629,7044,7585,15862,-1233,-7.77,92.87,167.16,87.5,5536,5514,22,5672,-136,-2.40,14629,14304,325
373,03_Iwate-ken,3306,2000.0,03_Iwate-ken,3214,0374_(Municipalities as of 2000) Matsuo-mura,5342,2536,2806,5850,-508,-8.68,90.38,234.85,22.7,1980,1973,7,2019,-39,-1.93,5342,5040,302
374,03_Iwate-ken,3523,2000.0,03_Iwate-ken,3214,0375_(Municipalities as of 2000) Ashiro-cho,4052,1929,2123,4643,-591,-12.73,90.86,460.24,8.8,1636,1631,5,1738,-102,-5.87,4052,3893,159
375,03_Iwate-ken,3215,,03_Iwate-ken,3215,0376_Oshu-shi,112937,54840,58097,119422,-6485,-5.43,94.39,993.3,113.7,42371,42241,130,41726,645,1.55,112937,109789,3148
376,03_Iwate-ken,3204,2000.0,03_Iwate-ken,3215,0377_(Municipalities as of 2000) Mizusawa-shi,54787,26405,28382,56995,-2208,-3.87,93.03,96.92,565.3,22318,22246,72,21817,501,2.30,54787,53100,1687
377,03_Iwate-ken,3212,2000.0,03_Iwate-ken,3215,0378_(Municipalities as of 2000) Esashi-shi,26945,13264,13681,28864,-1919,-6.65,96.95,362.5,74.3,9852,9829,23,9697,155,1.60,26945,26374,571
378,03_Iwate-ken,3382,2000.0,03_Iwate-ken,3215,0379_(Municipalities as of 2000) Maesawa-cho,12933,6298,6635,13788,-855,-6.20,94.92,72.34,178.8,4336,4319,17,4281,55,1.28,12933,12411,522
379,03_Iwate-ken,3383,2000.0,03_Iwate-ken,3215,0380_(Municipalities as of 2000) Isawa-cho,14536,7068,7468,15547,-1011,-6.50,94.64,298.02,48.8,4676,4661,15,4668,8,0.17,14536,14265,271
380,03_Iwate-ken,3384,2000.0,03_Iwate-ken,3215,0381_(Municipalities as of 2000) Koromogawa-mura,3736,1805,1931,4228,-492,-11.64,93.47,163.57,22.8,1189,1186,3,1263,-74,-5.86,3736,3639,97
381,03_Iwate-ken,3305,,03_Iwate-ken,3216,0382_Takizawa-shi,55579,27146,28433,55463,116,0.21,95.47,182.46,304.6,21709,21629,80,20787,922,4.44,55579,53793,1786
382,03_Iwate-ken,3305,2000.0,03_Iwate-ken,3216,0383_(Municipalities as of 2000) Takizawa-mura,55579,27146,28433,55463,116,0.21,95.47,182.32,304.8,21709,21629,80,20787,922,4.44,55579,53793,1786
383,03_Iwate-ken,3301,2000.0,03_Iwate-ken,3301,0384_Shizukuishi-cho,15731,7505,8226,16981,-1250,-7.36,91.24,608.82,25.8,5412,5399,13,5508,-96,-1.74,15731,15119,612
384,03_Iwate-ken,3302,2000.0,03_Iwate-ken,3302,0385_Kuzumaki-machi,5634,2731,2903,6344,-710,-11.19,94.08,434.96,13.0,2349,2342,7,2460,-111,-4.51,5634,5393,241
385,03_Iwate-ken,3303,2000.0,03_Iwate-ken,3303,0386_Iwate-machi,12285,5970,6315,13692,-1407,-10.28,94.54,360.46,34.1,4773,4761,12,4927,-154,-3.13,12285,12020,265
386,03_Iwate-ken,3321,2000.0,03_Iwate-ken,3321,0387_Shiwa-cho,32147,15390,16757,32614,-467,-1.43,91.84,238.98,134.5,11368,11352,16,10808,560,5.18,32147,31636,511
387,03_Iwate-ken,3322,2000.0,03_Iwate-ken,3322,0388_Yahaba-cho,28056,13337,14719,27678,378,1.37,90.61,67.32,416.8,10986,10956,30,9902,1084,10.95,28056,27024,1032
388,03_Iwate-ken,3366,,03_Iwate-ken,3366,0389_Nishiwaga-machi,5134,2380,2754,5880,-746,-12.69,86.42,590.74,8.7,1989,1977,12,2146,-157,-7.32,5134,4904,230
389,03_Iwate-ken,3363,2000.0,03_Iwate-ken,3366,0390_(Municipalities as of 2000) Yuda-machi,2572,1183,1389,2936,-364,-12.40,85.17,304.56,8.4,1051,1043,8,1150,-99,-8.61,2572,2413,159
390,03_Iwate-ken,3365,2000.0,03_Iwate-ken,3366,0391_(Municipalities as of 2000) Sawauchi-mura,2562,1197,1365,2944,-382,-12.98,87.69,286.22,9.0,938,934,4,996,-58,-5.82,2562,2491,71
391,03_Iwate-ken,3381,2000.0,03_Iwate-ken,3381,0392_Kanegasaki-cho,15535,8030,7505,15895,-360,-2.26,107.00,179.76,86.4,5923,5895,28,5556,367,6.61,15535,15047,488
392,03_Iwate-ken,3402,2000.0,03_Iwate-ken,3402,0393_Hiraizumi-cho,7252,3500,3752,7868,-616,-7.83,93.28,63.39,114.4,2409,2399,10,2478,-69,-2.78,7252,7027,225
393,03_Iwate-ken,3441,2000.0,03_Iwate-ken,3441,0394_Sumita-cho,5045,2470,2575,5720,-675,-11.80,95.92,334.84,15.1,1981,1979,2,2117,-136,-6.42,5045,4966,79
394,03_Iwate-ken,3461,2000.0,03_Iwate-ken,3461,0395_Otsuchi-cho,11004,5234,5770,11759,-755,-6.42,90.71,200.42,54.9,4527,4522,5,4927,-400,-8.12,11004,10754,250
395,03_Iwate-ken,3482,2000.0,03_Iwate-ken,3482,0396_Yamada-machi,14320,6898,7422,15826,-1506,-9.52,92.94,262.81,54.5,5642,5633,9,6218,-576,-9.26,14320,14018,302
396,03_Iwate-ken,3483,2000.0,03_Iwate-ken,3483,0397_Iwaizumi-cho,8726,4327,4399,9841,-1115,-11.33,98.36,992.36,8.8,3957,3943,14,4174,-217,-5.20,8726,8435,291
397,03_Iwate-ken,3484,2000.0,03_Iwate-ken,3484,0398_Tanohata-mura,3059,1527,1532,3466,-407,-11.74,99.67,156.19,19.6,1233,1229,4,1292,-59,-4.57,3059,2954,105
398,03_Iwate-ken,3485,2000.0,03_Iwate-ken,3485,0399_Fudai-mura,2487,1244,1243,2795,-308,-11.02,100.08,69.66,35.7,1027,985,42,1103,-76,-6.89,2487,2351,136
399,03_Iwate-ken,3501,2000.0,03_Iwate-ken,3501,0400_Karumai-machi,8421,4090,4331,9333,-912,-9.77,94.44,245.82,34.3,3274,3269,5,3318,-44,-1.33,8421,8179,242
400,03_Iwate-ken,3503,2000.0,03_Iwate-ken,3503,0401_Noda-mura,3936,1863,2073,4149,-213,-5.13,89.87,80.8,48.7,1503,1499,4,1516,-13,-0.86,3936,3831,105
401,03_Iwate-ken,3506,2000.0,03_Iwate-ken,3506,0402_Kunohe-mura,5378,2556,2822,5865,-487,-8.30,90.57,134.02,40.1,1924,1919,5,1990,-66,-3.32,5378,5246,132
402,03_Iwate-ken,3507,,03_Iwate-ken,3507,0403_Hirono-cho,15091,7101,7990,16693,-1602,-9.60,88.87,302.92,49.8,5793,5775,18,5959,-166,-2.79,15091,14673,418
403,03_Iwate-ken,3502,2000.0,03_Iwate-ken,3507,0404_(Municipalities as of 2000) Taneichi-machi,10431,4852,5579,11434,-1003,-8.77,86.97,168.54,61.9,4023,4010,13,4098,-75,-1.83,10431,10115,316
404,03_Iwate-ken,3505,2000.0,03_Iwate-ken,3507,0405_(Municipalities as of 2000) Ono-mura,4660,2249,2411,5259,-599,-11.39,93.28,134.65,34.6,1770,1765,5,1861,-91,-4.89,4660,4558,102
405,03_Iwate-ken,3524,2000.0,03_Iwate-ken,3524,0406_Ichinohe-machi,11494,5498,5996,12919,-1425,-11.03,91.69,300.03,38.3,4574,4521,53,4844,-270,-5.57,11494,10788,706
406,04_Miyagi-ken,4000,2000.0,04_Miyagi-ken,4000,0407_Miyagi-ken,2301996,1122598,1179398,2333899,-31903,-1.37,95.18,7282.29,316.1,982523,980549,1974,944720,37803,4.00,2301996,2251390,50606
407,04_Miyagi-ken,4100,2000.0,04_Miyagi-ken,4100,0408_Sendai-shi,1096704,531617,565087,1082159,14545,1.34,94.08,786.35,1394.7,525455,524651,804,498953,26502,5.31,1096704,1072237,24467
408,04_Miyagi-ken,4101,2000.0,04_Miyagi-ken,4101,0409_Sendai-shi Aoba-ku,311590,150932,160658,310183,1407,0.45,93.95,302.24,1030.9,163122,162851,271,158562,4560,2.88,311590,303737,7853
409,04_Miyagi-ken,4102,2000.0,04_Miyagi-ken,4102,0410_Sendai-shi Miyagino-ku,196732,96341,100391,194825,1907,0.98,95.97,58.25,3377.4,95772,95623,149,90166,5606,6.22,196732,192131,4601
410,04_Miyagi-ken,4103,2000.0,04_Miyagi-ken,4103,0411_Sendai-shi Wakabayashi-ku,141475,69633,71842,133498,7977,5.98,96.93,50.86,2781.7,68527,68437,90,61963,6564,10.59,141475,138947,2528
411,04_Miyagi-ken,4104,2000.0,04_Miyagi-ken,4104,0412_Sendai-shi Taihaku-ku,234758,112968,121790,226855,7903,3.48,92.76,228.39,1027.9,105061,104900,161,98456,6605,6.71,234758,229186,5572
412,04_Miyagi-ken,4105,2000.0,04_Miyagi-ken,4105,0413_Sendai-shi Izumi-ku,212149,101743,110406,216798,-4649,-2.14,92.15,146.61,1447.0,92973,92840,133,89806,3167,3.53,212149,208236,3913
413,04_Miyagi-ken,4202,,04_Miyagi-ken,4202,0414_Ishinomaki-shi,140151,68338,71813,147214,-7063,-4.80,95.16,554.55,252.7,56768,56624,144,56819,-51,-0.09,140151,137201,2950
414,04_Miyagi-ken,4202,2000.0,04_Miyagi-ken,4202,0415_(Municipalities as of 2000) Ishinomaki-shi,99904,48687,51217,103088,-3184,-3.09,95.06,137.03,729.1,42930,42831,99,42374,556,1.31,99904,98035,1869
415,04_Miyagi-ken,4561,2000.0,04_Miyagi-ken,4202,0416_(Municipalities as of 2000) Kahoku-cho,9878,4809,5069,11097,-1219,-10.98,94.87,125.1,79.0,3416,3411,5,3619,-203,-5.61,9878,9734,144
416,04_Miyagi-ken,4563,2000.0,04_Miyagi-ken,4202,0417_(Municipalities as of 2000) Ogatsu-cho,1031,484,547,1021,10,0.98,88.48,46.09,22.4,465,463,2,433,32,7.39,1031,980,51
417,04_Miyagi-ken,4564,2000.0,04_Miyagi-ken,4202,0418_(Municipalities as of 2000) Kanan-cho,18481,8933,9548,19670,-1189,-6.04,93.56,69.33,266.6,6115,6087,28,6285,-170,-2.70,18481,17896,585
418,04_Miyagi-ken,4565,2000.0,04_Miyagi-ken,4202,0419_(Municipalities as of 2000) Mono-cho,6629,3282,3347,7460,-831,-11.14,98.06,43.81,151.3,2137,2134,3,2245,-108,-4.81,6629,6547,82
419,04_Miyagi-ken,4567,2000.0,04_Miyagi-ken,4202,0420_(Municipalities as of 2000) Kitakami-machi,2135,1045,1090,2430,-295,-12.14,95.87,60.98,35.0,691,689,2,726,-35,-4.82,2135,1995,140
420,04_Miyagi-ken,4582,2000.0,04_Miyagi-ken,4202,0421_(Municipalities as of 2000) Oshika-cho,2093,1098,995,2448,-355,-14.50,110.35,72.96,28.7,1014,1009,5,1137,-123,-10.82,2093,2014,79
421,04_Miyagi-ken,4203,2000.0,04_Miyagi-ken,4203,0422_Shiogama-shi,52203,24877,27326,54187,-1984,-3.66,91.04,17.37,3005.4,21193,21151,42,20519,674,3.28,52203,51286,917
422,04_Miyagi-ken,4205,,04_Miyagi-ken,4205,0423_Kesennuma-shi,61147,29905,31242,64988,-3841,-5.91,95.72,332.44,183.9,24520,24435,85,24152,368,1.52,61147,59507,1640
423,04_Miyagi-ken,4205,2000.0,04_Miyagi-ken,4205,0424_(Municipalities as of 2000) Kesennuma-shi,46207,22659,23548,48695,-2488,-5.11,96.22,184.35,250.6,19330,19265,65,18828,502,2.67,46207,45065,1142
424,04_Miyagi-ken,4603,2000.0,04_Miyagi-ken,4205,0425_(Municipalities as of 2000) Motoyoshi-cho,9294,4516,4778,10017,-723,-7.22,94.52,106.69,87.1,3244,3233,11,3285,-41,-1.25,9294,9032,262
425,04_Miyagi-ken,4604,2000.0,04_Miyagi-ken,4205,0426_(Municipalities as of 2000) Karakuwa-cho,5646,2730,2916,6276,-630,-10.04,93.62,42.28,133.5,1946,1937,9,2039,-93,-4.56,5646,5410,236
426,04_Miyagi-ken,4206,2000.0,04_Miyagi-ken,4206,0427_Shiroishi-shi,32758,15976,16782,35272,-2514,-7.13,95.20,286.48,114.3,12518,12472,46,12585,-67,-0.53,32758,31832,926
427,04_Miyagi-ken,4207,2000.0,04_Miyagi-ken,4207,0428_Natori-shi,78718,38567,40151,76668,2050,2.67,96.05,98.18,801.8,29739,29674,65,27529,2210,8.03,78718,77554,1164
428,04_Miyagi-ken,4208,2000.0,04_Miyagi-ken,4208,0429_Kakuda-shi,27976,13797,14179,30180,-2204,-7.30,97.31,147.53,189.6,10276,10251,25,10398,-122,-1.17,27976,27248,728
429,04_Miyagi-ken,4209,2000.0,04_Miyagi-ken,4209,0430_Tagajo-shi,62827,31359,31468,62096,731,1.18,99.65,19.69,3190.8,26347,26309,38,24097,2250,9.34,62827,61591,1236
430,04_Miyagi-ken,4211,2000.0,04_Miyagi-ken,4211,0431_Iwanuma-shi,44068,21684,22384,44678,-610,-1.37,96.87,60.45,729.0,17251,17223,28,16631,620,3.73,44068,43160,908
431,04_Miyagi-ken,4212,,04_Miyagi-ken,4212,0432_Tome-shi,76037,37163,38874,81959,-5922,-7.23,95.60,536.12,141.8,25697,25612,85,26196,-499,-1.90,76037,74236,1801
432,04_Miyagi-ken,4541,2000.0,04_Miyagi-ken,4212,0433_(Municipalities as of 2000) Hasama-cho,19741,9668,10073,21056,-1315,-6.25,95.98,70.27,280.9,7536,7514,22,7624,-88,-1.15,19741,19545,196
433,04_Miyagi-ken,4542,2000.0,04_Miyagi-ken,4212,0434_(Municipalities as of 2000) Toyoma-machi,4532,2167,2365,4788,-256,-5.35,91.63,45.67,99.2,1476,1471,5,1499,-23,-1.53,4532,4294,238
434,04_Miyagi-ken,4543,2000.0,04_Miyagi-ken,4212,0435_(Municipalities as of 2000) Towa-cho,5760,2835,2925,6557,-797,-12.15,96.92,140.9,40.9,2033,2022,11,2185,-152,-6.96,5760,5541,219
435,04_Miyagi-ken,4544,2000.0,04_Miyagi-ken,4212,0436_(Municipalities as of 2000) Nakada-cho,15243,7418,7825,15721,-478,-3.04,94.80,62.23,244.9,4992,4974,18,4796,196,4.09,15243,14871,372
436,04_Miyagi-ken,4545,2000.0,04_Miyagi-ken,4212,0437_(Municipalities as of 2000) Toyosato-cho,6332,3102,3230,6704,-372,-5.55,96.04,32.85,192.8,2033,2026,7,2046,-13,-0.64,6332,6167,165
437,04_Miyagi-ken,4546,2000.0,04_Miyagi-ken,4212,0438_(Municipalities as of 2000) Yoneyama-cho,8528,4210,4318,9295,-767,-8.25,97.50,51.19,166.6,2584,2577,7,2635,-51,-1.94,8528,8383,145
438,04_Miyagi-ken,4547,2000.0,04_Miyagi-ken,4212,0439_(Municipalities as of 2000) Ishikoshi-machi,4588,2270,2318,5100,-512,-10.04,97.93,24.87,184.5,1454,1448,6,1530,-76,-4.97,4588,4414,174
439,04_Miyagi-ken,4548,2000.0,04_Miyagi-ken,4212,0440_(Municipalities as of 2000) Minamikata-machi,8288,4049,4239,9064,-776,-8.56,95.52,40.26,205.9,2586,2578,8,2717,-131,-4.82,8288,8081,207
440,04_Miyagi-ken,4602,2000.0,04_Miyagi-ken,4212,0441_(Municipalities as of 2000) Tsuyama-cho,3025,1444,1581,3674,-649,-17.66,91.33,68.14,44.4,1003,1002,1,1164,-161,-13.83,3025,2940,85
441,04_Miyagi-ken,4213,,04_Miyagi-ken,4213,0442_Kurihara-shi,64637,31134,33503,69906,-5269,-7.54,92.93,804.97,80.3,22697,22584,113,23133,-436,-1.88,64637,62403,2234
442,04_Miyagi-ken,4521,2000.0,04_Miyagi-ken,4213,0443_(Municipalities as of 2000) Tsukidate-cho,13180,6503,6677,14044,-864,-6.15,97.39,63.69,206.9,5098,5076,22,5139,-41,-0.80,13180,12629,551
443,04_Miyagi-ken,4522,2000.0,04_Miyagi-ken,4213,0444_(Municipalities as of 2000) Wakayanagi-cho,11434,5422,6012,12266,-832,-6.78,90.19,52.56,217.5,3964,3944,20,4015,-51,-1.27,11434,11025,409
444,04_Miyagi-ken,4523,2000.0,04_Miyagi-ken,4213,0445_(Municipalities as of 2000) Kurikoma-machi,9859,4769,5090,10954,-1095,-10.00,93.69,244.36,40.3,3454,3439,15,3579,-125,-3.49,9859,9664,195
445,04_Miyagi-ken,4524,2000.0,04_Miyagi-ken,4213,0446_(Municipalities as of 2000) Takashimizu-machi,3484,1623,1861,3648,-164,-4.50,87.21,23.45,148.6,1231,1225,6,1185,46,3.88,3484,3370,114
446,04_Miyagi-ken,4525,2000.0,04_Miyagi-ken,4213,0447_(Municipalities as of 2000) Ichihasama-cho,6736,3228,3508,7375,-639,-8.66,92.02,87.58,76.9,2256,2241,15,2371,-115,-4.85,6736,6477,259
447,04_Miyagi-ken,4526,2000.0,04_Miyagi-ken,4213,0448_(Municipalities as of 2000) Semine-cho,4145,1986,2159,4478,-333,-7.44,91.99,29.28,141.6,1405,1401,4,1439,-34,-2.36,4145,3981,164
448,04_Miyagi-ken,4527,2000.0,04_Miyagi-ken,4213,0449_(Municipalities as of 2000) Uguisuzawa-cho,2079,964,1115,2436,-357,-14.66,86.46,37.23,55.8,726,722,4,791,-65,-8.22,2079,2003,76
449,04_Miyagi-ken,4528,2000.0,04_Miyagi-ken,4213,0450_(Municipalities as of 2000) Kannari-cho,6284,3049,3235,6883,-599,-8.70,94.25,78.45,80.1,1994,1974,20,2084,-90,-4.32,6284,5952,332
450,04_Miyagi-ken,4529,2000.0,04_Miyagi-ken,4213,0451_(Municipalities as of 2000) Shiwahime-cho,6536,3154,3382,6751,-215,-3.18,93.26,30.88,211.7,2198,2192,6,2136,62,2.90,6536,6429,107
451,04_Miyagi-ken,4530,2000.0,04_Miyagi-ken,4213,0452_(Municipalities as of 2000) Hanayama-mura,900,436,464,1071,-171,-15.97,93.97,158.9,5.7,371,370,1,394,-23,-5.84,900,873,27
452,04_Miyagi-ken,4214,,04_Miyagi-ken,4214,0453_Higashimatsushima-shi,39098,19089,20009,39503,-405,-1.03,95.40,101.3,386.0,14476,14433,43,13868,608,4.38,39098,38266,832
453,04_Miyagi-ken,4562,2000.0,04_Miyagi-ken,4214,0454_(Municipalities as of 2000) Yamoto-cho,31035,15149,15886,31792,-757,-2.38,95.36,49.81,623.1,11664,11630,34,11317,347,3.07,31035,30326,709
454,04_Miyagi-ken,4566,2000.0,04_Miyagi-ken,4214,0455_(Municipalities as of 2000) Naruse-cho,8063,3940,4123,7711,352,4.56,95.56,52.05,154.9,2812,2803,9,2551,261,10.23,8063,7940,123
455,04_Miyagi-ken,4215,,04_Miyagi-ken,4215,0456_Osaki-shi,127330,62429,64901,133391,-6061,-4.54,96.19,796.81,159.8,48893,48775,118,48307,586,1.21,127330,124769,2561
456,04_Miyagi-ken,4204,2000.0,04_Miyagi-ken,4215,0457_(Municipalities as of 2000) Furukawa-shi,77694,38219,39475,78437,-743,-0.95,96.82,134.14,579.2,31219,31151,68,29987,1232,4.11,77694,76174,1520
457,04_Miyagi-ken,4461,2000.0,04_Miyagi-ken,4215,0458_(Municipalities as of 2000) Matsuyama-machi,5663,2726,2937,6299,-636,-10.10,92.82,30.15,187.8,2043,2041,2,2128,-85,-3.99,5663,5572,91
458,04_Miyagi-ken,4462,2000.0,04_Miyagi-ken,4215,0459_(Municipalities as of 2000) Sanbongi-cho,7468,3728,3740,7957,-489,-6.15,99.68,44.63,167.3,2540,2536,4,2494,46,1.84,7468,7413,55
459,04_Miyagi-ken,4463,2000.0,04_Miyagi-ken,4215,0460_(Municipalities as of 2000) Kashimadai-machi,11241,5399,5842,12018,-777,-6.47,92.42,54.01,208.1,3956,3940,16,4009,-53,-1.32,11241,10862,379
460,04_Miyagi-ken,4481,2000.0,04_Miyagi-ken,4215,0461_(Municipalities as of 2000) Iwadeyama-machi,9852,4823,5029,11169,-1317,-11.79,95.90,140.7,70.0,3602,3591,11,3796,-194,-5.11,9852,9636,216
461,04_Miyagi-ken,4482,2000.0,04_Miyagi-ken,4215,0462_(Municipalities as of 2000) Naruko-cho,5368,2562,2806,6369,-1001,-15.72,91.30,326.1,16.5,2362,2357,5,2636,-274,-10.39,5368,5275,93
462,04_Miyagi-ken,4502,2000.0,04_Miyagi-ken,4215,0463_(Municipalities as of 2000) Tajiri-cho,10044,4972,5072,11142,-1098,-9.85,98.03,65.58,153.2,3171,3159,12,3257,-86,-2.64,10044,9837,207
463,04_Miyagi-ken,4423,,04_Miyagi-ken,4216,0464_Tomiya-shi,51651,25091,26560,51591,60,0.12,94.47,49.18,1050.2,18401,18376,25,17494,907,5.18,51651,50889,762
464,04_Miyagi-ken,4423,2000.0,04_Miyagi-ken,4216,0465_(Municipalities as of 2000) Tomiya-machi,51651,25091,26560,51591,60,0.12,94.47,49.13,1051.3,18401,18376,25,17494,907,5.18,51651,50889,762
465,04_Miyagi-ken,4301,2000.0,04_Miyagi-ken,4301,0466_Zao-machi,11418,5569,5849,12316,-898,-7.29,95.21,152.83,74.7,3924,3909,15,3923,1,0.03,11418,11102,316
466,04_Miyagi-ken,4302,2000.0,04_Miyagi-ken,4302,0467_Shichikashuku-machi,1262,620,642,1461,-199,-13.62,96.57,263.09,4.8,524,521,3,567,-43,-7.58,1262,1190,72
467,04_Miyagi-ken,4321,2000.0,04_Miyagi-ken,4321,0468_Ogawara-machi,23571,11530,12041,23798,-227,-0.95,95.76,24.99,943.2,9524,9510,14,9099,425,4.67,23571,23254,317
468,04_Miyagi-ken,4322,2000.0,04_Miyagi-ken,4322,0469_Murata-machi,10666,5293,5373,11501,-835,-7.26,98.51,78.38,136.1,3770,3764,6,3764,6,0.16,10666,10419,247
469,04_Miyagi-ken,4323,2000.0,04_Miyagi-ken,4323,0470_Shibata-machi,38271,19342,18929,39525,-1254,-3.17,102.18,54.03,708.3,15546,15504,42,15121,425,2.81,38271,37400,871
470,04_Miyagi-ken,4324,2000.0,04_Miyagi-ken,4324,0471_Kawasaki-machi,8345,4100,4245,9167,-822,-8.97,96.58,270.77,30.8,2967,2958,9,2880,87,3.02,8345,8107,238
471,04_Miyagi-ken,4341,2000.0,04_Miyagi-ken,4341,0472_Marumori-machi,12262,6117,6145,13972,-1710,-12.24,99.54,273.3,44.9,4426,4419,7,4547,-121,-2.66,12262,11969,293
472,04_Miyagi-ken,4361,2000.0,04_Miyagi-ken,4361,0473_Watari-cho,33087,16212,16875,33589,-502,-1.49,96.07,73.6,449.6,12181,12166,15,11334,847,7.47,33087,32713,374
473,04_Miyagi-ken,4362,2000.0,04_Miyagi-ken,4362,0474_Yamamoto-cho,12046,5978,6068,12315,-269,-2.18,98.52,64.58,186.5,4541,4533,8,4429,112,2.53,12046,11670,376
474,04_Miyagi-ken,4401,2000.0,04_Miyagi-ken,4401,0475_Matsushima-machi,13323,6414,6909,14421,-1098,-7.61,92.84,53.56,248.7,5017,5003,14,5112,-95,-1.86,13323,13034,289
475,04_Miyagi-ken,4404,2000.0,04_Miyagi-ken,4404,0476_Shichigahama-machi,18132,9024,9108,18652,-520,-2.79,99.08,13.19,1374.7,6462,6454,8,6167,295,4.78,18132,17999,133
476,04_Miyagi-ken,4406,2000.0,04_Miyagi-ken,4406,0477_Rifu-cho,35182,17162,18020,35835,-653,-1.82,95.24,44.89,783.7,12538,12526,12,12191,347,2.85,35182,34663,519
477,04_Miyagi-ken,4421,2000.0,04_Miyagi-ken,4421,0478_Taiwa-cho,28786,14979,13807,28244,542,1.92,108.49,225.49,127.7,11441,11398,43,10177,1264,12.42,28786,27880,906
478,04_Miyagi-ken,4422,2000.0,04_Miyagi-ken,4422,0479_Osato-cho,7813,3814,3999,8370,-557,-6.65,95.37,82.01,95.3,2483,2478,5,2421,62,2.56,7813,7571,242
479,04_Miyagi-ken,4424,2000.0,04_Miyagi-ken,4424,0480_Ohira-mura,5849,2938,2911,5703,146,2.56,100.93,60.32,97.0,1877,1875,2,1755,122,6.95,5849,5720,129
480,04_Miyagi-ken,4444,2000.0,04_Miyagi-ken,4444,0481_Shikama-cho,6698,3246,3452,7238,-540,-7.46,94.03,109.28,61.3,1965,1960,5,1974,-9,-0.46,6698,6436,262
481,04_Miyagi-ken,4445,,04_Miyagi-ken,4445,0482_Kami-machi,21943,10767,11176,23743,-1800,-7.58,96.34,460.67,47.6,7641,7631,10,7564,77,1.02,21943,21715,228
482,04_Miyagi-ken,4441,2000.0,04_Miyagi-ken,4445,0483_(Municipalities as of 2000) Nakaniida-machi,12038,5899,6139,12537,-499,-3.98,96.09,61.44,195.9,4426,4418,8,4222,204,4.83,12038,11923,115
483,04_Miyagi-ken,4442,2000.0,04_Miyagi-ken,4445,0484_(Municipalities as of 2000) Onoda-machi,5639,2812,2827,6310,-671,-10.63,99.47,221.61,25.4,1828,1827,1,1896,-68,-3.59,5639,5585,54
484,04_Miyagi-ken,4443,2000.0,04_Miyagi-ken,4445,0485_(Municipalities as of 2000) Miyazaki-cho,4266,2056,2210,4896,-630,-12.87,93.03,177.77,24.0,1387,1386,1,1446,-59,-4.08,4266,4207,59
485,04_Miyagi-ken,4501,2000.0,04_Miyagi-ken,4501,0486_Wakuya-cho,15388,7520,7868,16701,-1313,-7.86,95.58,82.16,187.3,5452,5430,22,5476,-24,-0.44,15388,14928,460
486,04_Miyagi-ken,4505,,04_Miyagi-ken,4505,0487_Misato-machi,23994,11616,12378,24852,-858,-3.45,93.84,74.99,320.0,8565,8532,33,8343,222,2.66,23994,23362,632
487,04_Miyagi-ken,4503,2000.0,04_Miyagi-ken,4505,0488_(Municipalities as of 2000) Kogota-cho,18728,9095,9633,18996,-268,-1.41,94.42,35.55,526.8,6843,6817,26,6568,275,4.19,18728,18224,504
488,04_Miyagi-ken,4504,2000.0,04_Miyagi-ken,4505,0489_(Municipalities as of 2000) Nango-cho,5266,2521,2745,5856,-590,-10.08,91.84,39.51,133.3,1722,1715,7,1775,-53,-2.99,5266,5138,128
489,04_Miyagi-ken,4581,2000.0,04_Miyagi-ken,4581,0490_Onagawa-cho,6430,3351,3079,6334,96,1.52,108.83,65.35,98.4,3166,3135,31,3154,12,0.38,6430,6192,238
490,04_Miyagi-ken,4606,,04_Miyagi-ken,4606,0491_Minamisanriku-cho,12225,5980,6245,12370,-145,-1.17,95.76,163.4,74.8,4282,4273,9,4041,241,5.96,12225,11887,338
491,04_Miyagi-ken,4601,2000.0,04_Miyagi-ken,4606,0492_(Municipalities as of 2000) Shizugawa-cho,8132,3940,4192,7954,178,2.24,93.99,124.24,65.5,2966,2960,6,2694,272,10.10,8132,7902,230
492,04_Miyagi-ken,4605,2000.0,04_Miyagi-ken,4606,0493_(Municipalities as of 2000) Utatsu-cho,4093,2040,2053,4416,-323,-7.31,99.37,39.44,103.8,1316,1313,3,1347,-31,-2.30,4093,3985,108
493,05_Akita-ken,5000,2000.0,05_Akita-ken,5000,0494_Akita-ken,959502,452439,507063,1023119,-63617,-6.22,89.23,11637.52,82.4,385187,383531,1656,388560,-3373,-0.87,959502,923812,35690
494,05_Akita-ken,5201,,05_Akita-ken,5201,0495_Akita-shi,307672,145411,162261,315814,-8142,-2.58,89.62,906.07,339.6,136952,136634,318,135318,1634,1.21,307672,297464,10208
495,05_Akita-ken,5201,2000.0,05_Akita-ken,5201,0496_(Municipalities as of 2000) Akita-shi,294392,139065,155327,300264,-5872,-1.96,89.53,460.1,639.8,132198,131896,302,130384,1814,1.39,294392,284909,9483
496,05_Akita-ken,5381,2000.0,05_Akita-ken,5201,0497_(Municipalities as of 2000) Kawabe-machi,7819,3673,4146,8533,-714,-8.37,88.59,301.06,26.0,2918,2911,7,2954,-36,-1.22,7819,7504,315
497,05_Akita-ken,5382,2000.0,05_Akita-ken,5201,0498_(Municipalities as of 2000) Yuwa-machi,5461,2673,2788,7017,-1556,-22.17,95.88,144.51,37.8,1836,1827,9,1980,-144,-7.27,5461,5051,410
498,05_Akita-ken,5202,,05_Akita-ken,5202,0499_Noshiro-shi,49968,22932,27036,54730,-4762,-8.70,84.82,426.95,117.0,21191,21076,115,22371,-1180,-5.27,49968,47882,2086
499,05_Akita-ken,5202,2000.0,05_Akita-ken,5202,0500_(Municipalities as of 2000) Noshiro-shi,42117,19323,22794,45811,-3694,-8.06,84.77,245.25,171.7,17964,17876,88,18920,-956,-5.05,42117,40265,1852
500,05_Akita-ken,5342,2000.0,05_Akita-ken,5202,0501_(Municipalities as of 2000) Futatsui-machi,7851,3609,4242,8919,-1068,-11.97,85.08,181.4,43.3,3227,3200,27,3451,-224,-6.49,7851,7617,234
501,05_Akita-ken,5203,,05_Akita-ken,5203,0502_Yokote-shi,85555,40326,45229,92197,-6642,-7.20,89.16,692.8,123.5,31109,31013,96,31463,-354,-1.13,85555,82864,2691
502,05_Akita-ken,5203,2000.0,05_Akita-ken,5203,0503_(Municipalities as of 2000) Yokote-shi,34797,16422,18375,36334,-1537,-4.23,89.37,110.57,314.7,13986,13941,45,13833,153,1.11,34797,33533,1264
503,05_Akita-ken,5441,2000.0,05_Akita-ken,5203,0504_(Municipalities as of 2000) Masuda-machi,6309,2984,3325,7053,-744,-10.55,89.74,74.21,85.0,2243,2239,4,2345,-102,-4.35,6309,6146,163
504,05_Akita-ken,5442,2000.0,05_Akita-ken,5203,0505_(Municipalities as of 2000) Hiraka-machi,11449,5336,6113,12515,-1066,-8.52,87.29,63.32,180.8,3674,3662,12,3756,-82,-2.18,11449,11123,326
505,05_Akita-ken,5443,2000.0,05_Akita-ken,5203,0506_(Municipalities as of 2000) Omonogawa-machi,8279,3916,4363,9130,-851,-9.32,89.75,73.6,112.5,2680,2675,5,2781,-101,-3.63,8279,8149,130
506,05_Akita-ken,5444,2000.0,05_Akita-ken,5203,0507_(Municipalities as of 2000) Omori-machi,5634,2583,3051,6327,-693,-10.95,84.66,102.23,55.1,1815,1803,12,1904,-89,-4.67,5634,5173,461
507,05_Akita-ken,5445,2000.0,05_Akita-ken,5203,0508_(Municipalities as of 2000) Jumonji-machi,11756,5580,6176,12607,-851,-6.75,90.35,37.8,311.0,4281,4272,9,4321,-40,-0.93,11756,11603,153
508,05_Akita-ken,5446,2000.0,05_Akita-ken,5203,0509_(Municipalities as of 2000) Sannai-mura,3006,1432,1574,3426,-420,-12.26,90.98,205.68,14.6,1077,1075,2,1140,-63,-5.53,3006,2950,56
509,05_Akita-ken,5447,2000.0,05_Akita-ken,5203,0510_(Municipalities as of 2000) Taiyu-mura,4325,2073,2252,4805,-480,-9.99,92.05,26.18,165.2,1353,1346,7,1383,-30,-2.17,4325,4187,138
510,05_Akita-ken,5204,,05_Akita-ken,5204,0511_Odate-shi,69237,32551,36686,74175,-4938,-6.66,88.73,913.22,75.8,28044,27959,85,28242,-198,-0.70,69237,66951,2286
511,05_Akita-ken,5204,2000.0,05_Akita-ken,5204,0512_(Municipalities as of 2000) Odate-shi,54812,25668,29144,58252,-3440,-5.91,88.07,401.54,136.5,22720,22647,73,22784,-64,-0.28,54812,52837,1975
512,05_Akita-ken,5322,2000.0,05_Akita-ken,5204,0513_(Municipalities as of 2000) Hinai-machi,8926,4260,4666,9658,-732,-7.58,91.30,205.39,43.5,3240,3231,9,3263,-23,-0.70,8926,8697,229
513,05_Akita-ken,5325,2000.0,05_Akita-ken,5204,0514_(Municipalities as of 2000) Tashiro-machi,5499,2623,2876,6265,-766,-12.23,91.20,306.77,17.9,2084,2081,3,2195,-111,-5.06,5499,5417,82
514,05_Akita-ken,5206,,05_Akita-ken,5206,0515_Oga-shi,25154,11860,13294,28375,-3221,-11.35,89.21,241.09,104.3,10492,10447,45,11147,-655,-5.88,25154,23863,1291
515,05_Akita-ken,5206,2000.0,05_Akita-ken,5206,0516_(Municipalities as of 2000) Oga-shi,20409,9598,10811,22828,-2419,-10.60,88.78,198.04,103.1,8664,8627,37,9172,-508,-5.54,20409,19357,1052
516,05_Akita-ken,5367,2000.0,05_Akita-ken,5206,0517_(Municipalities as of 2000) Wakami-machi,4745,2262,2483,5547,-802,-14.46,91.10,42.74,111.0,1828,1820,8,1975,-147,-7.44,4745,4506,239
517,05_Akita-ken,5207,,05_Akita-ken,5207,0518_Yuzawa-shi,42091,20115,21976,46613,-4522,-9.70,91.53,790.91,53.2,15685,15620,65,16384,-699,-4.27,42091,40664,1427
518,05_Akita-ken,5207,2000.0,05_Akita-ken,5207,0519_(Municipalities as of 2000) Yuzawa-shi,26425,12566,13859,28918,-2493,-8.62,90.67,200.2,132.0,10321,10277,44,10710,-389,-3.63,26425,25679,746
519,05_Akita-ken,5461,2000.0,05_Akita-ken,5207,0520_(Municipalities as of 2000) Inakawa-machi,7485,3590,3895,8374,-889,-10.62,92.17,65.88,113.6,2550,2543,7,2645,-95,-3.59,7485,7316,169
520,05_Akita-ken,5462,2000.0,05_Akita-ken,5207,0521_(Municipalities as of 2000) Ogachi-machi,6183,2986,3197,6996,-813,-11.62,93.40,306.02,20.2,2217,2208,9,2378,-161,-6.77,6183,5843,340
521,05_Akita-ken,5465,2000.0,05_Akita-ken,5207,0522_(Municipalities as of 2000) Minase-mura,1998,973,1025,2325,-327,-14.06,94.93,218.62,9.1,597,592,5,651,-54,-8.29,1998,1826,172
522,05_Akita-ken,5209,2000.0,05_Akita-ken,5209,0523_Kazuno-shi,29088,13684,15404,32038,-2950,-9.21,88.83,707.52,41.1,10978,10932,46,11508,-530,-4.61,29088,27921,1167
523,05_Akita-ken,5210,,05_Akita-ken,5210,0524_Yurihonjo-shi,74707,35842,38865,79927,-5220,-6.53,92.22,1209.59,61.8,28362,28251,111,28349,13,0.05,74707,71698,3009
524,05_Akita-ken,5205,2000.0,05_Akita-ken,5210,0525_(Municipalities as of 2000) Honjo-shi,41923,20195,21728,43191,-1268,-2.94,92.94,188.31,222.6,17195,17137,58,16734,461,2.75,41923,40448,1475
525,05_Akita-ken,5404,2000.0,05_Akita-ken,5210,0526_(Municipalities as of 2000) Yashima-machi,4059,1932,2127,4619,-560,-12.12,90.83,123.63,32.8,1436,1431,5,1541,-105,-6.81,4059,3993,66
526,05_Akita-ken,5405,2000.0,05_Akita-ken,5210,0527_(Municipalities as of 2000) Iwaki-machi,5099,2382,2717,5522,-423,-7.66,87.67,108.1,47.2,1830,1814,16,1895,-65,-3.43,5099,4470,629
527,05_Akita-ken,5406,2000.0,05_Akita-ken,5210,0528_(Municipalities as of 2000) Yuri-machi,4228,1993,2235,4794,-566,-11.81,89.17,96.53,43.8,1335,1333,2,1377,-42,-3.05,4228,4160,68
528,05_Akita-ken,5407,2000.0,05_Akita-ken,5210,0529_(Municipalities as of 2000) Nishime-machi,5669,2694,2975,6056,-387,-6.39,90.55,38.06,148.9,1832,1811,21,1790,42,2.35,5669,5113,556
529,05_Akita-ken,5408,2000.0,05_Akita-ken,5210,0530_(Municipalities as of 2000) Chokai-machi,4018,1933,2085,4800,-782,-16.29,92.71,322.53,12.5,1399,1395,4,1529,-130,-8.50,4018,3946,72
530,05_Akita-ken,5409,2000.0,05_Akita-ken,5210,0531_(Municipalities as of 2000) Higashiyuri-machi,2985,1459,1526,3478,-493,-14.17,95.61,150.17,19.9,1070,1067,3,1153,-83,-7.20,2985,2913,72
531,05_Akita-ken,5410,2000.0,05_Akita-ken,5210,0532_(Municipalities as of 2000) Ouchi-machi,6726,3254,3472,7467,-741,-9.92,93.72,181.71,37.0,2265,2263,2,2330,-65,-2.79,6726,6655,71
532,05_Akita-ken,5211,,05_Akita-ken,5211,0533_Katagami-shi,31720,14967,16753,33083,-1363,-4.12,89.34,97.72,324.6,12287,12250,37,12023,264,2.20,31720,30551,1169
533,05_Akita-ken,5362,2000.0,05_Akita-ken,5211,0534_(Municipalities as of 2000) Showa-machi,6738,3092,3646,7491,-753,-10.05,84.81,40.65,165.8,2433,2420,13,2523,-90,-3.57,6738,6199,539
534,05_Akita-ken,5364,2000.0,05_Akita-ken,5211,0535_(Municipalities as of 2000) Iitagawa-machi,3826,1764,2062,4207,-381,-9.06,85.55,15.8,242.2,1432,1427,5,1459,-27,-1.85,3826,3712,114
535,05_Akita-ken,5365,2000.0,05_Akita-ken,5211,0536_(Municipalities as of 2000) Tenno-machi,21156,10111,11045,21385,-229,-1.07,91.54,41.51,509.7,8422,8403,19,8041,381,4.74,21156,20640,516
536,05_Akita-ken,5212,,05_Akita-ken,5212,0537_Daisen-shi,77657,36287,41370,82783,-5126,-6.19,87.71,866.79,89.6,28370,28275,95,28198,172,0.61,77657,75105,2552
537,05_Akita-ken,5208,2000.0,05_Akita-ken,5212,0538_(Municipalities as of 2000) Omagari-shi,35180,16458,18722,35873,-693,-1.93,87.91,104.69,336.0,14136,14089,47,13529,607,4.49,35180,34189,991
538,05_Akita-ken,5421,2000.0,05_Akita-ken,5212,0539_(Municipalities as of 2000) Kamioka-machi,4759,2170,2589,5126,-367,-7.16,83.82,35.16,135.4,1617,1612,5,1653,-36,-2.18,4759,4644,115
539,05_Akita-ken,5422,2000.0,05_Akita-ken,5212,0540_(Municipalities as of 2000) Nishisemboku-machi,7428,3439,3989,8427,-999,-11.85,86.21,168.4,44.1,2548,2540,8,2690,-142,-5.28,7428,7103,325
540,05_Akita-ken,5425,2000.0,05_Akita-ken,5212,0541_(Municipalities as of 2000) Nakasen-machi,8518,4057,4461,9524,-1006,-10.56,90.94,78.92,107.9,2784,2778,6,2890,-106,-3.67,8518,8371,147
541,05_Akita-ken,5427,2000.0,05_Akita-ken,5212,0542_(Municipalities as of 2000) Kyowa-machi,6290,2951,3339,6841,-551,-8.05,88.38,247.74,25.4,2160,2150,10,2251,-91,-4.04,6290,5718,572
542,05_Akita-ken,5428,2000.0,05_Akita-ken,5212,0543_(Municipalities as of 2000) Nangai-mura,3128,1459,1669,3606,-478,-13.26,87.42,98.85,31.6,1101,1098,3,1148,-47,-4.09,3128,3036,92
543,05_Akita-ken,5429,2000.0,05_Akita-ken,5212,0544_(Municipalities as of 2000) Semboku-machi,6644,3101,3543,7045,-401,-5.69,87.52,29.56,224.8,2215,2206,9,2173,42,1.93,6644,6468,176
544,05_Akita-ken,5431,2000.0,05_Akita-ken,5212,0545_(Municipalities as of 2000) Ota-machi,5710,2652,3058,6341,-631,-9.95,86.72,103.36,55.2,1809,1802,7,1864,-55,-2.95,5710,5576,134
545,05_Akita-ken,5213,,05_Akita-ken,5213,0546_Kitaakita-shi,30198,14157,16041,33224,-3026,-9.11,88.26,1152.76,26.2,11799,11727,72,12222,-423,-3.46,30198,28273,1925
546,05_Akita-ken,5321,2000.0,05_Akita-ken,5213,0547_(Municipalities as of 2000) Takanosu-machi,16805,7907,8898,18158,-1353,-7.45,88.86,325.97,51.6,6732,6697,35,6885,-153,-2.22,16805,16070,735
547,05_Akita-ken,5323,2000.0,05_Akita-ken,5213,0548_(Municipalities as of 2000) Moriyoshi-machi,5180,2418,2762,5850,-670,-11.45,87.55,341.88,15.2,1993,1981,12,2075,-82,-3.95,5180,4889,291
548,05_Akita-ken,5324,2000.0,05_Akita-ken,5213,0549_(Municipalities as of 2000) Ani-machi,2401,1154,1247,2836,-435,-15.34,92.54,371.92,6.5,1052,1048,4,1177,-125,-10.62,2401,2207,194
549,05_Akita-ken,5326,2000.0,05_Akita-ken,5213,0550_(Municipalities as of 2000) Aikawa-machi,5812,2678,3134,6380,-568,-8.90,85.45,112.8,51.5,2022,2001,21,2085,-63,-3.02,5812,5107,705
550,05_Akita-ken,5214,,05_Akita-ken,5214,0551_Nikaho-shi,23435,11218,12217,25324,-1889,-7.46,91.82,241.13,97.2,8635,8613,22,8804,-169,-1.92,23435,22652,783
551,05_Akita-ken,5401,2000.0,05_Akita-ken,5214,0552_(Municipalities as of 2000) Nikaho-machi,9650,4714,4936,10292,-642,-6.24,95.50,98.51,98.0,3652,3642,10,3634,18,0.50,9650,9511,139
552,05_Akita-ken,5402,2000.0,05_Akita-ken,5214,0553_(Municipalities as of 2000) Konoura-machi,3785,1764,2021,4157,-372,-8.95,87.28,18.08,209.3,1355,1352,3,1394,-39,-2.80,3785,3634,151
553,05_Akita-ken,5403,2000.0,05_Akita-ken,5214,0554_(Municipalities as of 2000) Kisakata-machi,10000,4740,5260,10875,-875,-8.05,90.11,124.02,80.6,3628,3619,9,3776,-148,-3.92,10000,9507,493
554,05_Akita-ken,5215,,05_Akita-ken,5215,0555_Semboku-shi,24610,11408,13202,27523,-2913,-10.58,86.41,1093.56,22.5,9252,9220,32,9594,-342,-3.56,24610,23815,795
555,05_Akita-ken,5423,2000.0,05_Akita-ken,5215,0556_(Municipalities as of 2000) Kakunodate-machi,11284,5260,6024,12489,-1205,-9.65,87.32,156.63,72.0,4328,4315,13,4441,-113,-2.54,11284,10967,317
556,05_Akita-ken,5426,2000.0,05_Akita-ken,5215,0557_(Municipalities as of 2000) Tazawako-machi,9286,4304,4982,10397,-1111,-10.69,86.39,672.06,13.8,3517,3502,15,3674,-157,-4.27,9286,8974,312
557,05_Akita-ken,5430,2000.0,05_Akita-ken,5215,0558_(Municipalities as of 2000) Nishiki-mura,4040,1844,2196,4637,-597,-12.87,83.97,264.95,15.2,1407,1403,4,1479,-72,-4.87,4040,3874,166
558,05_Akita-ken,5303,2000.0,05_Akita-ken,5303,0559_Kosaka-machi,4780,2232,2548,5339,-559,-10.47,87.60,201.7,23.7,2043,2029,14,2168,-125,-5.77,4780,4518,262
559,05_Akita-ken,5327,2000.0,05_Akita-ken,5327,0560_Kamikoani-mura,2063,986,1077,2381,-318,-13.36,91.55,256.72,8.0,830,825,5,918,-88,-9.59,2063,1867,196
560,05_Akita-ken,5346,2000.0,05_Akita-ken,5346,0561_Fujisato-machi,2896,1380,1516,3359,-463,-13.78,91.03,282.13,10.3,1126,1117,9,1215,-89,-7.33,2896,2763,133
561,05_Akita-ken,5348,,05_Akita-ken,5348,0562_Mitane-cho,15254,7034,8220,17078,-1824,-10.68,85.57,247.98,61.5,5740,5707,33,6010,-270,-4.49,15254,14433,821
562,05_Akita-ken,5341,2000.0,05_Akita-ken,5348,0563_(Municipalities as of 2000) Kotooka-machi,4329,1947,2382,4847,-518,-10.69,81.74,111.38,38.9,1659,1651,8,1750,-91,-5.20,4329,4104,225
563,05_Akita-ken,5344,2000.0,05_Akita-ken,5348,0564_(Municipalities as of 2000) Yamamoto-machi,5826,2692,3134,6434,-608,-9.45,85.90,98.02,59.4,2173,2157,16,2271,-98,-4.32,5826,5415,411
564,05_Akita-ken,5345,2000.0,05_Akita-ken,5348,0565_(Municipalities as of 2000) Hachiryu-machi,5099,2395,2704,5797,-698,-12.04,88.57,38.66,131.9,1908,1899,9,1989,-81,-4.07,5099,4914,185
565,05_Akita-ken,5349,,05_Akita-ken,5349,0566_Happou-cho,6577,3071,3506,7309,-732,-10.02,87.59,234.14,28.1,2615,2605,10,2706,-91,-3.36,6577,6353,224
566,05_Akita-ken,5343,2000.0,05_Akita-ken,5349,0567_(Municipalities as of 2000) Hachimori-machi,3139,1459,1680,3528,-389,-11.03,86.85,112.62,27.9,1312,1309,3,1381,-69,-5.00,3139,3055,84
567,05_Akita-ken,5347,2000.0,05_Akita-ken,5349,0568_(Municipalities as of 2000) Minehama-mura,3438,1612,1826,3781,-343,-9.07,88.28,121.57,28.3,1303,1296,7,1325,-22,-1.66,3438,3298,140
568,05_Akita-ken,5361,2000.0,05_Akita-ken,5361,0569_Gojome-machi,8538,3985,4553,9463,-925,-9.77,87.52,214.92,39.7,3351,3336,15,3573,-222,-6.21,8538,8182,356
569,05_Akita-ken,5363,2000.0,05_Akita-ken,5363,0570_Hachirogata-machi,5583,2534,3049,6080,-497,-8.17,83.11,17.0,328.4,2144,2134,10,2220,-76,-3.42,5583,5308,275
570,05_Akita-ken,5366,2000.0,05_Akita-ken,5366,0571_Ikawa-machi,4566,2130,2436,4986,-420,-8.42,87.44,47.95,95.2,1528,1523,5,1563,-35,-2.24,4566,4261,305
571,05_Akita-ken,5368,2000.0,05_Akita-ken,5368,0572_Ogata-mura,3011,1500,1511,3110,-99,-3.18,99.27,170.11,17.7,839,835,4,796,43,5.40,3011,2715,296
572,05_Akita-ken,5434,,05_Akita-ken,5434,0573_Misato-cho,18613,8701,9912,20279,-1666,-8.22,87.78,168.32,110.6,5999,5965,34,6152,-153,-2.49,18613,17947,666
573,05_Akita-ken,5424,2000.0,05_Akita-ken,5434,0574_(Municipalities as of 2000) Rokugo-machi,5934,2719,3215,6359,-425,-6.68,84.57,39.06,151.9,2050,2034,16,2091,-41,-1.96,5934,5623,311
574,05_Akita-ken,5432,2000.0,05_Akita-ken,5434,0575_(Municipalities as of 2000) Senhata-machi,6426,3048,3378,7054,-628,-8.90,90.23,87.58,73.4,1999,1988,11,2059,-60,-2.91,6426,6247,179
575,05_Akita-ken,5433,2000.0,05_Akita-ken,5434,0576_(Municipalities as of 2000) Sennan-mura,6253,2934,3319,6866,-613,-8.93,88.40,41.16,151.9,1950,1943,7,2002,-52,-2.60,6253,6077,176
576,05_Akita-ken,5463,2000.0,05_Akita-ken,5463,0577_Ugo-machi,13825,6637,7188,15319,-1494,-9.75,92.33,230.78,59.9,4658,4648,10,4807,-149,-3.10,13825,13497,328
577,05_Akita-ken,5464,2000.0,05_Akita-ken,5464,0578_Higashinaruse-mura,2704,1491,1213,2610,94,3.60,122.92,203.69,13.3,1158,790,368,809,349,43.14,2704,2265,439
578,06_Yamagata-ken,6000,2000.0,06_Yamagata-ken,6000,0579_Yamagata-ken,1068027,516438,551589,1123891,-55864,-4.97,93.63,9323.15,114.6,398015,396792,1223,393396,4619,1.17,1068027,1035323,32704
579,06_Yamagata-ken,6201,2000.0,06_Yamagata-ken,6201,0580_Yamagata-shi,247590,119001,128589,253832,-6242,-2.46,92.54,381.3,649.3,102318,102101,217,100303,2015,2.01,247590,240434,7156
580,06_Yamagata-ken,6202,2000.0,06_Yamagata-ken,6202,0581_Yonezawa-shi,81252,40258,40994,85953,-4701,-5.47,98.20,548.51,148.1,33095,33013,82,32997,98,0.30,81252,78729,2523
581,06_Yamagata-ken,6203,,06_Yamagata-ken,6203,0582_Tsuruoka-shi,122347,58626,63721,129652,-7305,-5.63,92.00,1311.53,93.3,45666,45487,179,45339,327,0.72,122347,118609,3738
582,06_Yamagata-ken,6203,2000.0,06_Yamagata-ken,6203,0583_(Municipalities as of 2000) Tsuruoka-shi,87894,42151,45743,91818,-3924,-4.27,92.15,233.91,375.8,34862,34764,98,34307,555,1.62,87894,85379,2515
583,06_Yamagata-ken,6423,2000.0,06_Yamagata-ken,6203,0584_(Municipalities as of 2000) Fujishima-machi,9472,4505,4967,10216,-744,-7.28,90.70,63.22,149.8,2905,2899,6,2926,-21,-0.72,9472,9301,171
584,06_Yamagata-ken,6424,2000.0,06_Yamagata-ken,6203,0585_(Municipalities as of 2000) Haguro-machi,7912,3811,4101,8529,-617,-7.23,92.93,109.61,72.2,2297,2286,11,2287,10,0.44,7912,7429,483
585,06_Yamagata-ken,6425,2000.0,06_Yamagata-ken,6203,0586_(Municipalities as of 2000) Kushibiki-machi,6872,3273,3599,7244,-372,-5.14,90.94,80.18,85.7,2000,1989,11,1979,21,1.06,6872,6614,258
586,06_Yamagata-ken,6427,2000.0,06_Yamagata-ken,6203,0587_(Municipalities as of 2000) Asahi-mura,3704,1797,1907,4295,-591,-13.76,94.23,569.17,6.5,1118,1100,18,1190,-72,-6.05,3704,3547,157
587,06_Yamagata-ken,6441,2000.0,06_Yamagata-ken,6203,0588_(Municipalities as of 2000) Atsumi-machi,6493,3089,3404,7550,-1057,-14.00,90.75,255.4,25.4,2484,2449,35,2650,-166,-6.26,6493,6339,154
588,06_Yamagata-ken,6204,,06_Yamagata-ken,6204,0589_Sakata-shi,100273,47838,52435,106244,-5971,-5.62,91.23,602.97,166.3,39402,39263,139,39320,82,0.21,100273,97200,3073
589,06_Yamagata-ken,6204,2000.0,06_Yamagata-ken,6204,0590_(Municipalities as of 2000) Sakata-shi,85443,40810,44633,89808,-4365,-4.86,91.43,175.79,486.1,34487,34369,118,34217,270,0.79,85443,82939,2504
590,06_Yamagata-ken,6462,2000.0,06_Yamagata-ken,6204,0591_(Municipalities as of 2000) Yawata-machi,5225,2469,2756,5903,-678,-11.49,89.59,204.76,25.5,1714,1709,5,1824,-110,-6.03,5225,5116,109
591,06_Yamagata-ken,6463,2000.0,06_Yamagata-ken,6204,0592_(Municipalities as of 2000) Matsuyama-machi,4011,1869,2142,4461,-450,-10.09,87.25,42.92,93.5,1306,1293,13,1340,-34,-2.54,4011,3663,348
592,06_Yamagata-ken,6464,2000.0,06_Yamagata-ken,6204,0593_(Municipalities as of 2000) Hirata-machi,5594,2690,2904,6072,-478,-7.87,92.63,179.22,31.2,1895,1892,3,1939,-44,-2.27,5594,5482,112
593,06_Yamagata-ken,6205,2000.0,06_Yamagata-ken,6205,0594_Shinjo-shi,34432,16446,17986,36894,-2462,-6.67,91.44,222.85,154.5,12857,12782,75,12961,-104,-0.80,34432,33048,1384
594,06_Yamagata-ken,6206,2000.0,06_Yamagata-ken,6206,0595_Sagae-shi,40189,19529,20660,41256,-1067,-2.59,94.53,139.03,289.1,13654,13627,27,13086,568,4.34,40189,39347,842
595,06_Yamagata-ken,6207,2000.0,06_Yamagata-ken,6207,0596_Kaminoyama-shi,29110,13909,15201,31569,-2459,-7.79,91.50,240.93,120.8,10537,10509,28,10694,-157,-1.47,29110,28145,965
596,06_Yamagata-ken,6208,2000.0,06_Yamagata-ken,6208,0597_Murayama-shi,22516,10937,11579,24684,-2168,-8.78,94.46,196.98,114.3,7579,7570,9,7713,-134,-1.74,22516,22111,405
597,06_Yamagata-ken,6209,2000.0,06_Yamagata-ken,6209,0598_Nagai-shi,26543,12953,13590,27757,-1214,-4.37,95.31,214.67,123.6,9486,9436,50,9109,377,4.14,26543,25471,1072
598,06_Yamagata-ken,6210,2000.0,06_Yamagata-ken,6210,0599_Tendo-shi,62140,30222,31918,62194,-54,-0.09,94.69,113.01,549.9,22589,22542,47,21428,1161,5.42,62140,60671,1469
599,06_Yamagata-ken,6211,2000.0,06_Yamagata-ken,6211,0600_Higashine-shi,47682,23525,24157,47768,-86,-0.18,97.38,206.94,230.4,16573,16522,51,15473,1100,7.11,47682,45704,1978
600,06_Yamagata-ken,6212,2000.0,06_Yamagata-ken,6212,0601_Obanazawa-shi,14971,7320,7651,16953,-1982,-11.69,95.67,372.53,40.2,4883,4871,12,5109,-226,-4.42,14971,14425,546
601,06_Yamagata-ken,6213,2000.0,06_Yamagata-ken,6213,0602_Nanyo-shi,30420,14652,15768,32285,-1865,-5.78,92.92,160.52,189.5,10760,10720,40,10705,55,0.51,30420,29519,901
602,06_Yamagata-ken,6301,2000.0,06_Yamagata-ken,6301,0603_Yamanobe-machi,13725,6603,7122,14369,-644,-4.48,92.71,61.45,223.4,4551,4544,7,4440,111,2.50,13725,13386,339
603,06_Yamagata-ken,6302,2000.0,06_Yamagata-ken,6302,0604_Nakayama-machi,10746,5251,5495,11363,-617,-5.43,95.56,31.15,345.0,3515,3511,4,3427,88,2.57,10746,10608,138
604,06_Yamagata-ken,6321,2000.0,06_Yamagata-ken,6321,0605_Kahoku-cho,17641,8528,9113,18952,-1311,-6.92,93.58,52.45,336.3,5929,5914,15,5865,64,1.09,17641,17107,534
605,06_Yamagata-ken,6322,2000.0,06_Yamagata-ken,6322,0606_Nishikawa-machi,4956,2387,2569,5636,-680,-12.07,92.92,393.19,12.6,1686,1683,3,1785,-99,-5.55,4956,4848,108
606,06_Yamagata-ken,6323,2000.0,06_Yamagata-ken,6323,0607_Asahi-machi,6366,3150,3216,7119,-753,-10.58,97.95,196.81,32.3,2150,2135,15,2242,-92,-4.10,6366,6131,235
607,06_Yamagata-ken,6324,2000.0,06_Yamagata-ken,6324,0608_Oe-machi,7646,3797,3849,8472,-826,-9.75,98.65,154.08,49.6,2543,2529,14,2632,-89,-3.38,7646,7325,321
608,06_Yamagata-ken,6341,2000.0,06_Yamagata-ken,6341,0609_Oishida-machi,6577,3213,3364,7357,-780,-10.60,95.51,79.54,82.7,2086,2080,6,2143,-57,-2.66,6577,6369,208
609,06_Yamagata-ken,6361,2000.0,06_Yamagata-ken,6361,0610_Kaneyama-machi,5071,2466,2605,5829,-758,-13.00,94.66,161.67,31.4,1572,1569,3,1643,-71,-4.32,5071,4983,88
610,06_Yamagata-ken,6362,2000.0,06_Yamagata-ken,6362,0611_Mogami-machi,8080,3913,4167,8902,-822,-9.23,93.90,330.37,24.5,2596,2577,19,2665,-69,-2.59,8080,7806,274
611,06_Yamagata-ken,6363,2000.0,06_Yamagata-ken,6363,0612_Funagata-machi,5007,2420,2587,5631,-624,-11.08,93.54,119.04,42.1,1580,1574,6,1621,-41,-2.53,5007,4711,296
612,06_Yamagata-ken,6364,2000.0,06_Yamagata-ken,6364,0613_Mamurogawa-machi,7203,3408,3795,8137,-934,-11.48,89.80,374.22,19.2,2320,2310,10,2478,-158,-6.38,7203,6882,321
613,06_Yamagata-ken,6365,2000.0,06_Yamagata-ken,6365,0614_Okura-mura,3028,1498,1530,3412,-384,-11.25,97.91,211.63,14.3,945,944,1,1016,-71,-6.99,3028,2945,83
614,06_Yamagata-ken,6366,2000.0,06_Yamagata-ken,6366,0615_Sakegawa-mura,3902,1887,2015,4317,-415,-9.61,93.65,122.14,31.9,1193,1191,2,1224,-31,-2.53,3902,3806,96
615,06_Yamagata-ken,6367,2000.0,06_Yamagata-ken,6367,0616_Tozawa-mura,4199,1987,2212,4773,-574,-12.03,89.83,261.31,16.1,1359,1350,9,1390,-31,-2.23,4199,4008,191
616,06_Yamagata-ken,6381,2000.0,06_Yamagata-ken,6381,0617_Takahata-machi,22463,10950,11513,23882,-1419,-5.94,95.11,180.26,124.6,7358,7346,12,7218,140,1.94,22463,22064,399
617,06_Yamagata-ken,6382,2000.0,06_Yamagata-ken,6382,0618_Kawanishi-machi,14558,7101,7457,15751,-1193,-7.57,95.23,166.6,87.4,4495,4434,61,4553,-58,-1.27,14558,13821,737
618,06_Yamagata-ken,6401,2000.0,06_Yamagata-ken,6401,0619_Oguni-machi,7107,3573,3534,7868,-761,-9.67,101.10,737.56,9.6,2810,2798,12,2845,-35,-1.23,7107,6867,240
619,06_Yamagata-ken,6402,2000.0,06_Yamagata-ken,6402,0620_Shirataka-machi,12890,6357,6533,14175,-1285,-9.07,97.31,157.71,81.7,4389,4371,18,4405,-16,-0.36,12890,12555,335
620,06_Yamagata-ken,6403,2000.0,06_Yamagata-ken,6403,0621_Iide-machi,6613,3214,3399,7304,-691,-9.46,94.56,329.41,20.1,2125,2117,8,2198,-73,-3.32,6613,6405,208
621,06_Yamagata-ken,6426,2000.0,06_Yamagata-ken,6426,0622_Mikawa-machi,7601,3694,3907,7728,-127,-1.64,94.55,33.22,228.8,2332,2319,13,2223,109,4.90,7601,7107,494
622,06_Yamagata-ken,6428,,06_Yamagata-ken,6428,0623_Shonai-machi,20151,9636,10515,21666,-1515,-6.99,91.64,249.17,80.9,6650,6636,14,6637,13,0.20,20151,19658,493
623,06_Yamagata-ken,6421,2000.0,06_Yamagata-ken,6428,0624_(Municipalities as of 2000) Tachikawa-machi,4613,2219,2394,5302,-689,-13.00,92.69,190.82,24.2,1499,1496,3,1578,-79,-5.01,4613,4431,182
624,06_Yamagata-ken,6422,2000.0,06_Yamagata-ken,6428,0625_(Municipalities as of 2000) Amarume-machi,15538,7417,8121,16364,-826,-5.05,91.33,58.44,265.9,5151,5140,11,5059,92,1.82,15538,15227,311
625,06_Yamagata-ken,6461,2000.0,06_Yamagata-ken,6461,0626_Yuza-machi,13032,6189,6843,14207,-1175,-8.27,90.44,208.39,62.5,4432,4417,15,4509,-77,-1.71,13032,12518,514
626,07_Fukushima-ken,7000,2000.0,07_Fukushima-ken,7000,0627_Fukushima-ken,1833152,903864,929288,1914039,-80887,-4.23,97.26,13784.14,133.0,742911,740089,2822,737598,5313,0.72,1833152,1788951,44201
627,07_Fukushima-ken,7201,,07_Fukushima-ken,7201,0628_Fukushima-shi,282693,138190,144503,294247,-11554,-3.93,95.63,767.72,368.2,121919,121655,264,122269,-350,-0.29,282693,274946,7747
628,07_Fukushima-ken,7201,2000.0,07_Fukushima-ken,7201,0629_(Municipalities as of 2000) Fukushima-shi,277492,135642,141850,288493,-11001,-3.81,95.62,746.43,371.8,120117,119855,262,120374,-257,-0.21,277492,269823,7669
629,07_Fukushima-ken,7309,2000.0,07_Fukushima-ken,7201,0630_(Municipalities as of 2000) Iino-machi,5201,2548,2653,5754,-553,-9.61,96.04,21.31,244.1,1802,1800,2,1895,-93,-4.91,5201,5123,78
630,07_Fukushima-ken,7202,,07_Fukushima-ken,7202,0631_Aizuwakamatsu-shi,117376,56063,61313,124062,-6686,-5.39,91.44,382.97,306.5,49022,48876,146,49431,-409,-0.83,117376,114348,3028
631,07_Fukushima-ken,7202,2000.0,07_Fukushima-ken,7202,0632_(Municipalities as of 2000) Aizuwakamatsu-shi,102587,48852,53735,108469,-5882,-5.42,90.91,315.28,325.4,44243,44116,127,44726,-483,-1.08,102587,100029,2558
632,07_Fukushima-ken,7381,2000.0,07_Fukushima-ken,7202,0633_(Municipalities as of 2000) Kitaaizu-mura,7163,3486,3677,7434,-271,-3.65,94.81,28.18,254.2,2252,2237,15,2176,76,3.49,7163,6714,449
633,07_Fukushima-ken,7424,2000.0,07_Fukushima-ken,7202,0634_(Municipalities as of 2000) Kawahigashi-machi,7626,3725,3901,8159,-533,-6.53,95.49,39.57,192.7,2527,2523,4,2529,-2,-0.08,7626,7605,21
634,07_Fukushima-ken,7203,2000.0,07_Fukushima-ken,7203,0635_Koriyama-shi,327692,161830,165862,335444,-7752,-2.31,97.57,757.2,432.8,140441,140176,265,138310,2131,1.54,327692,321025,6667
635,07_Fukushima-ken,7204,2000.0,07_Fukushima-ken,7204,0636_Iwaki-shi,332931,163525,169406,350237,-17306,-4.94,96.53,1232.26,270.2,141411,141074,337,141069,342,0.24,332931,325237,7694
636,07_Fukushima-ken,7205,,07_Fukushima-ken,7205,0637_Shirakawa-shi,59491,29681,29810,61913,-2422,-3.91,99.57,305.32,194.8,23763,23728,35,23004,759,3.30,59491,58732,759
637,07_Fukushima-ken,7205,2000.0,07_Fukushima-ken,7205,0638_(Municipalities as of 2000) Shirakawa-shi,44974,22411,22563,46066,-1092,-2.37,99.33,117.67,382.2,19249,19226,23,18457,792,4.29,44974,44418,556
638,07_Fukushima-ken,7462,2000.0,07_Fukushima-ken,7205,0639_(Municipalities as of 2000) Omotego-mura,5891,2951,2940,6314,-423,-6.70,100.37,66.48,88.6,1839,1836,3,1826,13,0.71,5891,5793,98
639,07_Fukushima-ken,7463,2000.0,07_Fukushima-ken,7205,0640_(Municipalities as of 2000) Higashi-mura,4840,2425,2415,5316,-476,-8.95,100.41,40.38,119.9,1560,1559,1,1567,-7,-0.45,4840,4821,19
640,07_Fukushima-ken,7467,2000.0,07_Fukushima-ken,7205,0641_(Municipalities as of 2000) Taishin-mura,3786,1894,1892,4217,-431,-10.22,100.11,80.77,46.9,1115,1107,8,1154,-39,-3.38,3786,3700,86
641,07_Fukushima-ken,7207,,07_Fukushima-ken,7207,0642_Sukagawa-shi,74992,36781,38211,77441,-2449,-3.16,96.26,279.43,268.4,27127,27081,46,26345,782,2.97,74992,73654,1338
642,07_Fukushima-ken,7207,2000.0,07_Fukushima-ken,7207,0643_(Municipalities as of 2000) Sukagawa-shi,65350,31997,33353,66846,-1496,-2.24,95.93,154.98,421.7,24219,24177,42,23422,797,3.40,65350,64183,1167
643,07_Fukushima-ken,7341,2000.0,07_Fukushima-ken,7207,0644_(Municipalities as of 2000) Naganuma-machi,4877,2421,2456,5392,-515,-9.55,98.57,60.34,80.8,1492,1490,2,1514,-22,-1.45,4877,4810,67
644,07_Fukushima-ken,7343,2000.0,07_Fukushima-ken,7207,0645_(Municipalities as of 2000) Iwase-mura,4765,2363,2402,5203,-438,-8.42,98.38,64.23,74.2,1416,1414,2,1409,7,0.50,4765,4661,104
645,07_Fukushima-ken,7208,,07_Fukushima-ken,7208,0646_Kitakata-shi,44760,21438,23322,49377,-4617,-9.35,91.92,554.63,80.7,16049,16016,33,16752,-703,-4.20,44760,42948,1812
646,07_Fukushima-ken,7208,2000.0,07_Fukushima-ken,7208,0647_(Municipalities as of 2000) Kitakata-shi,29391,14032,15359,31976,-2585,-8.08,91.36,150.4,195.4,10726,10703,23,11035,-309,-2.80,29391,27986,1405
647,07_Fukushima-ken,7401,2000.0,07_Fukushima-ken,7208,0648_(Municipalities as of 2000) Atsushiokano-mura,2268,1125,1143,2606,-338,-12.97,98.43,156.98,14.4,788,788,NULL,856,-68,-7.94,2268,2268,NULL
648,07_Fukushima-ken,7403,2000.0,07_Fukushima-ken,7208,0649_(Municipalities as of 2000) Shiokawa-machi,8844,4263,4581,9775,-931,-9.52,93.06,46.24,191.3,3000,2995,5,3163,-163,-5.15,8844,8592,252
649,07_Fukushima-ken,7404,2000.0,07_Fukushima-ken,7208,0650_(Municipalities as of 2000) Yamato-machi,2682,1266,1416,3208,-526,-16.40,89.41,156.21,17.2,1001,996,5,1110,-109,-9.82,2682,2527,155
650,07_Fukushima-ken,7406,2000.0,07_Fukushima-ken,7208,0651_(Municipalities as of 2000) Takasato-mura,1575,752,823,1812,-237,-13.08,91.37,44.84,35.1,534,534,NULL,588,-54,-9.18,1575,1575,NULL
651,07_Fukushima-ken,7209,2000.0,07_Fukushima-ken,7209,0652_Soma-shi,34865,17536,17329,38556,-3691,-9.57,101.19,197.79,176.3,13875,13859,16,15209,-1334,-8.77,34865,34511,354
652,07_Fukushima-ken,7210,,07_Fukushima-ken,7210,0653_Nihonmatsu-shi,53557,26305,27252,58162,-4605,-7.92,96.53,344.42,155.5,19384,19359,25,19810,-426,-2.15,53557,52638,919
653,07_Fukushima-ken,7210,2000.0,07_Fukushima-ken,7210,0654_(Municipalities as of 2000) Nihonmatsu-shi,30194,14824,15370,32767,-2573,-7.85,96.45,129.71,232.8,11487,11473,14,11686,-199,-1.70,30194,29711,483
654,07_Fukushima-ken,7321,2000.0,07_Fukushima-ken,7210,0655_(Municipalities as of 2000) Adachi-machi,11834,5779,6055,11527,307,2.66,95.44,44.35,266.8,4161,4157,4,3799,362,9.53,11834,11673,161
655,07_Fukushima-ken,7325,2000.0,07_Fukushima-ken,7210,0656_(Municipalities as of 2000) Iwashiro-machi,5966,2962,3004,7355,-1389,-18.89,98.60,98.37,60.6,2012,2008,4,2411,-399,-16.55,5966,5866,100
656,07_Fukushima-ken,7326,2000.0,07_Fukushima-ken,7210,0657_(Municipalities as of 2000) Towa-machi,5563,2740,2823,6513,-950,-14.59,97.06,72.22,77.0,1724,1721,3,1914,-190,-9.93,5563,5388,175
657,07_Fukushima-ken,7211,,07_Fukushima-ken,7211,0658_Tamura-shi,35169,17320,17849,38503,-3334,-8.66,97.04,458.33,76.7,12159,12130,29,12734,-575,-4.52,35169,34324,845
658,07_Fukushima-ken,7523,2000.0,07_Fukushima-ken,7211,0659_(Municipalities as of 2000) Takine-machi,4192,2030,2162,4622,-430,-9.30,93.89,50.7,82.7,1399,1397,2,1580,-181,-11.46,4192,4003,189
659,07_Fukushima-ken,7524,2000.0,07_Fukushima-ken,7211,0660_(Municipalities as of 2000) Ogoe-machi,4059,1993,2066,4588,-529,-11.53,96.47,36.66,110.7,1389,1388,1,1457,-68,-4.67,4059,4058,1
660,07_Fukushima-ken,7525,2000.0,07_Fukushima-ken,7211,0661_(Municipalities as of 2000) Miyakoji-mura,1878,978,900,1850,28,1.51,108.67,125.37,15.0,744,742,2,675,69,10.22,1878,1820,58
661,07_Fukushima-ken,7526,2000.0,07_Fukushima-ken,7211,0662_(Municipalities as of 2000) Tokiwa-machi,4956,2431,2525,5637,-681,-12.08,96.28,84.41,58.7,1627,1623,4,1877,-250,-13.32,4956,4866,90
662,07_Fukushima-ken,7527,2000.0,07_Fukushima-ken,7211,0663_(Municipalities as of 2000) Funehiki-machi,20084,9888,10196,21806,-1722,-7.90,96.98,161.16,124.6,7000,6980,20,7145,-145,-2.03,20084,19577,507
663,07_Fukushima-ken,7212,,07_Fukushima-ken,7212,0664_Minamisoma-shi,59005,31015,27990,57797,1208,2.09,110.81,398.58,148.0,26349,25177,1172,25944,405,1.56,59005,56985,2020
664,07_Fukushima-ken,7206,2000.0,07_Fukushima-ken,7212,0665_(Municipalities as of 2000) Haramachi-shi,45046,23987,21059,43938,1108,2.52,113.90,198.49,226.9,21037,19933,1104,20275,762,3.76,45046,43327,1719
665,07_Fukushima-ken,7562,2000.0,07_Fukushima-ken,7212,0666_(Municipalities as of 2000) Kashima-machi,10330,5130,5200,13851,-3521,-25.42,98.65,108.06,95.6,3693,3628,65,5665,-1972,-34.81,10330,10060,270
666,07_Fukushima-ken,7563,2000.0,07_Fukushima-ken,7212,0667_(Municipalities as of 2000) Odaka-machi,3629,1898,1731,8,3621,45262.50,109.65,91.95,39.5,1619,1616,3,4,1615,40375.00,3629,3598,31
667,07_Fukushima-ken,7213,,07_Fukushima-ken,7213,0668_Date-shi,58240,28313,29927,62400,-4160,-6.67,94.61,265.12,219.7,21158,21127,31,21624,-466,-2.16,58240,57023,1217
668,07_Fukushima-ken,7302,2000.0,07_Fukushima-ken,7213,0669_(Municipalities as of 2000) Date-machi,11415,5519,5896,11290,125,1.11,93.61,9.22,1238.1,4249,4241,8,4037,212,5.25,11415,11101,314
669,07_Fukushima-ken,7304,2000.0,07_Fukushima-ken,7213,0670_(Municipalities as of 2000) Yanagawa-machi,15530,7602,7928,17238,-1708,-9.91,95.89,82.93,187.3,5416,5410,6,5653,-237,-4.19,15530,15281,249
670,07_Fukushima-ken,7305,2000.0,07_Fukushima-ken,7213,0671_(Municipalities as of 2000) Hobara-machi,21705,10530,11175,22587,-882,-3.90,94.23,41.99,516.9,7999,7988,11,7897,102,1.29,21705,21291,414
671,07_Fukushima-ken,7306,2000.0,07_Fukushima-ken,7213,0672_(Municipalities as of 2000) Ryozen-machi,6601,3223,3378,7467,-866,-11.60,95.41,87.33,75.6,2442,2438,4,2566,-124,-4.83,6601,6490,111
672,07_Fukushima-ken,7307,2000.0,07_Fukushima-ken,7213,0673_(Municipalities as of 2000) Tsukidate-machi,2989,1439,1550,3818,-829,-21.71,92.84,43.63,68.5,1052,1050,2,1471,-419,-28.48,2989,2860,129
673,07_Fukushima-ken,7214,,07_Fukushima-ken,7214,0674_Motomiya-shi,30236,15018,15218,30924,-688,-2.22,98.69,88.02,343.5,10571,10557,14,10049,522,5.19,30236,29616,620
674,07_Fukushima-ken,7323,2000.0,07_Fukushima-ken,7214,0675_(Municipalities as of 2000) Motomiya-machi,22883,11424,11459,22916,-33,-0.14,99.69,39.54,578.7,8414,8404,10,7864,550,6.99,22883,22385,498
675,07_Fukushima-ken,7324,2000.0,07_Fukushima-ken,7214,0676_(Municipalities as of 2000) Shirasawa-mura,7353,3594,3759,8008,-655,-8.18,95.61,48.4,151.9,2157,2153,4,2185,-28,-1.28,7353,7231,122
676,07_Fukushima-ken,7301,2000.0,07_Fukushima-ken,7301,0677_Koori-machi,11459,5491,5968,12271,-812,-6.62,92.01,42.97,266.7,4194,4181,13,4276,-82,-1.92,11459,11129,330
677,07_Fukushima-ken,7303,2000.0,07_Fukushima-ken,7303,0678_Kunimi-machi,8639,4114,4525,9512,-873,-9.18,90.92,37.95,227.6,3123,3119,4,3291,-168,-5.10,8639,8492,147
678,07_Fukushima-ken,7308,2000.0,07_Fukushima-ken,7308,0679_Kawamata-machi,12170,5986,6184,14452,-2282,-15.79,96.80,127.7,95.3,4780,4771,9,5515,-735,-13.33,12170,11844,326
679,07_Fukushima-ken,7322,2000.0,07_Fukushima-ken,7322,0680_Otama-mura,8900,4427,4473,8679,221,2.55,98.97,79.44,112.0,2874,2871,3,2619,255,9.74,8900,8798,102
680,07_Fukushima-ken,7342,2000.0,07_Fukushima-ken,7342,0681_Kagamiishi-machi,12318,6030,6288,12486,-168,-1.35,95.90,31.3,393.5,4382,4372,10,4205,177,4.21,12318,12130,188
681,07_Fukushima-ken,7344,2000.0,07_Fukushima-ken,7344,0682_Tenei-mura,5194,2567,2627,5611,-417,-7.43,97.72,225.52,23.0,1671,1669,2,1638,33,2.01,5194,5096,98
682,07_Fukushima-ken,7362,2000.0,07_Fukushima-ken,7362,0683_Shimogo-machi,5264,2602,2662,5800,-536,-9.24,97.75,317.04,16.6,1953,1948,5,2002,-49,-2.45,5264,5110,154
683,07_Fukushima-ken,7364,2000.0,07_Fukushima-ken,7364,0684_Hinoemata-mura,504,259,245,615,-111,-18.05,105.71,390.46,1.3,228,227,1,257,-29,-11.28,504,503,1
684,07_Fukushima-ken,7367,2000.0,07_Fukushima-ken,7367,0685_Tadami-machi,4044,1976,2068,4470,-426,-9.53,95.55,747.56,5.4,1634,1628,6,1762,-128,-7.26,4044,3875,169
685,07_Fukushima-ken,7368,,07_Fukushima-ken,7368,0686_Minamiaizu-machi,14451,7116,7335,16264,-1813,-11.15,97.01,886.47,16.3,5894,5879,15,6246,-352,-5.64,14451,14053,398
686,07_Fukushima-ken,7361,2000.0,07_Fukushima-ken,7368,0687_(Municipalities as of 2000) Tajima-machi,9830,4885,4945,10860,-1030,-9.48,98.79,350.34,28.1,3999,3988,11,4183,-184,-4.40,9830,9622,208
687,07_Fukushima-ken,7363,2000.0,07_Fukushima-ken,7368,0688_(Municipalities as of 2000) Tateiwa-mura,1471,725,746,1732,-261,-15.07,97.18,263.55,5.6,619,618,1,701,-82,-11.70,1471,1395,76
688,07_Fukushima-ken,7365,2000.0,07_Fukushima-ken,7368,0689_(Municipalities as of 2000) Ina-mura,1204,563,641,1392,-188,-13.51,87.83,153.13,7.9,495,494,1,530,-35,-6.60,1204,1154,50
689,07_Fukushima-ken,7366,2000.0,07_Fukushima-ken,7368,0690_(Municipalities as of 2000) Nango-mura,1946,943,1003,2280,-334,-14.65,94.02,119.5,16.3,781,779,2,832,-51,-6.13,1946,1882,64
690,07_Fukushima-ken,7402,2000.0,07_Fukushima-ken,7402,0691_Kitashiobara-mura,2556,1290,1266,2831,-275,-9.71,101.90,234.08,10.9,1003,999,4,1008,-5,-0.50,2556,2501,55
691,07_Fukushima-ken,7405,2000.0,07_Fukushima-ken,7405,0692_Nishiaizu-machi,5770,2789,2981,6582,-812,-12.34,93.56,298.18,19.4,2352,2340,12,2531,-179,-7.07,5770,5641,129
692,07_Fukushima-ken,7407,2000.0,07_Fukushima-ken,7407,0693_Bandai-machi,3322,1604,1718,3579,-257,-7.18,93.36,59.77,55.6,1079,1077,2,1117,-38,-3.40,3322,3226,96
693,07_Fukushima-ken,7408,2000.0,07_Fukushima-ken,7408,0694_Inawashiro-machi,13552,6533,7019,15037,-1485,-9.88,93.08,394.85,34.3,4718,4694,24,4939,-221,-4.47,13552,12977,575
694,07_Fukushima-ken,7421,2000.0,07_Fukushima-ken,7421,0695_Aizubange-machi,15068,7245,7823,16303,-1235,-7.58,92.61,91.59,164.5,5306,5293,13,5391,-85,-1.58,15068,14752,316
695,07_Fukushima-ken,7422,2000.0,07_Fukushima-ken,7422,0696_Yugawa-mura,3081,1485,1596,3206,-125,-3.90,93.05,16.37,188.2,976,973,3,906,70,7.73,3081,3040,41
696,07_Fukushima-ken,7423,2000.0,07_Fukushima-ken,7423,0697_Yanaizu-machi,3081,1501,1580,3536,-455,-12.87,95.00,175.82,17.5,1127,1119,8,1207,-80,-6.63,3081,2985,96
697,07_Fukushima-ken,7444,2000.0,07_Fukushima-ken,7444,0698_Mishima-machi,1452,714,738,1668,-216,-12.95,96.75,90.81,16.0,644,641,3,674,-30,-4.45,1452,1387,65
698,07_Fukushima-ken,7445,2000.0,07_Fukushima-ken,7445,0699_Kaneyama-machi,1862,908,954,2189,-327,-14.94,95.18,293.92,6.3,878,874,4,956,-78,-8.16,1862,1735,127
699,07_Fukushima-ken,7446,2000.0,07_Fukushima-ken,7446,0700_Showa-mura,1246,623,623,1322,-76,-5.75,100.00,209.46,5.9,626,588,38,616,10,1.62,1246,1152,94
700,07_Fukushima-ken,7447,,07_Fukushima-ken,7447,0701_Aizumisato-machi,19014,9108,9906,20913,-1899,-9.08,91.94,276.33,68.8,6465,6454,11,6710,-245,-3.65,19014,18452,562
701,07_Fukushima-ken,7441,2000.0,07_Fukushima-ken,7447,0702_(Municipalities as of 2000) Aizutakada-machi,10905,5225,5680,12057,-1152,-9.55,91.99,195.67,55.7,3776,3769,7,3970,-194,-4.89,10905,10541,364
702,07_Fukushima-ken,7442,2000.0,07_Fukushima-ken,7447,0703_(Municipalities as of 2000) Aizuhongo-machi,4999,2365,2634,5501,-502,-9.13,89.79,40.16,124.5,1760,1758,2,1804,-44,-2.44,4999,4878,121
703,07_Fukushima-ken,7443,2000.0,07_Fukushima-ken,7447,0704_(Municipalities as of 2000) Niitsuru-mura,3110,1518,1592,3355,-245,-7.30,95.35,40.54,76.7,929,927,2,936,-7,-0.75,3110,3033,77
704,07_Fukushima-ken,7461,2000.0,07_Fukushima-ken,7461,0705_Nishigo-mura,20808,10636,10172,20322,486,2.39,104.56,192.06,108.3,8092,8075,17,7458,634,8.50,20808,19850,958
705,07_Fukushima-ken,7464,2000.0,07_Fukushima-ken,7464,0706_Izumizaki-mura,6213,3061,3152,6495,-282,-4.34,97.11,35.43,175.4,2089,2085,4,2059,30,1.46,6213,6095,118
706,07_Fukushima-ken,7465,2000.0,07_Fukushima-ken,7465,0707_Nakajima-mura,4885,2398,2487,5001,-116,-2.32,96.42,18.92,258.2,1520,1519,1,1395,125,8.96,4885,4806,79
707,07_Fukushima-ken,7466,2000.0,07_Fukushima-ken,7466,0708_Yabuki-machi,17287,8649,8638,17370,-83,-0.48,100.13,60.4,286.2,6102,6068,34,5846,256,4.38,17287,16496,791
708,07_Fukushima-ken,7481,2000.0,07_Fukushima-ken,7481,0709_Tanagura-machi,13343,6581,6762,14295,-952,-6.66,97.32,159.93,83.4,4728,4719,9,4753,-25,-0.53,13343,13116,227
709,07_Fukushima-ken,7482,2000.0,07_Fukushima-ken,7482,0710_Yamatsuri-machi,5392,2620,2772,5950,-558,-9.38,94.52,118.27,45.6,1867,1863,4,1921,-54,-2.81,5392,5224,168
710,07_Fukushima-ken,7483,2000.0,07_Fukushima-ken,7483,0711_Hanawa-machi,8302,4079,4223,9157,-855,-9.34,96.59,211.41,39.3,2935,2929,6,3043,-108,-3.55,8302,8008,294
711,07_Fukushima-ken,7484,2000.0,07_Fukushima-ken,7484,0712_Samegawa-mura,3049,1531,1518,3577,-528,-14.76,100.86,131.34,23.2,1006,1004,2,1064,-58,-5.45,3049,3003,46
712,07_Fukushima-ken,7501,2000.0,07_Fukushima-ken,7501,0713_Ishikawa-machi,14644,7334,7310,15880,-1236,-7.78,100.33,115.71,126.6,5214,5185,29,5244,-30,-0.57,14644,14027,617
713,07_Fukushima-ken,7502,2000.0,07_Fukushima-ken,7502,0714_Tamakawa-mura,6392,3202,3190,6777,-385,-5.68,100.38,46.67,137.0,1980,1978,2,1974,6,0.30,6392,6310,82
714,07_Fukushima-ken,7503,2000.0,07_Fukushima-ken,7503,0715_Hirata-mura,5826,2883,2943,6505,-679,-10.44,97.96,93.42,62.4,1953,1949,4,1989,-36,-1.81,5826,5583,243
715,07_Fukushima-ken,7504,2000.0,07_Fukushima-ken,7504,0716_Asakawa-machi,6036,3031,3005,6577,-541,-8.23,100.87,37.43,161.3,2070,2069,1,2055,15,0.73,6036,5957,79
716,07_Fukushima-ken,7505,2000.0,07_Fukushima-ken,7505,0717_Furudono-machi,4825,2364,2461,5373,-548,-10.20,96.06,163.29,29.5,1610,1608,2,1661,-51,-3.07,4825,4752,73
717,07_Fukushima-ken,7521,2000.0,07_Fukushima-ken,7521,0718_Miharu-machi,17018,8448,8570,18304,-1286,-7.03,98.58,72.76,233.9,5977,5967,10,6230,-253,-4.06,17018,16689,329
718,07_Fukushima-ken,7522,2000.0,07_Fukushima-ken,7522,0719_Ono-machi,9471,4677,4794,10475,-1004,-9.58,97.56,125.18,75.7,3398,3391,7,3425,-27,-0.79,9471,9284,187
719,07_Fukushima-ken,7541,2000.0,07_Fukushima-ken,7541,0720_Hirono-machi,5412,3311,2101,4319,1093,25.31,157.59,58.69,92.2,2899,2881,18,2435,464,19.06,5412,5051,361
720,07_Fukushima-ken,7542,2000.0,07_Fukushima-ken,7542,0721_Naraha-machi,3710,2147,1563,975,2735,280.51,137.36,103.64,35.8,1977,1922,55,839,1138,135.64,3710,3602,108
721,07_Fukushima-ken,7543,2000.0,07_Fukushima-ken,7543,0722_Tomioka-machi,2128,1542,586,NULL,2128,NULL,263.14,68.39,31.1,1640,1638,2,NULL,1640,NULL,2128,2126,2
722,07_Fukushima-ken,7544,2000.0,07_Fukushima-ken,7544,0723_Kawauchi-mura,2044,1035,1009,2021,23,1.14,102.58,197.35,10.4,934,931,3,1082,-148,-13.68,2044,1890,154
723,07_Fukushima-ken,7545,2000.0,07_Fukushima-ken,7545,0724_Okuma-machi,847,754,93,NULL,847,NULL,810.75,78.71,10.8,800,799,1,NULL,800,NULL,847,838,9
724,07_Fukushima-ken,7546,2000.0,07_Fukushima-ken,7546,0725_Futaba-machi,NULL,NULL,NULL,NULL,0,NULL,NULL,51.42,0.0,NULL,NULL,NULL,NULL,0,NULL,NULL,NULL,NULL
725,07_Fukushima-ken,7547,2000.0,07_Fukushima-ken,7547,0726_Namie-machi,1923,1350,573,NULL,1923,NULL,235.60,223.14,8.6,1405,1404,1,NULL,1405,NULL,1923,1922,1
726,07_Fukushima-ken,7548,2000.0,07_Fukushima-ken,7548,0727_Katsurao-mura,420,241,179,18,402,2233.33,134.64,84.37,5.0,205,205,NULL,9,196,2177.78,420,420,NULL
727,07_Fukushima-ken,7561,2000.0,07_Fukushima-ken,7561,0728_Shinchi-machi,7905,3945,3960,8218,-313,-3.81,99.62,46.7,169.3,2748,2742,6,2699,49,1.82,7905,7761,144
728,07_Fukushima-ken,7564,2000.0,07_Fukushima-ken,7564,0729_Iitate-mura,1318,662,656,41,1277,3114.63,100.91,230.13,5.7,627,626,1,1,626,62600.00,1318,1276,42
729,08_Ibaraki-ken,8000,2000.0,08_Ibaraki-ken,8000,0730_Ibaraki-ken,2867009,1430976,1436033,2916976,-49967,-1.71,99.65,6097.39,470.2,1184133,1181598,2535,1124349,59784,5.32,2867009,2802960,64049
730,08_Ibaraki-ken,8201,,08_Ibaraki-ken,8201,0731_Mito-shi,270685,132537,138148,270783,-98,-0.04,95.94,217.32,1245.6,122598,122335,263,117590,5008,4.26,270685,263990,6695
731,08_Ibaraki-ken,8201,2000.0,08_Ibaraki-ken,8201,0732_(Municipalities as of 2000) Mito-shi,255576,124996,130580,255644,-68,-0.03,95.72,175.9,1453.0,117055,116831,224,112477,4578,4.07,255576,249752,5824
732,08_Ibaraki-ken,8305,2000.0,08_Ibaraki-ken,8201,0733_(Municipalities as of 2000) Uchihara-machi,15109,7541,7568,15139,-30,-0.20,99.64,41.56,363.5,5543,5504,39,5113,430,8.41,15109,14238,871
733,08_Ibaraki-ken,8202,,08_Ibaraki-ken,8202,0734_Hitachi-shi,174508,87126,87382,185054,-10546,-5.70,99.71,225.86,772.6,77911,77778,133,78625,-714,-0.91,174508,170721,3787
734,08_Ibaraki-ken,8202,2000.0,08_Ibaraki-ken,8202,0735_(Municipalities as of 2000) Hitachi-shi,161158,80601,80557,170967,-9809,-5.74,100.05,153.43,1050.4,72775,72647,128,73536,-761,-1.03,161158,157593,3565
735,08_Ibaraki-ken,8381,2000.0,08_Ibaraki-ken,8202,0736_(Municipalities as of 2000) Juo-machi,13350,6525,6825,14087,-737,-5.23,95.60,72.12,185.1,5136,5131,5,5089,47,0.92,13350,13128,222
736,08_Ibaraki-ken,8203,,08_Ibaraki-ken,8203,0737_Tsuchiura-shi,142074,70935,71139,140804,1270,0.90,99.71,122.89,1156.1,63093,62961,132,57257,5836,10.19,142074,138121,3953
737,08_Ibaraki-ken,8203,2000.0,08_Ibaraki-ken,8203,0738_(Municipalities as of 2000) Tsuchiura-shi,134333,67132,67201,132532,1801,1.36,99.90,81.83,1641.6,60301,60174,127,54572,5729,10.50,134333,130572,3761
738,08_Ibaraki-ken,8465,2000.0,08_Ibaraki-ken,8203,0739_(Municipalities as of 2000) Niihari-mura,7741,3803,3938,8272,-531,-6.42,96.57,31.99,242.0,2792,2787,5,2685,107,3.99,7741,7549,192
739,08_Ibaraki-ken,8204,,08_Ibaraki-ken,8204,0740_Koga-shi,139344,69735,69609,140946,-1602,-1.14,100.18,123.58,1127.6,56149,56075,74,52571,3578,6.81,139344,136922,2422
740,08_Ibaraki-ken,8204,2000.0,08_Ibaraki-ken,8204,0741_(Municipalities as of 2000) Koga-shi,55214,27037,28177,56173,-959,-1.71,95.95,21.0,2629.2,23649,23634,15,22512,1137,5.05,55214,54660,554
741,08_Ibaraki-ken,8541,2000.0,08_Ibaraki-ken,8204,0742_(Municipalities as of 2000) Sowa-machi,49830,25361,24469,49130,700,1.42,103.65,52.8,943.8,19652,19607,45,17921,1731,9.66,49830,48467,1363
742,08_Ibaraki-ken,8543,2000.0,08_Ibaraki-ken,8204,0743_(Municipalities as of 2000) Sanwa-machi,34300,17337,16963,35643,-1343,-3.77,102.20,49.78,689.0,12848,12834,14,12138,710,5.85,34300,33795,505
743,08_Ibaraki-ken,8205,,08_Ibaraki-ken,8205,0744_Ishioka-shi,73061,36167,36894,76020,-2959,-3.89,98.03,215.53,339.0,28344,28276,68,27288,1056,3.87,73061,70521,2540
744,08_Ibaraki-ken,8205,2000.0,08_Ibaraki-ken,8205,0745_(Municipalities as of 2000) Ishioka-shi,48088,23672,24416,49344,-1256,-2.55,96.95,59.6,806.8,19761,19716,45,18928,833,4.40,48088,46625,1463
745,08_Ibaraki-ken,8463,2000.0,08_Ibaraki-ken,8205,0746_(Municipalities as of 2000) Yasato-machi,24973,12495,12478,26676,-1703,-6.38,100.14,153.78,162.4,8583,8560,23,8360,223,2.67,24973,23896,1077
746,08_Ibaraki-ken,8207,2000.0,08_Ibaraki-ken,8207,0747_Yuki-shi,50645,25441,25204,51594,-949,-1.84,100.94,65.76,770.1,19328,19291,37,18267,1061,5.81,50645,49584,1061
747,08_Ibaraki-ken,8208,2000.0,08_Ibaraki-ken,8208,0748_Ryugasaki-shi,76420,37995,38425,78342,-1922,-2.45,98.88,78.59,972.4,32158,32060,98,30472,1686,5.53,76420,74656,1764
748,08_Ibaraki-ken,8210,,08_Ibaraki-ken,8210,0749_Shimotsuma-shi,42521,21412,21109,43293,-772,-1.78,101.44,80.88,525.7,16407,16283,124,15036,1371,9.12,42521,41708,813
749,08_Ibaraki-ken,8210,2000.0,08_Ibaraki-ken,8210,0750_(Municipalities as of 2000) Shimotsuma-shi,33844,17048,16796,34215,-371,-1.08,101.50,61.05,554.4,13343,13224,119,12091,1252,10.35,33844,33256,588
750,08_Ibaraki-ken,8522,2000.0,08_Ibaraki-ken,8210,0751_(Municipalities as of 2000) Chiyokawa-mura,8677,4364,4313,9078,-401,-4.42,101.18,19.83,437.6,3064,3059,5,2945,119,4.04,8677,8452,225
751,08_Ibaraki-ken,8211,,08_Ibaraki-ken,8211,0752_Joso-shi,60834,30465,30369,61483,-649,-1.06,100.32,123.64,492.0,22289,22253,36,20600,1689,8.20,60834,59536,1298
752,08_Ibaraki-ken,8211,2000.0,08_Ibaraki-ken,8211,0753_(Municipalities as of 2000) Mitsukaido-shi,37751,18857,18894,38346,-595,-1.55,99.80,79.68,473.8,13871,13842,29,12991,880,6.77,37751,36683,1068
753,08_Ibaraki-ken,8523,2000.0,08_Ibaraki-ken,8211,0754_(Municipalities as of 2000) Ishige-machi,23083,11608,11475,23137,-54,-0.23,101.16,43.84,526.5,8418,8411,7,7609,809,10.63,23083,22853,230
754,08_Ibaraki-ken,8212,,08_Ibaraki-ken,8212,0755_Hitachiota-shi,48602,23705,24897,52294,-3692,-7.06,95.21,371.99,130.7,19243,19206,37,19436,-193,-0.99,48602,47466,1136
755,08_Ibaraki-ken,8212,2000.0,08_Ibaraki-ken,8212,0756_(Municipalities as of 2000) Hitachiota-shi,32754,15924,16830,34521,-1767,-5.12,94.62,109.5,299.1,13018,12997,21,12899,119,0.92,32754,31950,804
756,08_Ibaraki-ken,8361,2000.0,08_Ibaraki-ken,8212,0757_(Municipalities as of 2000) Kanasago-machi,9117,4439,4678,9936,-819,-8.24,94.89,61.64,147.9,3468,3463,5,3533,-65,-1.84,9117,8988,129
757,08_Ibaraki-ken,8362,2000.0,08_Ibaraki-ken,8212,0758_(Municipalities as of 2000) Suifu-mura,3973,1980,1993,4598,-625,-13.59,99.35,80.92,49.1,1652,1643,9,1809,-157,-8.68,3973,3829,144
758,08_Ibaraki-ken,8363,2000.0,08_Ibaraki-ken,8212,0759_(Municipalities as of 2000) Satomi-mura,2758,1362,1396,3239,-481,-14.85,97.56,119.95,23.0,1105,1103,2,1195,-90,-7.53,2758,2699,59
759,08_Ibaraki-ken,8214,2000.0,08_Ibaraki-ken,8214,0760_Takahagi-shi,27699,13804,13895,29638,-1939,-6.54,99.35,193.58,143.1,11608,11576,32,11751,-143,-1.22,27699,26673,1026
760,08_Ibaraki-ken,8215,2000.0,08_Ibaraki-ken,8215,0761_Kitaibaraki-shi,41801,20760,21041,44412,-2611,-5.88,98.66,186.79,223.8,17042,17011,31,16871,171,1.01,41801,40786,1015
761,08_Ibaraki-ken,8216,,08_Ibaraki-ken,8216,0762_Kasama-shi,73173,35783,37390,76739,-3566,-4.65,95.70,240.4,304.4,28918,28861,57,28202,716,2.54,73173,71571,1602
762,08_Ibaraki-ken,8216,2000.0,08_Ibaraki-ken,8216,0763_(Municipalities as of 2000) Kasama-shi,23774,11545,12229,25810,-2036,-7.89,94.41,131.61,180.6,9209,9189,20,9318,-109,-1.17,23774,23198,576
763,08_Ibaraki-ken,8321,2000.0,08_Ibaraki-ken,8216,0764_(Municipalities as of 2000) Tomobe-machi,35331,17330,18001,35746,-415,-1.16,96.27,58.71,601.8,14303,14274,29,13542,761,5.62,35331,34528,803
764,08_Ibaraki-ken,8322,2000.0,08_Ibaraki-ken,8216,0765_(Municipalities as of 2000) Iwama-machi,14068,6908,7160,15183,-1115,-7.34,96.48,49.93,281.8,5406,5398,8,5342,64,1.20,14068,13845,223
765,08_Ibaraki-ken,8217,,08_Ibaraki-ken,8217,0766_Toride-shi,104524,51476,53048,106570,-2046,-1.92,97.04,69.94,1494.5,45447,45348,99,43477,1970,4.53,104524,103072,1452
766,08_Ibaraki-ken,8217,2000.0,08_Ibaraki-ken,8217,0767_(Municipalities as of 2000) Toride-shi,74218,36706,37512,74876,-658,-0.88,97.85,37.09,2001.0,33370,33289,81,31591,1779,5.63,74218,73220,998
767,08_Ibaraki-ken,8563,2000.0,08_Ibaraki-ken,8217,0768_(Municipalities as of 2000) Fujishiro-machi,30306,14770,15536,31694,-1388,-4.38,95.07,32.87,922.0,12077,12059,18,11886,191,1.61,30306,29852,454
768,08_Ibaraki-ken,8219,2000.0,08_Ibaraki-ken,8219,0769_Ushiku-shi,84651,41773,42878,84317,334,0.40,97.42,58.92,1436.7,35195,35126,69,33223,1972,5.94,84651,82996,1655
769,08_Ibaraki-ken,8220,,08_Ibaraki-ken,8220,0770_Tsukuba-shi,241656,121043,120613,226963,14693,6.47,100.36,283.72,851.7,110490,110344,146,98190,12300,12.53,241656,236800,4856
770,08_Ibaraki-ken,8220,2000.0,08_Ibaraki-ken,8220,0771_(Municipalities as of 2000) Tsukuba-shi,219010,109964,109046,203225,15785,7.77,100.84,259.59,843.7,100840,100705,135,88993,11847,13.31,219010,214561,4449
771,08_Ibaraki-ken,8445,2000.0,08_Ibaraki-ken,8220,0772_(Municipalities as of 2000) Kukizaki-machi,22646,11079,11567,23738,-1092,-4.60,95.78,24.48,925.1,9650,9639,11,9197,453,4.93,22646,22239,407
772,08_Ibaraki-ken,8221,2000.0,08_Ibaraki-ken,8221,0773_Hitachinaka-shi,156581,79293,77288,155689,892,0.57,102.59,99.97,1566.3,66754,66619,135,61104,5650,9.25,156581,153893,2688
773,08_Ibaraki-ken,8222,2000.0,08_Ibaraki-ken,8222,0774_Kashima-shi,66950,34434,32516,67879,-929,-1.37,105.90,106.02,631.5,28318,28268,50,27450,868,3.16,66950,65133,1817
774,08_Ibaraki-ken,8223,,08_Ibaraki-ken,8223,0775_Itako-shi,27604,13672,13932,29111,-1507,-5.18,98.13,71.4,386.6,10774,10764,10,10547,227,2.15,27604,27098,506
775,08_Ibaraki-ken,8422,2000.0,08_Ibaraki-ken,8223,0776_(Municipalities as of 2000) Ushibori-machi,4642,2264,2378,5233,-591,-11.29,95.21,18.79,247.0,1651,1649,2,1684,-33,-1.96,4642,4554,88
776,08_Ibaraki-ken,8423,2000.0,08_Ibaraki-ken,8223,0777_(Municipalities as of 2000) Itako-machi,22962,11408,11554,23878,-916,-3.84,98.74,43.88,523.3,9123,9115,8,8863,260,2.93,22962,22544,418
777,08_Ibaraki-ken,8561,,08_Ibaraki-ken,8224,0778_Moriya-shi,68421,34163,34258,64753,3668,5.66,99.72,35.71,1916.0,27385,27367,18,24867,2518,10.13,68421,67717,704
778,08_Ibaraki-ken,8561,2000.0,08_Ibaraki-ken,8224,0779_(Municipalities as of 2000) Moriya-machi,68421,34163,34258,64753,3668,5.66,99.72,35.63,1920.3,27385,27367,18,24867,2518,10.13,68421,67717,704
779,08_Ibaraki-ken,8225,,08_Ibaraki-ken,8225,0780_Hitachiomiya-shi,39267,19392,19875,42587,-3320,-7.80,97.57,348.45,112.7,15643,15596,47,16005,-362,-2.26,39267,38129,1138
780,08_Ibaraki-ken,8308,2000.0,08_Ibaraki-ken,8225,0781_(Municipalities as of 2000) Gozenyama-mura,3192,1564,1628,3635,-443,-12.19,96.07,44.39,71.9,1224,1215,9,1317,-93,-7.06,3192,3053,139
781,08_Ibaraki-ken,8344,2000.0,08_Ibaraki-ken,8225,0782_(Municipalities as of 2000) Omiya-machi,24404,11974,12430,25616,-1212,-4.73,96.33,82.84,294.6,9792,9768,24,9767,25,0.26,24404,23785,619
782,08_Ibaraki-ken,8345,2000.0,08_Ibaraki-ken,8225,0783_(Municipalities as of 2000) Yamagata-machi,5633,2796,2837,6374,-741,-11.63,98.55,84.06,67.0,2285,2277,8,2418,-133,-5.50,5633,5427,206
783,08_Ibaraki-ken,8346,2000.0,08_Ibaraki-ken,8225,0784_(Municipalities as of 2000) Miwa-mura,2955,1520,1435,3434,-479,-13.95,105.92,80.35,36.8,1137,1134,3,1227,-90,-7.33,2955,2890,65
784,08_Ibaraki-ken,8347,2000.0,08_Ibaraki-ken,8225,0785_(Municipalities as of 2000) Ogawa-mura,3083,1538,1545,3528,-445,-12.61,99.55,56.74,54.3,1205,1202,3,1276,-71,-5.56,3083,2974,109
785,08_Ibaraki-ken,8226,,08_Ibaraki-ken,8226,0786_Naka-shi,53502,26047,27455,54276,-774,-1.43,94.87,97.82,546.9,20931,20878,53,20025,906,4.52,53502,51880,1622
786,08_Ibaraki-ken,8342,2000.0,08_Ibaraki-ken,8226,0787_(Municipalities as of 2000) Naka-machi,45878,22410,23468,46318,-440,-0.95,95.49,83.14,551.8,18138,18096,42,17276,862,4.99,45878,44801,1077
787,08_Ibaraki-ken,8343,2000.0,08_Ibaraki-ken,8226,0788_(Municipalities as of 2000) Urizura-machi,7624,3637,3987,7958,-334,-4.20,91.22,14.66,520.1,2793,2782,11,2749,44,1.60,7624,7079,545
788,08_Ibaraki-ken,8227,,08_Ibaraki-ken,8227,0789_Chikusei-shi,100753,50018,50735,104573,-3820,-3.65,98.59,205.3,490.8,37491,37409,82,35683,1808,5.07,100753,98352,2401
789,08_Ibaraki-ken,8206,2000.0,08_Ibaraki-ken,8227,0790_(Municipalities as of 2000) Shimodate-shi,58817,29244,29573,60425,-1608,-2.66,98.89,86.25,681.9,22968,22917,51,21711,1257,5.79,58817,57333,1484
790,08_Ibaraki-ken,8501,2000.0,08_Ibaraki-ken,8227,0791_(Municipalities as of 2000) Sekijo-machi,13237,6525,6712,14042,-805,-5.73,97.21,34.51,383.6,4549,4539,10,4457,92,2.06,13237,12953,284
791,08_Ibaraki-ken,8502,2000.0,08_Ibaraki-ken,8227,0792_(Municipalities as of 2000) Akeno-machi,14458,7262,7196,15076,-618,-4.10,100.92,48.35,299.0,5127,5117,10,4862,265,5.45,14458,14303,155
792,08_Ibaraki-ken,8505,2000.0,08_Ibaraki-ken,8227,0793_(Municipalities as of 2000) Kyowa-machi,14241,6987,7254,15030,-789,-5.25,96.32,36.24,393.0,4847,4836,11,4653,194,4.17,14241,13763,478
793,08_Ibaraki-ken,8228,,08_Ibaraki-ken,8228,0794_Bando-shi,52265,26593,25672,54087,-1822,-3.37,103.59,123.03,424.8,18452,18405,47,17327,1125,6.49,52265,51182,1083
794,08_Ibaraki-ken,8218,2000.0,08_Ibaraki-ken,8228,0795_(Municipalities as of 2000) Iwai-shi,39017,19839,19178,40345,-1328,-3.29,103.45,90.72,430.1,14227,14213,14,13392,835,6.24,39017,38615,402
795,08_Ibaraki-ken,8544,2000.0,08_Ibaraki-ken,8228,0796_(Municipalities as of 2000) Sashima-machi,13248,6754,6494,13742,-494,-3.59,104.00,32.46,408.1,4225,4192,33,3935,290,7.37,13248,12567,681
796,08_Ibaraki-ken,8229,,08_Ibaraki-ken,8229,0797_Inashiki-shi,39039,19490,19549,42810,-3771,-8.81,99.70,205.81,189.7,14552,14495,57,14453,99,0.68,39039,37766,1273
797,08_Ibaraki-ken,8441,2000.0,08_Ibaraki-ken,8229,0798_(Municipalities as of 2000) Edosaki-machi,15563,7827,7736,16896,-1333,-7.89,101.18,52.82,294.6,6416,6413,3,6352,64,1.01,15563,15481,82
798,08_Ibaraki-ken,8446,2000.0,08_Ibaraki-ken,8229,0799_(Municipalities as of 2000) Shintone-machi,7752,3888,3864,8653,-901,-10.41,100.62,29.74,260.7,2895,2855,40,2917,-22,-0.75,7752,7320,432
799,08_Ibaraki-ken,8448,2000.0,08_Ibaraki-ken,8229,0800_(Municipalities as of 2000) Sakuragawa-mura,5362,2718,2644,5964,-602,-10.09,102.80,34.11,157.2,1735,1731,4,1764,-29,-1.64,5362,5125,237
800,08_Ibaraki-ken,8449,2000.0,08_Ibaraki-ken,8229,0801_(Municipalities as of 2000) Azuma-machi,10362,5057,5305,11297,-935,-8.28,95.33,61.45,168.6,3506,3496,10,3420,86,2.51,10362,9840,522
801,08_Ibaraki-ken,8230,,08_Ibaraki-ken,8230,0802_Kasumigaura-shi,40087,20341,19746,42147,-2060,-4.89,103.01,156.6,256.0,15271,15230,41,15142,129,0.85,40087,38789,1298
802,08_Ibaraki-ken,8461,2000.0,08_Ibaraki-ken,8230,0803_(Municipalities as of 2000) Kasumigaura-machi,14564,7357,7207,15513,-949,-6.12,102.08,70.27,207.3,5182,5165,17,5173,9,0.17,14564,14090,474
803,08_Ibaraki-ken,8464,2000.0,08_Ibaraki-ken,8230,0804_(Municipalities as of 2000) Chiyoda-machi,25523,12984,12539,26634,-1111,-4.17,103.55,48.5,526.2,10089,10065,24,9969,120,1.20,25523,24699,824
804,08_Ibaraki-ken,8231,,08_Ibaraki-ken,8231,0805_Sakuragawa-shi,39122,19359,19763,42632,-3510,-8.23,97.96,180.06,217.3,13453,13392,61,13585,-132,-0.97,39122,37882,1240
805,08_Ibaraki-ken,8324,2000.0,08_Ibaraki-ken,8231,0806_(Municipalities as of 2000) Iwase-machi,18077,8858,9219,19614,-1537,-7.84,96.08,87.16,207.4,6382,6370,12,6450,-68,-1.05,18077,17472,605
806,08_Ibaraki-ken,8503,2000.0,08_Ibaraki-ken,8231,0807_(Municipalities as of 2000) Makabe-machi,15159,7563,7596,16668,-1509,-9.05,99.57,63.4,239.1,5204,5160,44,5271,-67,-1.27,15159,14750,409
807,08_Ibaraki-ken,8504,2000.0,08_Ibaraki-ken,8231,0808_(Municipalities as of 2000) Yamato-mura,5886,2938,2948,6350,-464,-7.31,99.66,29.22,201.4,1867,1862,5,1864,3,0.16,5886,5660,226
808,08_Ibaraki-ken,8232,,08_Ibaraki-ken,8232,0809_Kamisu-shi,95454,49407,46047,94522,932,0.99,107.30,146.97,649.5,40487,40376,111,37221,3266,8.77,95454,94295,1159
809,08_Ibaraki-ken,8406,2000.0,08_Ibaraki-ken,8232,0810_(Municipalities as of 2000) Kamisu-machi,59757,31630,28127,56952,2805,4.93,112.45,78.96,756.8,26489,26452,37,23330,3159,13.54,59757,59131,626
810,08_Ibaraki-ken,8407,2000.0,08_Ibaraki-ken,8232,0811_(Municipalities as of 2000) Hasaki-machi,35697,17777,17920,37570,-1873,-4.99,99.20,68.28,522.8,13998,13924,74,13891,107,0.77,35697,35164,533
811,08_Ibaraki-ken,8233,,08_Ibaraki-ken,8233,0812_Namegata-shi,32185,15971,16214,34909,-2724,-7.80,98.50,222.48,144.7,11144,11120,24,11115,29,0.26,32185,31560,625
812,08_Ibaraki-ken,8421,2000.0,08_Ibaraki-ken,8233,0813_(Municipalities as of 2000) Aso-machi,12520,6191,6329,13541,-1021,-7.54,97.82,60.38,207.4,4264,4255,9,4227,37,0.88,12520,12336,184
813,08_Ibaraki-ken,8424,2000.0,08_Ibaraki-ken,8233,0814_(Municipalities as of 2000) Kitaura-machi,8249,4136,4113,9086,-837,-9.21,100.56,54.7,150.8,2835,2830,5,2880,-45,-1.56,8249,8081,168
814,08_Ibaraki-ken,8425,2000.0,08_Ibaraki-ken,8233,0815_(Municipalities as of 2000) Tamatsukuri-machi,11416,5644,5772,12282,-866,-7.05,97.78,51.25,222.8,4045,4035,10,4008,37,0.92,11416,11143,273
815,08_Ibaraki-ken,8234,,08_Ibaraki-ken,8234,0816_Hokota-shi,45953,23376,22577,48147,-2194,-4.56,103.54,207.6,221.4,17919,17894,25,17430,489,2.81,45953,45198,755
816,08_Ibaraki-ken,8401,2000.0,08_Ibaraki-ken,8234,0817_(Municipalities as of 2000) Asahi-mura,10784,5698,5086,11051,-267,-2.42,112.03,53.8,200.4,4079,4071,8,3868,211,5.46,10784,10528,256
817,08_Ibaraki-ken,8402,2000.0,08_Ibaraki-ken,8234,0818_(Municipalities as of 2000) Hokota-machi,24634,12280,12354,25923,-1289,-4.97,99.40,106.47,231.4,9403,9391,12,9133,270,2.96,24634,24221,413
818,08_Ibaraki-ken,8403,2000.0,08_Ibaraki-ken,8234,0819_(Municipalities as of 2000) Taiyo-mura,10535,5398,5137,11173,-638,-5.71,105.08,43.63,241.5,4437,4432,5,4429,8,0.18,10535,10449,86
819,08_Ibaraki-ken,8235,,08_Ibaraki-ken,8235,0820_Tsukubamirai-shi,49872,24895,24977,49136,736,1.50,99.67,79.16,630.0,19971,19955,16,18137,1834,10.11,49872,49457,415
820,08_Ibaraki-ken,8482,2000.0,08_Ibaraki-ken,8235,0821_(Municipalities as of 2000) Ina-machi,26374,13082,13292,26709,-335,-1.25,98.42,45.54,579.1,10658,10650,8,9844,814,8.27,26374,26183,191
821,08_Ibaraki-ken,8483,2000.0,08_Ibaraki-ken,8235,0822_(Municipalities as of 2000) Yawara-mura,23498,11813,11685,22427,1071,4.78,101.10,33.6,699.3,9313,9305,8,8293,1020,12.30,23498,23274,224
822,08_Ibaraki-ken,8236,,08_Ibaraki-ken,8236,0823_Omitama-shi,48870,24591,24279,50911,-2041,-4.01,101.29,144.74,337.6,18407,18322,85,17491,916,5.24,48870,46863,2007
823,08_Ibaraki-ken,8303,2000.0,08_Ibaraki-ken,8236,0824_(Municipalities as of 2000) Ogawa-machi,16285,8451,7834,17296,-1011,-5.85,107.88,62.98,258.6,5906,5850,56,5693,213,3.74,16285,15344,941
824,08_Ibaraki-ken,8304,2000.0,08_Ibaraki-ken,8236,0825_(Municipalities as of 2000) Minori-machi,24642,12189,12453,25327,-685,-2.70,97.88,61.9,398.1,9573,9556,17,9007,566,6.28,24642,24128,514
825,08_Ibaraki-ken,8462,2000.0,08_Ibaraki-ken,8236,0826_(Municipalities as of 2000) Tamari-mura,7943,3951,3992,8288,-345,-4.16,98.97,15.33,518.1,2928,2916,12,2791,137,4.91,7943,7391,552
826,08_Ibaraki-ken,8302,2000.0,08_Ibaraki-ken,8302,0827_Ibaraki-machi,31401,15563,15838,32921,-1520,-4.62,98.26,121.58,258.3,11758,11716,42,11356,402,3.54,31401,29991,1410
827,08_Ibaraki-ken,8309,2000.0,08_Ibaraki-ken,8309,0828_Oarai-machi,15715,7789,7926,16886,-1171,-6.93,98.27,23.89,657.8,6596,6581,15,6661,-65,-0.98,15715,15320,395
828,08_Ibaraki-ken,8310,,08_Ibaraki-ken,8310,0829_Shirosato-machi,18097,8913,9184,19800,-1703,-8.60,97.05,161.8,111.8,6913,6904,9,7066,-153,-2.17,18097,17782,315
829,08_Ibaraki-ken,8306,2000.0,08_Ibaraki-ken,8310,0830_(Municipalities as of 2000) Johoku-machi,11289,5570,5719,12166,-877,-7.21,97.39,52.36,215.6,4351,4348,3,4396,-45,-1.02,11289,11148,141
830,08_Ibaraki-ken,8307,2000.0,08_Ibaraki-ken,8310,0831_(Municipalities as of 2000) Katsura-mura,5212,2543,2669,5767,-555,-9.62,95.28,46.33,112.5,1999,1994,5,2058,-59,-2.87,5212,5054,158
831,08_Ibaraki-ken,8323,2000.0,08_Ibaraki-ken,8310,0832_(Municipalities as of 2000) Nanakai-mura,1596,800,796,1867,-271,-14.52,100.50,63.04,25.3,563,562,1,612,-49,-8.01,1596,1580,16
832,08_Ibaraki-ken,8341,2000.0,08_Ibaraki-ken,8341,0833_Tokai-mura,37891,19240,18651,37713,178,0.47,103.16,38.0,997.1,15429,15383,46,14494,935,6.45,37891,37146,745
833,08_Ibaraki-ken,8364,2000.0,08_Ibaraki-ken,8364,0834_Daigo-machi,15736,7692,8044,18053,-2317,-12.83,95.62,325.76,48.3,6356,6333,23,6733,-377,-5.60,15736,15171,565
834,08_Ibaraki-ken,8442,2000.0,08_Ibaraki-ken,8442,0835_Miho-mura,14602,7479,7123,15842,-1240,-7.83,105.00,66.61,219.2,5864,5852,12,5958,-94,-1.58,14602,14139,463
835,08_Ibaraki-ken,8443,2000.0,08_Ibaraki-ken,8443,0836_Ami-machi,48553,24237,24316,47535,1018,2.14,99.68,71.4,680.0,20225,20188,37,18801,1424,7.57,48553,47330,1223
836,08_Ibaraki-ken,8447,2000.0,08_Ibaraki-ken,8447,0837_Kawachi-machi,8231,4051,4180,9168,-937,-10.22,96.91,44.3,185.8,2895,2888,7,2950,-55,-1.86,8231,8063,168
837,08_Ibaraki-ken,8521,2000.0,08_Ibaraki-ken,8521,0838_Yachiyo-machi,21026,10991,10035,22021,-995,-4.52,109.53,58.99,356.4,7017,6999,18,6799,218,3.21,21026,20674,352
838,08_Ibaraki-ken,8542,2000.0,08_Ibaraki-ken,8542,0839_Goka-machi,8093,4066,4027,8786,-693,-7.89,100.97,23.11,350.2,2928,2926,2,2894,34,1.17,8093,7997,96
839,08_Ibaraki-ken,8546,2000.0,08_Ibaraki-ken,8546,0840_Sakai-machi,24201,12274,11927,24517,-316,-1.29,102.91,46.59,519.4,8722,8709,13,8061,661,8.20,24201,23926,275
840,08_Ibaraki-ken,8564,2000.0,08_Ibaraki-ken,8564,0841_Tone-machi,15340,7482,7858,16313,-973,-5.96,95.22,24.86,617.1,6258,6245,13,6138,120,1.96,15340,15104,236
841,09_Tochigi-ken,9000,2000.0,09_Tochigi-ken,9000,0842_Tochigi-ken,1933146,964930,968216,1974255,-41109,-2.08,99.66,6408.09,301.7,796923,795449,1474,763097,33826,4.43,1933146,1891685,41461
842,09_Tochigi-ken,9201,,09_Tochigi-ken,9201,0843_Utsunomiya-shi,518757,259616,259141,518594,163,0.03,100.18,416.85,1244.5,230841,230546,295,217419,13422,6.17,518757,509379,9378
843,09_Tochigi-ken,9201,2000.0,09_Tochigi-ken,9201,0844_(Municipalities as of 2000) Utsunomiya-shi,474650,237635,237015,474050,600,0.13,100.26,312.16,1520.5,213999,213729,270,201481,12518,6.21,474650,465984,8666
844,09_Tochigi-ken,9303,2000.0,09_Tochigi-ken,9201,0845_(Municipalities as of 2000) Kamikawachi-machi,9527,4756,4771,9641,-114,-1.18,99.69,56.9,167.4,3483,3480,3,3233,250,7.73,9527,9469,58
845,09_Tochigi-ken,9304,2000.0,09_Tochigi-ken,9201,0846_(Municipalities as of 2000) Kawachi-machi,34580,17225,17355,34903,-323,-0.93,99.25,47.72,724.6,13359,13337,22,12705,654,5.15,34580,33926,654
846,09_Tochigi-ken,9202,2000.0,09_Tochigi-ken,9202,0847_Ashikaga-shi,144746,71405,73341,149452,-4706,-3.15,97.36,177.76,814.3,61617,61446,171,60186,1431,2.38,144746,140374,4372
847,09_Tochigi-ken,9203,,09_Tochigi-ken,9203,0848_Tochigi-shi,155549,77408,78141,159211,-3662,-2.30,99.06,331.5,469.2,60918,60796,122,57838,3080,5.33,155549,152145,3404
848,09_Tochigi-ken,9203,2000.0,09_Tochigi-ken,9203,0849_(Municipalities as of 2000) Tochigi-shi,77064,37810,39254,78009,-945,-1.21,96.32,122.06,631.4,31238,31163,75,29528,1710,5.79,77064,74865,2199
849,09_Tochigi-ken,9321,2000.0,09_Tochigi-ken,9203,0850_(Municipalities as of 2000) Nishikata-machi,5842,2908,2934,6168,-326,-5.29,99.11,32.0,182.6,2054,2050,4,2029,25,1.23,5842,5745,97
850,09_Tochigi-ken,9365,2000.0,09_Tochigi-ken,9203,0851_(Municipalities as of 2000) Ohira-machi,29048,14804,14244,29358,-310,-1.06,103.93,39.8,729.8,11413,11396,17,10525,888,8.44,29048,28706,342
851,09_Tochigi-ken,9366,2000.0,09_Tochigi-ken,9203,0852_(Municipalities as of 2000) Fujioka-machi,14639,7295,7344,15652,-1013,-6.47,99.33,60.45,242.2,5405,5400,5,5387,18,0.33,14639,14443,196
852,09_Tochigi-ken,9367,2000.0,09_Tochigi-ken,9203,0853_(Municipalities as of 2000) Iwafune-machi,16519,8388,8131,17354,-835,-4.81,103.16,46.74,353.4,6253,6240,13,6095,158,2.59,16519,16093,426
853,09_Tochigi-ken,9368,2000.0,09_Tochigi-ken,9203,0854_(Municipalities as of 2000) Tsuga-machi,12437,6203,6234,12670,-233,-1.84,99.50,30.52,407.5,4555,4547,8,4274,281,6.57,12437,12293,144
854,09_Tochigi-ken,9204,,09_Tochigi-ken,9204,0855_Sano-shi,116228,57494,58734,118919,-2691,-2.26,97.89,356.04,326.4,48121,48009,112,46390,1731,3.73,116228,113424,2804
855,09_Tochigi-ken,9204,2000.0,09_Tochigi-ken,9204,0856_(Municipalities as of 2000) Sano-shi,81971,40684,41287,82655,-684,-0.83,98.54,84.37,971.6,34621,34539,82,32944,1677,5.09,81971,79899,2072
856,09_Tochigi-ken,9421,2000.0,09_Tochigi-ken,9204,0857_(Municipalities as of 2000) Tanuma-machi,25960,12771,13189,26744,-784,-2.93,96.83,180.04,144.2,10169,10150,19,9859,310,3.14,25960,25497,463
857,09_Tochigi-ken,9422,2000.0,09_Tochigi-ken,9204,0858_(Municipalities as of 2000) Kuzuu-machi,8297,4039,4258,9520,-1223,-12.85,94.86,91.66,90.5,3331,3320,11,3587,-256,-7.14,8297,8028,269
858,09_Tochigi-ken,9205,,09_Tochigi-ken,9205,0859_Kanuma-shi,94033,46609,47424,98374,-4341,-4.41,98.28,490.64,191.7,36098,36012,86,35079,1019,2.90,94033,92237,1796
859,09_Tochigi-ken,9205,2000.0,09_Tochigi-ken,9205,0860_(Municipalities as of 2000) Kanuma-shi,86414,42757,43657,89833,-3419,-3.81,97.94,313.3,275.8,33322,33244,78,32236,1086,3.37,86414,84806,1608
860,09_Tochigi-ken,9322,2000.0,09_Tochigi-ken,9205,0861_(Municipalities as of 2000) Awano-machi,7619,3852,3767,8541,-922,-10.79,102.26,177.32,43.0,2776,2768,8,2843,-67,-2.36,7619,7431,188
861,09_Tochigi-ken,9206,,09_Tochigi-ken,9206,0862_Nikko-shi,77661,37823,39838,83386,-5725,-6.87,94.94,1449.83,53.6,32308,32219,89,32658,-350,-1.07,77661,75793,1868
862,09_Tochigi-ken,9206,2000.0,09_Tochigi-ken,9206,0863_(Municipalities as of 2000) Nikko-shi,11483,5457,6026,13016,-1533,-11.78,90.56,320.98,35.8,5125,5113,12,5475,-350,-6.39,11483,11213,270
863,09_Tochigi-ken,9207,2000.0,09_Tochigi-ken,9206,0864_(Municipalities as of 2000) Imaichi-shi,55579,27243,28336,58295,-2716,-4.66,96.14,243.52,228.2,21808,21761,47,21348,460,2.15,55579,54401,1178
864,09_Tochigi-ken,9323,2000.0,09_Tochigi-ken,9206,0865_(Municipalities as of 2000) Ashio-machi,1739,844,895,2178,-439,-20.16,94.30,185.79,9.4,882,872,10,1063,-181,-17.03,1739,1478,261
865,09_Tochigi-ken,9382,2000.0,09_Tochigi-ken,9206,0866_(Municipalities as of 2000) Kuriyama-mura,1041,530,511,1265,-224,-17.71,103.72,427.37,2.4,562,561,1,651,-89,-13.67,1041,1040,1
866,09_Tochigi-ken,9383,2000.0,09_Tochigi-ken,9206,0867_(Municipalities as of 2000) Fujihara-machi,7819,3749,4070,8632,-813,-9.42,92.11,272.27,28.7,3931,3912,19,4121,-190,-4.61,7819,7661,158
867,09_Tochigi-ken,9208,2000.0,09_Tochigi-ken,9208,0868_Oyama-shi,166666,84450,82216,166760,-94,-0.06,102.72,171.75,970.4,69624,69512,112,65792,3832,5.82,166666,163797,2869
868,09_Tochigi-ken,9209,,09_Tochigi-ken,9209,0869_Moka-shi,78190,39482,38708,79539,-1349,-1.70,102.00,167.34,467.3,29425,29389,36,27949,1476,5.28,78190,77167,1023
869,09_Tochigi-ken,9209,2000.0,09_Tochigi-ken,9209,0870_(Municipalities as of 2000) Moka-shi,63828,32271,31557,64439,-611,-0.95,102.26,111.76,571.1,24426,24398,28,23037,1389,6.03,63828,63013,815
870,09_Tochigi-ken,9341,2000.0,09_Tochigi-ken,9209,0871_(Municipalities as of 2000) Ninomiya-machi,14362,7211,7151,15100,-738,-4.89,100.84,55.45,259.0,4999,4991,8,4912,87,1.77,14362,14154,208
871,09_Tochigi-ken,9210,,09_Tochigi-ken,9210,0872_Ohtawara-shi,72087,35407,36680,75457,-3370,-4.47,96.53,354.36,203.4,29792,29733,59,28753,1039,3.61,72087,70538,1549
872,09_Tochigi-ken,9210,2000.0,09_Tochigi-ken,9210,0873_(Municipalities as of 2000) Ohtawara-shi,57332,28020,29312,57659,-327,-0.57,95.59,133.97,427.9,24655,24614,41,23383,1272,5.44,57332,56125,1207
873,09_Tochigi-ken,9405,2000.0,09_Tochigi-ken,9210,0874_(Municipalities as of 2000) Yuzukami-mura,3960,1983,1977,4360,-400,-9.17,100.30,32.68,121.2,1331,1328,3,1324,7,0.53,3960,3891,69
874,09_Tochigi-ken,9406,2000.0,09_Tochigi-ken,9210,0875_(Municipalities as of 2000) Kurobane-machi,10795,5404,5391,13438,-2643,-19.67,100.24,187.47,57.6,3806,3791,15,4046,-240,-5.93,10795,10522,273
875,09_Tochigi-ken,9211,2000.0,09_Tochigi-ken,9211,0876_Yaita-shi,31165,15415,15750,33354,-2189,-6.56,97.87,170.46,182.8,12012,11978,34,12342,-330,-2.67,31165,30267,898
876,09_Tochigi-ken,9213,,09_Tochigi-ken,9213,0877_Nasushiobara-shi,115210,57307,57903,117146,-1936,-1.65,98.97,592.74,194.4,47454,47388,66,45608,1846,4.05,115210,113388,1822
877,09_Tochigi-ken,9212,2000.0,09_Tochigi-ken,9213,0878_(Municipalities as of 2000) Kuroiso-shi,59880,29530,30350,60982,-1102,-1.81,97.30,343.12,174.5,24258,24221,37,23350,908,3.89,59880,58927,953
878,09_Tochigi-ken,9409,2000.0,09_Tochigi-ken,9213,0879_(Municipalities as of 2000) Nishinasuno-machi,48522,24407,24115,48722,-200,-0.41,101.21,59.63,813.7,20392,20369,23,19354,1038,5.36,48522,47916,606
879,09_Tochigi-ken,9410,2000.0,09_Tochigi-ken,9213,0880_(Municipalities as of 2000) Shiobara-machi,6808,3370,3438,7442,-634,-8.52,98.02,190.07,35.8,2804,2798,6,2904,-100,-3.44,6808,6545,263
880,09_Tochigi-ken,9214,,09_Tochigi-ken,9214,0881_Sakura-shi,44513,23102,21411,44901,-388,-0.86,107.90,125.63,354.3,16370,16310,60,15648,722,4.61,44513,41967,2546
881,09_Tochigi-ken,9385,2000.0,09_Tochigi-ken,9214,0882_(Municipalities as of 2000) Ujiie-machi,33766,16960,16806,33187,579,1.74,100.92,49.99,675.5,12847,12806,41,12041,806,6.69,33766,32772,994
882,09_Tochigi-ken,9387,2000.0,09_Tochigi-ken,9214,0883_(Municipalities as of 2000) Kitsuregawa-machi,10747,6142,4605,11714,-967,-8.26,133.38,75.47,142.4,3523,3504,19,3607,-84,-2.33,10747,9195,1552
883,09_Tochigi-ken,9215,,09_Tochigi-ken,9215,0884_Nasukarasuyama-shi,24875,12379,12496,27047,-2172,-8.03,99.06,174.35,142.7,9186,9148,38,9439,-253,-2.68,24875,23993,882
884,09_Tochigi-ken,9401,2000.0,09_Tochigi-ken,9215,0885_(Municipalities as of 2000) Minaminasu-machi,10235,5181,5054,11003,-768,-6.98,102.51,81.56,125.5,3689,3675,14,3728,-39,-1.05,10235,9968,267
885,09_Tochigi-ken,9402,2000.0,09_Tochigi-ken,9215,0886_(Municipalities as of 2000) Karasuyama-machi,14640,7198,7442,16044,-1404,-8.75,96.72,92.86,157.7,5497,5473,24,5711,-214,-3.75,14640,14025,615
886,09_Tochigi-ken,9216,,09_Tochigi-ken,9216,0887_Shimotsuke-shi,59507,29453,30054,59431,76,0.13,98.00,74.59,797.8,23497,23463,34,21394,2103,9.83,59507,57873,1634
887,09_Tochigi-ken,9302,2000.0,09_Tochigi-ken,9216,0888_(Municipalities as of 2000) Minamikawachi-machi,19563,9701,9862,19764,-201,-1.02,98.37,31.35,624.0,7740,7729,11,6885,855,12.42,19563,18630,933
888,09_Tochigi-ken,9362,2000.0,09_Tochigi-ken,9216,0889_(Municipalities as of 2000) Ishibashi-machi,21202,10528,10674,21024,178,0.85,98.63,22.43,945.3,8294,8283,11,7617,677,8.89,21202,20939,263
889,09_Tochigi-ken,9363,2000.0,09_Tochigi-ken,9216,0890_(Municipalities as of 2000) Kokubunji-machi,18742,9224,9518,18643,99,0.53,96.91,20.8,901.1,7463,7451,12,6892,571,8.28,18742,18304,438
890,09_Tochigi-ken,9301,2000.0,09_Tochigi-ken,9301,0891_Kaminokawa-machi,30806,15842,14964,31046,-240,-0.77,105.87,54.39,566.4,11544,11534,10,10777,767,7.12,30806,30436,370
891,09_Tochigi-ken,9342,2000.0,09_Tochigi-ken,9342,0892_Mashiko-machi,21898,10871,11027,23281,-1383,-5.94,98.59,89.4,244.9,7813,7798,15,7787,26,0.33,21898,21297,601
892,09_Tochigi-ken,9343,2000.0,09_Tochigi-ken,9343,0893_Motegi-machi,11891,5872,6019,13188,-1297,-9.83,97.56,172.69,68.9,4458,4446,12,4572,-114,-2.49,11891,11630,261
893,09_Tochigi-ken,9344,2000.0,09_Tochigi-ken,9344,0894_Ichikai-machi,11262,5756,5506,11720,-458,-3.91,104.54,64.25,175.3,4260,4254,6,4109,151,3.67,11262,11142,120
894,09_Tochigi-ken,9345,2000.0,09_Tochigi-ken,9345,0895_Haga-machi,14961,7541,7420,15189,-228,-1.50,101.63,70.16,213.2,5230,5223,7,4957,273,5.51,14961,14842,119
895,09_Tochigi-ken,9361,2000.0,09_Tochigi-ken,9361,0896_Mibu-machi,39474,19442,20032,39951,-477,-1.19,97.05,61.06,646.5,15894,15865,29,15258,636,4.17,39474,38782,692
896,09_Tochigi-ken,9364,2000.0,09_Tochigi-ken,9364,0897_Nogi-machi,24913,12401,12512,25292,-379,-1.50,99.11,30.27,823.0,9841,9822,19,9530,311,3.26,24913,24540,373
897,09_Tochigi-ken,9384,2000.0,09_Tochigi-ken,9384,0898_Shioya-machi,10354,5135,5219,11495,-1141,-9.93,98.39,176.06,58.8,3623,3613,10,3696,-73,-1.98,10354,10124,230
898,09_Tochigi-ken,9386,2000.0,09_Tochigi-ken,9386,0899_Takanezawa-machi,29229,15254,13975,29639,-410,-1.38,109.15,70.87,412.4,12205,12191,14,11521,684,5.94,29229,28744,485
899,09_Tochigi-ken,9407,2000.0,09_Tochigi-ken,9407,0900_Nasu-machi,23956,11784,12172,24919,-963,-3.86,96.81,372.34,64.3,9110,9085,25,8564,546,6.38,23956,22823,1133
900,09_Tochigi-ken,9411,,09_Tochigi-ken,9411,0901_Nakagawa-machi,15215,7682,7533,16964,-1749,-10.31,101.98,192.78,78.9,5682,5669,13,5831,-149,-2.56,15215,14983,232
901,09_Tochigi-ken,9403,2000.0,09_Tochigi-ken,9411,0902_(Municipalities as of 2000) Bato-machi,9622,4848,4774,10882,-1260,-11.58,101.55,151.68,63.4,3570,3561,9,3715,-145,-3.90,9622,9471,151
902,09_Tochigi-ken,9404,2000.0,09_Tochigi-ken,9411,0903_(Municipalities as of 2000) Ogawa-machi,5593,2834,2759,6082,-489,-8.04,102.72,41.16,135.9,2112,2108,4,2116,-4,-0.19,5593,5512,81
903,10_Gumma-ken,10000,2000.0,10_Gumma-ken,10000,0904_Gumma-ken,1939110,959411,979699,1973115,-34005,-1.72,97.93,6362.28,304.8,805252,803215,2037,773952,31300,4.04,1939110,1884909,54201
904,10_Gumma-ken,10201,,10_Gumma-ken,10201,0905_Maebashi-shi,332149,162298,169851,336154,-4005,-1.19,95.55,311.59,1066.0,141882,141556,326,136900,4982,3.64,332149,322887,9262
905,10_Gumma-ken,10201,2000.0,10_Gumma-ken,10201,0906_(Municipalities as of 2000) Maebashi-shi,275741,134321,141420,277516,-1775,-0.64,94.98,147.34,1871.5,120724,120450,274,116384,4340,3.73,275741,267590,8151
906,10_Gumma-ken,10303,2000.0,10_Gumma-ken,10201,0907_(Municipalities as of 2000) Fujimi-mura,21707,10823,10884,22428,-721,-3.21,99.44,70.42,308.3,8171,8156,15,7888,283,3.59,21707,21379,328
907,10_Gumma-ken,10304,2000.0,10_Gumma-ken,10201,0908_(Municipalities as of 2000) Ogo-machi,17483,8572,8911,17849,-366,-2.05,96.20,19.76,884.8,6673,6653,20,6372,301,4.72,17483,16974,509
908,10_Gumma-ken,10305,2000.0,10_Gumma-ken,10201,0909_(Municipalities as of 2000) Miyagi-mura,7131,3525,3606,7755,-624,-8.05,97.75,48.15,148.1,2564,2561,3,2551,13,0.51,7131,7049,82
909,10_Gumma-ken,10306,2000.0,10_Gumma-ken,10201,0910_(Municipalities as of 2000) Kasukawa-mura,10087,5057,5030,10606,-519,-4.89,100.54,25.97,388.4,3750,3736,14,3705,45,1.21,10087,9895,192
910,10_Gumma-ken,10202,,10_Gumma-ken,10202,0911_Takasaki-shi,372973,182646,190327,370884,2089,0.56,95.96,459.16,812.3,160981,160565,416,150180,10801,7.19,372973,361785,11188
911,10_Gumma-ken,10202,2000.0,10_Gumma-ken,10202,0912_(Municipalities as of 2000) Takasaki-shi,252032,123488,128544,249741,2291,0.92,96.07,110.72,2276.3,113602,113374,228,105993,7609,7.18,252032,245746,6286
912,10_Gumma-ken,10321,2000.0,10_Gumma-ken,10202,0913_(Municipalities as of 2000) Haruna-machi,18423,8954,9469,19976,-1553,-7.77,94.56,93.59,196.8,7122,7093,29,7064,58,0.82,18423,17662,761
913,10_Gumma-ken,10322,2000.0,10_Gumma-ken,10202,0914_(Municipalities as of 2000) Kurabuchi-mura,3050,1507,1543,3544,-494,-13.94,97.67,127.26,24.0,1282,1279,3,1343,-61,-4.54,3050,2960,90
914,10_Gumma-ken,10323,2000.0,10_Gumma-ken,10202,0915_(Municipalities as of 2000) Misato-machi,20481,9934,10547,20486,-5,-0.02,94.19,43.76,468.0,7532,7486,46,6973,559,8.02,20481,19126,1355
915,10_Gumma-ken,10324,2000.0,10_Gumma-ken,10202,0916_(Municipalities as of 2000) Gumma-machi,43565,21340,22225,40970,2595,6.33,96.02,21.94,1985.6,16921,16854,67,15022,1899,12.64,43565,41937,1628
916,10_Gumma-ken,10361,2000.0,10_Gumma-ken,10202,0917_(Municipalities as of 2000) Shin-machi,12053,5828,6225,12303,-250,-2.03,93.62,3.74,3222.7,5340,5327,13,5059,281,5.55,12053,11686,367
917,10_Gumma-ken,10363,2000.0,10_Gumma-ken,10202,0918_(Municipalities as of 2000) Yoshii-machi,23369,11595,11774,23864,-495,-2.07,98.48,58.35,400.5,9182,9152,30,8726,456,5.23,23369,22668,701
918,10_Gumma-ken,10203,,10_Gumma-ken,10203,0919_Kiryu-shi,106445,51392,55053,114714,-8269,-7.21,93.35,274.45,387.8,44971,44862,109,46034,-1063,-2.31,106445,103082,3363
919,10_Gumma-ken,10203,2000.0,10_Gumma-ken,10203,0920_(Municipalities as of 2000) Kiryu-shi,88906,42741,46165,96494,-7588,-7.86,92.58,137.47,646.7,38590,38507,83,39811,-1221,-3.07,88906,86177,2729
920,10_Gumma-ken,10307,2000.0,10_Gumma-ken,10203,0921_(Municipalities as of 2000) Niisato-mura,15902,7830,8072,16254,-352,-2.17,97.00,35.6,446.7,5720,5696,24,5484,236,4.30,15902,15404,498
921,10_Gumma-ken,10308,2000.0,10_Gumma-ken,10203,0922_(Municipalities as of 2000) Kurohone-mura,1637,821,816,1966,-329,-16.73,100.61,101.5,16.1,661,659,2,739,-78,-10.55,1637,1501,136
922,10_Gumma-ken,10204,,10_Gumma-ken,10204,0923_Isesaki-shi,211850,106350,105500,208814,3036,1.45,100.81,139.44,1519.3,86200,86014,186,80110,6090,7.60,211850,207147,4703
923,10_Gumma-ken,10204,2000.0,10_Gumma-ken,10204,0924_(Municipalities as of 2000) Isesaki-shi,132591,66287,66304,131595,996,0.76,99.97,65.17,2034.5,55944,55837,107,52679,3265,6.20,132591,129911,2680
924,10_Gumma-ken,10461,2000.0,10_Gumma-ken,10204,0925_(Municipalities as of 2000) Akabori-machi,23700,11968,11732,23040,660,2.86,102.01,24.38,972.1,8791,8766,25,7992,799,10.00,23700,23020,680
925,10_Gumma-ken,10462,2000.0,10_Gumma-ken,10204,0926_(Municipalities as of 2000) Azuma-mura,26455,13326,13129,25275,1180,4.67,101.50,18.52,1428.5,9999,9976,23,8948,1051,11.75,26455,25994,461
926,10_Gumma-ken,10463,2000.0,10_Gumma-ken,10204,0927_(Municipalities as of 2000) Sakai-machi,29104,14769,14335,28904,200,0.69,103.03,31.26,931.0,11466,11435,31,10491,975,9.29,29104,28222,882
927,10_Gumma-ken,10205,,10_Gumma-ken,10205,0928_Ota-shi,223014,114106,108908,219807,3207,1.46,104.77,175.54,1270.4,92531,92346,185,86267,6264,7.26,223014,217937,5077
928,10_Gumma-ken,10205,2000.0,10_Gumma-ken,10205,0929_(Municipalities as of 2000) Ota-shi,158800,81771,77029,156042,2758,1.77,106.16,97.96,1621.1,67953,67809,144,63055,4898,7.77,158800,154940,3860
929,10_Gumma-ken,10481,2000.0,10_Gumma-ken,10205,0930_(Municipalities as of 2000) Ojima-machi,13704,6901,6803,13518,186,1.38,101.44,19.34,708.6,5290,5283,7,4888,402,8.22,13704,13498,206
930,10_Gumma-ken,10482,2000.0,10_Gumma-ken,10205,0931_(Municipalities as of 2000) Nitta-machi,28486,14358,14128,29047,-561,-1.93,101.63,38.22,745.3,10878,10865,13,10783,95,0.88,28486,28018,468
931,10_Gumma-ken,10483,2000.0,10_Gumma-ken,10205,0932_(Municipalities as of 2000) Yabuzukahon-machi,22024,11076,10948,21200,824,3.89,101.17,20.97,1050.3,8410,8389,21,7541,869,11.52,22024,21481,543
932,10_Gumma-ken,10206,,10_Gumma-ken,10206,0933_Numata-shi,45337,21942,23395,48676,-3339,-6.86,93.79,443.46,102.2,18853,18815,38,19178,-325,-1.69,45337,44358,979
933,10_Gumma-ken,10206,2000.0,10_Gumma-ken,10206,0934_(Municipalities as of 2000) Numata-shi,38615,18577,20038,41221,-2606,-6.32,92.71,136.31,283.3,16202,16167,35,16374,-172,-1.05,38615,37666,949
934,10_Gumma-ken,10441,2000.0,10_Gumma-ken,10206,0935_(Municipalities as of 2000) Shirasawa-mura,3388,1711,1677,3568,-180,-5.04,102.03,28.16,120.3,1293,1293,NULL,1306,-13,-1.00,3388,3388,NULL
935,10_Gumma-ken,10442,2000.0,10_Gumma-ken,10206,0936_(Municipalities as of 2000) Tone-mura,3334,1654,1680,3887,-553,-14.23,98.45,278.9,12.0,1358,1355,3,1498,-140,-9.35,3334,3304,30
936,10_Gumma-ken,10207,2000.0,10_Gumma-ken,10207,0937_Tatebayashi-shi,75309,37769,37540,76667,-1358,-1.77,100.61,60.97,1235.2,31643,31577,66,30219,1424,4.71,75309,73701,1608
937,10_Gumma-ken,10208,,10_Gumma-ken,10208,0938_Shibukawa-shi,74581,36363,38218,78391,-3810,-4.86,95.15,240.27,310.4,29114,28993,121,28812,302,1.05,74581,71426,3155
938,10_Gumma-ken,10208,2000.0,10_Gumma-ken,10208,0939_(Municipalities as of 2000) Shibukawa-shi,41674,20202,21472,42984,-1310,-3.05,94.09,51.59,807.8,16861,16793,68,16490,371,2.25,41674,39986,1688
939,10_Gumma-ken,10301,2000.0,10_Gumma-ken,10208,0940_(Municipalities as of 2000) Kitatachibana-mura,8808,4324,4484,9404,-596,-6.34,96.43,18.89,466.3,3021,3007,14,2998,23,0.77,8808,8267,541
940,10_Gumma-ken,10302,2000.0,10_Gumma-ken,10208,0941_(Municipalities as of 2000) Akagi-mura,9277,4615,4662,10240,-963,-9.40,98.99,78.29,118.5,3336,3319,17,3462,-126,-3.64,9277,8834,443
941,10_Gumma-ken,10341,2000.0,10_Gumma-ken,10208,0942_(Municipalities as of 2000) Komochi-mura,10856,5358,5498,11350,-494,-4.35,97.45,40.97,265.0,3992,3972,20,3896,96,2.46,10856,10439,417
942,10_Gumma-ken,10342,2000.0,10_Gumma-ken,10208,0943_(Municipalities as of 2000) Onogami-mura,1425,675,750,1548,-123,-7.95,90.00,28.36,50.2,543,542,1,566,-23,-4.06,1425,1367,58
943,10_Gumma-ken,10343,2000.0,10_Gumma-ken,10208,0944_(Municipalities as of 2000) Ikaho-machi,2541,1189,1352,2865,-324,-11.31,87.94,22.32,113.8,1361,1360,1,1400,-39,-2.79,2541,2533,8
944,10_Gumma-ken,10209,,10_Gumma-ken,10209,0945_Fujioka-shi,63261,30766,32495,65708,-2447,-3.72,94.68,180.29,350.9,25362,25301,61,24569,793,3.23,63261,61577,1684
945,10_Gumma-ken,10209,2000.0,10_Gumma-ken,10209,0946_(Municipalities as of 2000) Fujioka-shi,58391,28423,29968,60253,-1862,-3.09,94.84,127.64,457.5,23342,23290,52,22499,843,3.75,58391,56929,1462
946,10_Gumma-ken,10362,2000.0,10_Gumma-ken,10209,0947_(Municipalities as of 2000) Onishi-machi,4870,2343,2527,5455,-585,-10.72,92.72,52.45,92.9,2020,2011,9,2070,-50,-2.42,4870,4648,222
947,10_Gumma-ken,10210,,10_Gumma-ken,10210,0948_Tomioka-shi,47446,23403,24043,49746,-2300,-4.62,97.34,122.85,386.2,18514,18428,86,18255,259,1.42,47446,45044,2402
948,10_Gumma-ken,10210,2000.0,10_Gumma-ken,10210,0949_(Municipalities as of 2000) Tomioka-shi,43600,21477,22123,45720,-2120,-4.64,97.08,94.14,463.1,17116,17045,71,16867,249,1.48,43600,41548,2052
949,10_Gumma-ken,10381,2000.0,10_Gumma-ken,10210,0950_(Municipalities as of 2000) Myogi-machi,3846,1926,1920,4026,-180,-4.47,100.31,28.76,133.7,1398,1383,15,1388,10,0.72,3846,3496,350
950,10_Gumma-ken,10211,,10_Gumma-ken,10211,0951_Annaka-shi,54907,26848,28059,58531,-3624,-6.19,95.68,276.31,198.7,22093,22021,72,22381,-288,-1.29,54907,53435,1472
951,10_Gumma-ken,10211,2000.0,10_Gumma-ken,10211,0952_(Municipalities as of 2000) Annaka-shi,42775,20937,21838,44828,-2053,-4.58,95.87,101.29,422.3,17137,17083,54,17109,28,0.16,42775,41710,1065
952,10_Gumma-ken,10401,2000.0,10_Gumma-ken,10211,0953_(Municipalities as of 2000) Matsuida-machi,12132,5911,6221,13703,-1571,-11.46,95.02,175.05,69.3,4956,4938,18,5272,-316,-5.99,12132,11725,407
953,10_Gumma-ken,10212,,10_Gumma-ken,10212,0954_Midori-shi,49648,24562,25086,50906,-1258,-2.47,97.91,208.42,238.2,19443,19394,49,18867,576,3.05,49648,48126,1522
954,10_Gumma-ken,10309,2000.0,10_Gumma-ken,10212,0955_(Municipalities as of 2000) Azuma-mura,1701,807,894,2077,-376,-18.10,90.27,141.57,12.0,805,803,2,882,-77,-8.73,1701,1690,11
955,10_Gumma-ken,10484,2000.0,10_Gumma-ken,10212,0956_(Municipalities as of 2000) Kasakake-machi,30067,14991,15076,29653,414,1.40,99.44,18.61,1615.6,11347,11318,29,10599,748,7.06,30067,29113,954
956,10_Gumma-ken,10501,2000.0,10_Gumma-ken,10212,0957_(Municipalities as of 2000) Omama-machi,17880,8764,9116,19176,-1296,-6.76,96.14,48.05,372.1,7291,7273,18,7386,-95,-1.29,17880,17323,557
957,10_Gumma-ken,10344,2000.0,10_Gumma-ken,10344,0958_Shinto-mura,14216,7190,7026,14329,-113,-0.79,102.33,27.92,509.2,5116,5081,35,4887,229,4.69,14216,13456,760
958,10_Gumma-ken,10345,2000.0,10_Gumma-ken,10345,0959_Yoshioka-machi,21792,10613,11179,21080,712,3.38,94.94,20.46,1065.1,7863,7812,51,7289,574,7.87,21792,20760,1032
959,10_Gumma-ken,10366,2000.0,10_Gumma-ken,10366,0960_Ueno-mura,1128,573,555,1230,-102,-8.29,103.24,181.85,6.2,552,549,3,578,-26,-4.50,1128,1083,45
960,10_Gumma-ken,10367,,10_Gumma-ken,10367,0961_Kanna-machi,1645,793,852,1954,-309,-15.81,93.08,114.6,14.4,827,826,1,903,-76,-8.42,1645,1597,48
961,10_Gumma-ken,10364,2000.0,10_Gumma-ken,10367,0962_(Municipalities as of 2000) Mamba-machi,1160,550,610,1391,-231,-16.61,90.16,62.61,18.5,583,582,1,637,-54,-8.48,1160,1112,48
962,10_Gumma-ken,10365,2000.0,10_Gumma-ken,10367,0963_(Municipalities as of 2000) Nakasato-mura,485,243,242,563,-78,-13.85,100.41,52.08,9.3,244,244,NULL,266,-22,-8.27,485,485,NULL
963,10_Gumma-ken,10382,2000.0,10_Gumma-ken,10382,0964_Shimonita-machi,6576,3224,3352,7564,-988,-13.06,96.18,188.38,34.9,2808,2800,8,3040,-232,-7.63,6576,6345,231
964,10_Gumma-ken,10383,2000.0,10_Gumma-ken,10383,0965_Nanmoku-mura,1611,762,849,1979,-368,-18.60,89.75,118.83,13.6,801,797,4,953,-152,-15.95,1611,1511,100
965,10_Gumma-ken,10384,2000.0,10_Gumma-ken,10384,0966_Kanra-machi,12491,6175,6316,13200,-709,-5.37,97.77,58.61,213.1,4660,4650,10,4539,121,2.67,12491,12190,301
966,10_Gumma-ken,10421,,10_Gumma-ken,10421,0967_Nakanojo-machi,15386,7498,7888,16850,-1464,-8.69,95.06,439.28,35.0,6352,6327,25,6529,-177,-2.71,15386,14667,719
967,10_Gumma-ken,10421,2000.0,10_Gumma-ken,10421,0968_(Municipalities as of 2000) Nakanojo-machi,14279,6931,7348,15502,-1223,-7.89,94.32,236.47,60.4,5837,5819,18,5971,-134,-2.24,14279,13604,675
968,10_Gumma-ken,10427,2000.0,10_Gumma-ken,10421,0969_(Municipalities as of 2000) Kuni-mura,1107,567,540,1348,-241,-17.88,105.00,202.81,5.5,515,508,7,558,-43,-7.71,1107,1063,44
969,10_Gumma-ken,10424,2000.0,10_Gumma-ken,10424,0970_Naganohara-machi,5095,2529,2566,5536,-441,-7.97,98.56,133.85,38.1,2191,2185,6,2322,-131,-5.64,5095,4942,153
970,10_Gumma-ken,10425,2000.0,10_Gumma-ken,10425,0971_Tsumagoi-mura,8850,4522,4328,9780,-930,-9.51,104.48,337.58,26.2,3532,3529,3,3664,-132,-3.60,8850,8746,104
971,10_Gumma-ken,10426,2000.0,10_Gumma-ken,10426,0972_Kusatsu-machi,6049,3034,3015,6518,-469,-7.20,100.63,49.75,121.6,3229,3220,9,3275,-46,-1.40,6049,5898,151
972,10_Gumma-ken,10428,2000.0,10_Gumma-ken,10428,0973_Takayama-mura,3511,1745,1766,3674,-163,-4.44,98.81,64.18,54.7,1165,1161,4,1167,-2,-0.17,3511,3190,321
973,10_Gumma-ken,10429,,10_Gumma-ken,10429,0974_Higashiagatsuma-machi,12728,6268,6460,14033,-1305,-9.30,97.03,253.91,50.1,5144,5104,40,5235,-91,-1.74,12728,12385,343
974,10_Gumma-ken,10422,2000.0,10_Gumma-ken,10429,0975_(Municipalities as of 2000) Azuma-mura,1712,860,852,1962,-250,-12.74,100.94,33.45,51.2,646,646,NULL,680,-34,-5.00,1712,1712,NULL
975,10_Gumma-ken,10423,2000.0,10_Gumma-ken,10429,0976_(Municipalities as of 2000) Agatsuma-machi,11016,5408,5608,12071,-1055,-8.74,96.43,220.2,50.0,4498,4458,40,4555,-57,-1.25,11016,10673,343
976,10_Gumma-ken,10443,2000.0,10_Gumma-ken,10443,0977_Katashina-mura,3993,1949,2044,4390,-397,-9.04,95.35,391.76,10.2,1574,1571,3,1554,20,1.29,3993,3917,76
977,10_Gumma-ken,10444,2000.0,10_Gumma-ken,10444,0978_Kawaba-mura,3480,1593,1887,3647,-167,-4.58,84.42,85.25,40.8,997,989,8,980,17,1.73,3480,2927,553
978,10_Gumma-ken,10448,2000.0,10_Gumma-ken,10448,0979_Showa-mura,6953,3455,3498,7347,-394,-5.36,98.77,64.14,108.4,2601,2597,4,2476,125,5.05,6953,6815,138
979,10_Gumma-ken,10449,,10_Gumma-ken,10449,0980_Minakami-machi,17195,8349,8846,19347,-2152,-11.12,94.38,781.08,22.0,6959,6945,14,7594,-635,-8.36,17195,16829,366
980,10_Gumma-ken,10445,2000.0,10_Gumma-ken,10449,0981_(Municipalities as of 2000) Tsukiyono-machi,8647,4194,4453,9383,-736,-7.84,94.18,70.76,122.2,3304,3294,10,3443,-139,-4.04,8647,8370,277
981,10_Gumma-ken,10446,2000.0,10_Gumma-ken,10449,0982_(Municipalities as of 2000) Minakami-machi,3484,1702,1782,4176,-692,-16.57,95.51,527.72,6.6,1707,1705,2,2039,-332,-16.28,3484,3461,23
982,10_Gumma-ken,10447,2000.0,10_Gumma-ken,10449,0983_(Municipalities as of 2000) Niiharu-mura,5064,2453,2611,5788,-724,-12.51,93.95,182.43,27.8,1948,1946,2,2112,-164,-7.77,5064,4998,66
983,10_Gumma-ken,10464,2000.0,10_Gumma-ken,10464,0984_Tamamura-machi,36054,17594,18460,36654,-600,-1.64,95.31,25.78,1398.5,14932,14909,23,14337,595,4.15,36054,35366,688
984,10_Gumma-ken,10521,2000.0,10_Gumma-ken,10521,0985_Itakura-machi,14083,7031,7052,15015,-932,-6.21,99.70,41.86,336.4,5428,5415,13,5365,63,1.17,14083,13827,256
985,10_Gumma-ken,10522,2000.0,10_Gumma-ken,10522,0986_Meiwa-machi,10882,5465,5417,11044,-162,-1.47,100.89,19.64,554.1,4089,4082,7,3914,175,4.47,10882,10769,113
986,10_Gumma-ken,10523,2000.0,10_Gumma-ken,10523,0987_Chiyoda-machi,10861,5470,5391,11318,-457,-4.04,101.47,21.73,499.8,4074,4069,5,3981,93,2.34,10861,10710,151
987,10_Gumma-ken,10524,2000.0,10_Gumma-ken,10524,0988_Oizumi-machi,42089,22282,19807,41202,887,2.15,112.50,18.03,2334.4,19043,19010,33,18070,973,5.38,42089,41347,742
988,10_Gumma-ken,10525,2000.0,10_Gumma-ken,10525,0989_Ora-machi,25522,12852,12670,26426,-904,-3.42,101.44,31.11,820.4,9728,9715,13,9528,200,2.10,25522,25127,395
989,11_Saitama-ken,11000,2000.0,11_Saitama-ken,11000,0990_Saitama-ken,7344765,3652169,3692596,7266534,78231,1.08,98.91,3797.75,1934.0,3162743,3157627,5116,2971659,191084,6.43,7344765,7204956,139809
990,11_Saitama-ken,11100,,11_Saitama-ken,11100,0991_Saitama-shi,1324025,652920,671105,1263979,60046,4.75,97.29,217.43,6089.4,582475,581501,974,533209,49266,9.24,1324025,1299708,24317
991,11_Saitama-ken,11204,2000.0,11_Saitama-ken,11100,0992_(Municipalities as of 2000) Urawa-shi,584286,288473,295813,549873,34413,6.26,97.52,70.67,8267.8,258217,257968,249,233234,24983,10.71,584286,576358,7928
992,11_Saitama-ken,11205,2000.0,11_Saitama-ken,11100,0993_(Municipalities as of 2000) Omiya-shi,524655,257852,266803,505543,19112,3.78,96.65,89.37,5870.6,230124,229660,464,214161,15963,7.45,524655,512639,12016
993,11_Saitama-ken,11213,2000.0,11_Saitama-ken,11100,0994_(Municipalities as of 2000) Iwatsuki-shi,111815,55579,56236,109801,2014,1.83,98.83,49.16,2274.5,46364,46224,140,42942,3422,7.97,111815,109056,2759
994,11_Saitama-ken,11220,2000.0,11_Saitama-ken,11100,0995_(Municipalities as of 2000) Yono-shi,103269,51016,52253,98762,4507,4.56,97.63,8.29,12457.1,47770,47649,121,42872,4898,11.42,103269,101655,1614
995,11_Saitama-ken,11101,,11_Saitama-ken,11101,0996_Saitama-shi Nishi-ku,93499,45843,47656,87146,6353,7.29,96.20,29.12,3210.8,38197,38130,67,33871,4326,12.77,93499,90124,3375
996,11_Saitama-ken,11102,,11_Saitama-ken,11102,0997_Saitama-shi Kita-ku,149242,73370,75872,143446,5796,4.04,96.70,16.86,8851.8,66563,66401,162,61756,4807,7.78,149242,146078,3164
997,11_Saitama-ken,11103,,11_Saitama-ken,11103,0998_Saitama-shi Omiya-ku,117784,58338,59446,113864,3920,3.44,98.14,12.8,9201.9,55188,55087,101,53265,1923,3.61,117784,116535,1249
998,11_Saitama-ken,11104,,11_Saitama-ken,11104,0999_Saitama-shi Minuma-ku,165049,80749,84300,161960,3089,1.91,95.79,30.69,5377.9,70603,70469,134,65666,4937,7.52,165049,160821,4228
999,11_Saitama-ken,11105,,11_Saitama-ken,11105,1000_Saitama-shi Chuo-ku,103269,51016,52253,98762,4507,4.56,97.63,8.39,12308.6,47770,47649,121,42872,4898,11.42,103269,101655,1614
1000,11_Saitama-ken,11106,,11_Saitama-ken,11106,1001_Saitama-shi Sakura-ku,98661,49764,48897,97910,751,0.77,101.77,18.64,5293.0,46374,46332,42,43331,3043,7.02,98661,97093,1568
1001,11_Saitama-ken,11107,,11_Saitama-ken,11107,1002_Saitama-shi Urawa-ku,164822,79554,85268,154416,10406,6.74,93.30,11.51,14319.9,74499,74421,78,67136,7363,10.97,164822,163577,1245
1002,11_Saitama-ken,11108,,11_Saitama-ken,11108,1003_Saitama-shi Minami-ku,191563,95491,96072,180152,11411,6.33,99.40,13.82,13861.3,86081,86033,48,77895,8186,10.51,191563,189536,2027
1003,11_Saitama-ken,11109,,11_Saitama-ken,11109,1004_Saitama-shi Midori-ku,128321,63216,65105,116522,11799,10.13,97.10,26.44,4853.3,50836,50755,81,44475,6361,14.30,128321,125233,3088
1004,11_Saitama-ken,11110,,11_Saitama-ken,11110,1005_Saitama-shi Iwatsuki-ku,111815,55579,56236,109801,2014,1.83,98.83,49.17,2274.0,46364,46224,140,42942,3422,7.97,111815,109056,2759
1005,11_Saitama-ken,11201,2000.0,11_Saitama-ken,11201,1006_Kawagoe-shi,354571,177480,177091,350745,3826,1.09,100.22,109.13,3249.1,153376,153192,184,145715,7661,5.26,354571,347771,6800
1006,11_Saitama-ken,11202,,11_Saitama-ken,11202,1007_Kumagaya-shi,194415,97087,97328,198742,-4327,-2.18,99.75,159.82,1216.5,80153,79976,177,77004,3149,4.09,194415,188138,6277
1007,11_Saitama-ken,11202,2000.0,11_Saitama-ken,11202,1008_(Municipalities as of 2000) Kumagaya-shi,149959,74614,75345,152291,-2332,-1.53,99.03,85.18,1760.5,63388,63280,108,60854,2534,4.16,149959,146071,3888
1008,11_Saitama-ken,11401,2000.0,11_Saitama-ken,11202,1009_(Municipalities as of 2000) Osato-mura,8295,4204,4091,8479,-184,-2.17,102.76,15.58,532.4,2961,2953,8,2780,181,6.51,8295,7941,354
1009,11_Saitama-ken,11402,2000.0,11_Saitama-ken,11202,1010_(Municipalities as of 2000) Konan-machi,12644,6552,6092,13097,-453,-3.46,107.55,22.85,553.3,4665,4635,30,4281,384,8.97,12644,11249,1395
1010,11_Saitama-ken,11403,2000.0,11_Saitama-ken,11202,1011_(Municipalities as of 2000) Menuma-machi,23517,11717,11800,24875,-1358,-5.46,99.30,36.27,648.4,9139,9108,31,9089,50,0.55,23517,22877,640
1011,11_Saitama-ken,11203,,11_Saitama-ken,11203,1012_Kawaguchi-shi,594274,299238,295036,578112,16162,2.80,101.42,61.95,9592.8,267141,266756,385,245830,21311,8.67,594274,584912,9362
1012,11_Saitama-ken,11203,2000.0,11_Saitama-ken,11203,1013_(Municipalities as of 2000) Kawaguchi-shi,530263,266990,263273,515971,14292,2.77,101.41,55.75,9511.4,238786,238418,368,219981,18805,8.55,530263,521478,8785
1013,11_Saitama-ken,11226,2000.0,11_Saitama-ken,11203,1014_(Municipalities as of 2000) Hatogaya-shi,64011,32248,31763,62141,1870,3.01,101.53,6.22,10291.2,28355,28338,17,25849,2506,9.69,64011,63434,577
1014,11_Saitama-ken,11206,,11_Saitama-ken,11206,1015_Gyoda-shi,78617,38736,39881,82113,-3496,-4.26,97.13,67.49,1164.9,31876,31821,55,31015,861,2.78,78617,76853,1764
1015,11_Saitama-ken,11206,2000.0,11_Saitama-ken,11206,1016_(Municipalities as of 2000) Gyoda-shi,75223,37062,38161,78441,-3218,-4.10,97.12,61.55,1222.1,30637,30585,52,29815,822,2.76,75223,73581,1642
1016,11_Saitama-ken,11422,2000.0,11_Saitama-ken,11206,1017_(Municipalities as of 2000) Minamikawara-mura,3394,1674,1720,3672,-278,-7.57,97.33,5.82,583.2,1239,1236,3,1200,39,3.25,3394,3272,122
1017,11_Saitama-ken,11207,,11_Saitama-ken,11207,1018_Chichibu-shi,59674,29068,30606,63555,-3881,-6.11,94.97,577.83,103.3,23922,23872,50,24038,-116,-0.48,59674,58361,1313
1018,11_Saitama-ken,11207,2000.0,11_Saitama-ken,11207,1019_(Municipalities as of 2000) Chichibu-shi,50155,24465,25690,52850,-2695,-5.10,95.23,133.64,375.3,20213,20174,39,20156,57,0.28,50155,49163,992
1019,11_Saitama-ken,11364,2000.0,11_Saitama-ken,11207,1020_(Municipalities as of 2000) Yoshida-machi,4299,2128,2171,4742,-443,-9.34,98.02,66.1,65.0,1640,1637,3,1670,-30,-1.80,4299,4201,98
1020,11_Saitama-ken,11367,2000.0,11_Saitama-ken,11207,1021_(Municipalities as of 2000) Otaki-mura,594,275,319,788,-194,-24.62,86.21,330.98,1.8,295,292,3,355,-60,-16.90,594,523,71
1021,11_Saitama-ken,11368,2000.0,11_Saitama-ken,11207,1022_(Municipalities as of 2000) Arakawa-mura,4626,2200,2426,5175,-549,-10.61,90.68,46.97,98.5,1774,1769,5,1857,-83,-4.47,4626,4474,152
1022,11_Saitama-ken,11208,2000.0,11_Saitama-ken,11208,1023_Tokorozawa-shi,342464,168197,174267,340386,2078,0.61,96.52,72.11,4749.2,152652,152510,142,145834,6818,4.68,342464,336350,6114
1023,11_Saitama-ken,11209,,11_Saitama-ken,11209,1024_Hanno-shi,80361,40294,40067,80715,-354,-0.44,100.57,193.05,416.3,33563,33516,47,31749,1814,5.71,80361,77563,2798
1024,11_Saitama-ken,11209,2000.0,11_Saitama-ken,11209,1025_(Municipalities as of 2000) Hanno-shi,78740,39510,39230,78857,-117,-0.15,100.71,134.6,585.0,32857,32811,46,31021,1836,5.92,78740,76042,2698
1025,11_Saitama-ken,11330,2000.0,11_Saitama-ken,11209,1026_(Municipalities as of 2000) Naguri-mura,1621,784,837,1858,-237,-12.76,93.67,58.56,27.7,706,705,1,728,-22,-3.02,1621,1521,100
1026,11_Saitama-ken,11210,,11_Saitama-ken,11210,1027_Kazo-shi,111623,55982,55641,112229,-606,-0.54,100.61,133.3,837.4,44295,44204,91,41034,3261,7.95,111623,109600,2023
1027,11_Saitama-ken,11210,2000.0,11_Saitama-ken,11210,1028_(Municipalities as of 2000) Kazo-shi,67417,33706,33711,67589,-172,-0.25,99.99,59.4,1135.0,27402,27334,68,25421,1981,7.79,67417,66179,1238
1028,11_Saitama-ken,11421,2000.0,11_Saitama-ken,11210,1029_(Municipalities as of 2000) Kisai-machi,19089,9677,9412,19518,-429,-2.20,102.82,28.6,667.4,7213,7206,7,6741,472,7.00,19089,18894,195
1029,11_Saitama-ken,11424,2000.0,11_Saitama-ken,11210,1030_(Municipalities as of 2000) Kitakawabe-machi,11000,5530,5470,11607,-607,-5.23,101.10,21.0,523.8,4348,4343,5,4167,181,4.34,11000,10726,274
1030,11_Saitama-ken,11425,2000.0,11_Saitama-ken,11210,1031_(Municipalities as of 2000) Otone-machi,14117,7069,7048,13515,602,4.45,100.30,24.47,576.9,5332,5321,11,4705,627,13.33,14117,13801,316
1031,11_Saitama-ken,11211,,11_Saitama-ken,11211,1032_Honjo-shi,78569,39216,39353,77881,688,0.88,99.65,89.69,876.0,33033,32949,84,31004,2029,6.54,78569,75984,2585
1032,11_Saitama-ken,11211,2000.0,11_Saitama-ken,11211,1033_(Municipalities as of 2000) Honjo-shi,57990,28952,29038,57277,713,1.24,99.70,36.72,1579.2,25062,25018,44,23402,1660,7.09,57990,56304,1686
1033,11_Saitama-ken,11382,2000.0,11_Saitama-ken,11211,1034_(Municipalities as of 2000) Kodama-machi,20579,10264,10315,20604,-25,-0.12,99.51,52.99,388.4,7971,7931,40,7602,369,4.85,20579,19680,899
1034,11_Saitama-ken,11212,2000.0,11_Saitama-ken,11212,1035_Higashimatsuyama-shi,91791,46187,45604,91437,354,0.39,101.28,65.35,1404.6,39797,39647,150,37224,2573,6.91,91791,89646,2145
1035,11_Saitama-ken,11214,,11_Saitama-ken,11214,1036_Kasukabe-shi,229792,113467,116325,232709,-2917,-1.25,97.54,66.0,3481.7,97638,97528,110,94463,3175,3.36,229792,226124,3668
1036,11_Saitama-ken,11214,2000.0,11_Saitama-ken,11214,1037_(Municipalities as of 2000) Kasukabe-shi,193850,95669,98181,196308,-2458,-1.25,97.44,37.83,5124.2,83717,83630,87,81185,2532,3.12,193850,190745,3105
1037,11_Saitama-ken,11468,2000.0,11_Saitama-ken,11214,1038_(Municipalities as of 2000) Showa-machi,35942,17798,18144,36401,-459,-1.26,98.09,28.15,1276.8,13921,13898,23,13278,643,4.84,35942,35379,563
1038,11_Saitama-ken,11215,2000.0,11_Saitama-ken,11215,1039_Sayama-shi,148699,74178,74521,152405,-3706,-2.43,99.54,48.99,3035.3,63776,63702,74,62028,1748,2.82,148699,144459,4240
1039,11_Saitama-ken,11216,2000.0,11_Saitama-ken,11216,1040_Hanyu-shi,52862,26142,26720,54874,-2012,-3.67,97.84,58.64,901.5,21159,21094,65,20366,793,3.89,52862,51179,1683
1040,11_Saitama-ken,11217,,11_Saitama-ken,11217,1041_Konosu-shi,116828,57673,59155,118072,-1244,-1.05,97.49,67.44,1732.3,47499,47443,56,45043,2456,5.45,116828,114860,1968
1041,11_Saitama-ken,11217,2000.0,11_Saitama-ken,11217,1042_(Municipalities as of 2000) Konosu-shi,79888,39424,40464,81352,-1464,-1.80,97.43,35.87,2227.2,32748,32714,34,31244,1504,4.81,79888,78647,1241
1042,11_Saitama-ken,11304,2000.0,11_Saitama-ken,11217,1043_(Municipalities as of 2000) Fukiage-machi,28342,13992,14350,28096,246,0.88,97.51,15.04,1884.4,11696,11677,19,10958,738,6.73,28342,27826,516
1043,11_Saitama-ken,11423,2000.0,11_Saitama-ken,11217,1044_(Municipalities as of 2000) Kawasato-mura,8598,4257,4341,8624,-26,-0.30,98.06,16.58,518.6,3055,3052,3,2841,214,7.53,8598,8387,211
1044,11_Saitama-ken,11218,,11_Saitama-ken,11218,1045_Fukaya-shi,141268,70200,71068,143811,-2543,-1.77,98.78,138.37,1020.9,55854,55713,141,53384,2470,4.63,141268,137367,3901
1045,11_Saitama-ken,11218,2000.0,11_Saitama-ken,11218,1046_(Municipalities as of 2000) Fukaya-shi,98496,48872,49624,100346,-1850,-1.84,98.48,69.4,1419.3,39848,39762,86,38245,1603,4.19,98496,96041,2455
1046,11_Saitama-ken,11405,2000.0,11_Saitama-ken,11218,1047_(Municipalities as of 2000) Okabe-machi,18035,9011,9024,18379,-344,-1.87,99.86,30.59,589.6,6831,6805,26,6514,317,4.87,18035,17468,567
1047,11_Saitama-ken,11406,2000.0,11_Saitama-ken,11218,1048_(Municipalities as of 2000) Kawamoto-machi,11624,5755,5869,12107,-483,-3.99,98.06,21.77,533.9,4274,4258,16,4126,148,3.59,11624,11176,448
1048,11_Saitama-ken,11407,2000.0,11_Saitama-ken,11218,1049_(Municipalities as of 2000) Hanazono-machi,13113,6562,6551,12979,134,1.03,100.17,15.82,828.9,4901,4888,13,4499,402,8.94,13113,12682,431
1049,11_Saitama-ken,11219,2000.0,11_Saitama-ken,11219,1050_Ageo-shi,226940,112288,114652,225196,1744,0.77,97.94,45.51,4986.6,96559,96347,212,91399,5160,5.65,226940,223786,3154
1050,11_Saitama-ken,11221,2000.0,11_Saitama-ken,11221,1051_Soka-shi,248304,125213,123091,247034,1270,0.51,101.72,27.46,9042.4,111923,111692,231,105827,6096,5.76,248304,245637,2667
1051,11_Saitama-ken,11222,2000.0,11_Saitama-ken,11222,1052_Koshigaya-shi,341621,168747,172874,337498,4123,1.22,97.61,60.24,5671.0,142774,142590,184,136460,6314,4.63,341621,336940,4681
1052,11_Saitama-ken,11223,2000.0,11_Saitama-ken,11223,1053_Warabi-shi,74283,37470,36813,72260,2023,2.80,101.78,5.11,14536.8,36827,36784,43,34174,2653,7.76,74283,73395,888
1053,11_Saitama-ken,11224,2000.0,11_Saitama-ken,11224,1054_Toda-shi,140899,71388,69511,136150,4749,3.49,102.70,18.19,7746.0,64319,64182,137,59432,4887,8.22,140899,138615,2284
1054,11_Saitama-ken,11225,2000.0,11_Saitama-ken,11225,1055_Iruma-shi,145651,71803,73848,148390,-2739,-1.85,97.23,44.69,3259.1,61222,61159,63,59004,2218,3.76,145651,143393,2258
1055,11_Saitama-ken,11227,2000.0,11_Saitama-ken,11227,1056_Asaka-shi,141083,70696,70387,136299,4784,3.51,100.44,18.34,7692.6,62663,62564,99,59515,3148,5.29,141083,138739,2344
1056,11_Saitama-ken,11228,2000.0,11_Saitama-ken,11228,1057_Shiki-shi,75346,36945,38401,72676,2670,3.67,96.21,9.05,8325.5,32730,32702,28,30607,2123,6.94,75346,74148,1198
1057,11_Saitama-ken,11229,2000.0,11_Saitama-ken,11229,1058_Wako-shi,83989,43138,40851,80826,3163,3.91,105.60,11.04,7607.7,39889,39826,63,36898,2991,8.11,83989,82338,1651
1058,11_Saitama-ken,11230,2000.0,11_Saitama-ken,11230,1059_Niiza-shi,166017,81781,84236,162122,3895,2.40,97.09,22.78,7287.8,73686,73634,52,67250,6436,9.57,166017,163950,2067
1059,11_Saitama-ken,11231,2000.0,11_Saitama-ken,11231,1060_Okegawa-shi,74748,36950,37798,73936,812,1.10,97.76,25.35,2948.6,30918,30842,76,28685,2233,7.78,74748,73409,1339
1060,11_Saitama-ken,11232,,11_Saitama-ken,11232,1061_Kuki-shi,150582,74607,75975,152311,-1729,-1.14,98.20,82.41,1827.2,62578,62497,81,59082,3496,5.92,150582,148142,2440
1061,11_Saitama-ken,11232,2000.0,11_Saitama-ken,11232,1062_(Municipalities as of 2000) Kuki-shi,66809,33067,33742,68142,-1333,-1.96,98.00,25.35,2635.5,28774,28724,50,27261,1513,5.55,66809,65713,1096
1062,11_Saitama-ken,11446,2000.0,11_Saitama-ken,11232,1063_(Municipalities as of 2000) Shobu-machi,18801,9467,9334,19636,-835,-4.25,101.42,27.37,686.9,7571,7566,5,7259,312,4.30,18801,18454,347
1063,11_Saitama-ken,11461,2000.0,11_Saitama-ken,11232,1064_(Municipalities as of 2000) Kurihashi-machi,27019,13312,13707,26610,409,1.54,97.12,15.78,1712.2,10782,10772,10,9793,989,10.10,27019,26650,369
1064,11_Saitama-ken,11462,2000.0,11_Saitama-ken,11232,1065_(Municipalities as of 2000) Washimiya-machi,37953,18761,19192,37923,30,0.08,97.75,13.9,2730.4,15451,15435,16,14769,682,4.62,37953,37325,628
1065,11_Saitama-ken,11233,2000.0,11_Saitama-ken,11233,1066_Kitamoto-shi,65201,32214,32987,67409,-2208,-3.28,97.66,19.82,3289.7,27403,27378,25,26845,558,2.08,65201,63982,1219
1066,11_Saitama-ken,11234,2000.0,11_Saitama-ken,11234,1067_Yashio-shi,93363,47995,45368,86717,6646,7.66,105.79,18.02,5181.1,42183,42054,129,35763,6420,17.95,93363,91596,1767
1067,11_Saitama-ken,11235,2000.0,11_Saitama-ken,11235,1068_Fujimi-shi,111859,54871,56988,108102,3757,3.48,96.29,19.77,5658.0,50979,50908,71,47169,3810,8.08,111859,110464,1395
1068,11_Saitama-ken,11237,2000.0,11_Saitama-ken,11237,1069_Misato-shi,142145,71486,70659,136521,5624,4.12,101.17,30.13,4717.7,60829,60711,118,55288,5541,10.02,142145,140000,2145
1069,11_Saitama-ken,11238,2000.0,11_Saitama-ken,11238,1070_Hasuda-shi,61499,30468,31031,62380,-881,-1.41,98.19,27.28,2254.4,25474,25439,35,24543,931,3.79,61499,60138,1361
1070,11_Saitama-ken,11239,2000.0,11_Saitama-ken,11239,1071_Sakado-shi,100275,50041,50234,101679,-1404,-1.38,99.62,41.02,2444.5,44555,44495,60,42883,1672,3.90,100275,98535,1740
1071,11_Saitama-ken,11240,2000.0,11_Saitama-ken,11240,1072_Satte-shi,50066,24979,25087,52524,-2458,-4.68,99.57,33.93,1475.6,20851,20823,28,20568,283,1.38,50066,48844,1222
1072,11_Saitama-ken,11241,2000.0,11_Saitama-ken,11241,1073_Tsurugashima-shi,70117,34585,35532,70255,-138,-0.20,97.33,17.65,3972.6,30537,30502,35,28658,1879,6.56,70117,68674,1443
1073,11_Saitama-ken,11242,2000.0,11_Saitama-ken,11242,1074_Hidaka-shi,54571,26953,27618,56520,-1949,-3.45,97.59,47.48,1149.3,22379,22351,28,22145,234,1.06,54571,53675,896
1074,11_Saitama-ken,11243,2000.0,11_Saitama-ken,11243,1075_Yoshikawa-shi,71979,35800,36179,69738,2241,3.21,98.95,31.66,2273.5,27901,27876,25,25716,2185,8.50,71979,70982,997
1075,11_Saitama-ken,11245,,11_Saitama-ken,11245,1076_Fujimino-shi,113597,56085,57512,110970,2627,2.37,97.52,14.64,7759.4,49395,49338,57,45806,3589,7.84,113597,111502,2095
1076,11_Saitama-ken,11236,2000.0,11_Saitama-ken,11245,1077_(Municipalities as of 2000) Kamifukuoka-shi,61828,30521,31307,59754,2074,3.47,97.49,6.81,9079.0,28139,28121,18,26023,2116,8.13,61828,60731,1097
1077,11_Saitama-ken,11322,2000.0,11_Saitama-ken,11245,1078_(Municipalities as of 2000) Oi-machi,51769,25564,26205,51216,553,1.08,97.55,7.86,6586.4,21256,21217,39,19783,1473,7.45,51769,50771,998
1078,11_Saitama-ken,11445,,11_Saitama-ken,11246,1079_Shiraoka-shi,52214,25764,26450,51535,679,1.32,97.41,24.92,2095.3,20513,20484,29,19183,1330,6.93,52214,51119,1095
1079,11_Saitama-ken,11445,2000.0,11_Saitama-ken,11246,1080_(Municipalities as of 2000) Shiraoka-machi,52214,25764,26450,51535,679,1.32,97.41,24.88,2098.6,20513,20484,29,19183,1330,6.93,52214,51119,1095
1080,11_Saitama-ken,11301,2000.0,11_Saitama-ken,11301,1081_Ina-machi,44841,22539,22302,44442,399,0.90,101.06,14.79,3031.8,17812,17793,19,16701,1111,6.65,44841,43973,868
1081,11_Saitama-ken,11324,2000.0,11_Saitama-ken,11324,1082_Miyoshi-machi,38434,18949,19485,38456,-22,-0.06,97.25,15.33,2507.1,15035,15014,21,14328,707,4.93,38434,36964,1470
1082,11_Saitama-ken,11326,2000.0,11_Saitama-ken,11326,1083_Moroyama-machi,35366,17534,17832,37275,-1909,-5.12,98.33,34.07,1038.0,15764,15722,42,15566,198,1.27,35366,33213,2153
1083,11_Saitama-ken,11327,2000.0,11_Saitama-ken,11327,1084_Ogose-machi,11029,5494,5535,11716,-687,-5.86,99.26,40.39,273.1,4587,4578,9,4527,60,1.33,11029,10867,162
1084,11_Saitama-ken,11341,2000.0,11_Saitama-ken,11341,1085_Namegawa-machi,19732,10070,9662,18212,1520,8.35,104.22,29.68,664.8,7650,7640,10,6785,865,12.75,19732,19196,536
1085,11_Saitama-ken,11342,2000.0,11_Saitama-ken,11342,1086_Ranzan-machi,17889,8941,8948,18341,-452,-2.46,99.92,29.92,597.9,7421,7389,32,6968,453,6.50,17889,17057,832
1086,11_Saitama-ken,11343,2000.0,11_Saitama-ken,11343,1087_Ogawa-machi,28524,14190,14334,31178,-2654,-8.51,99.00,60.36,472.6,11781,11759,22,12007,-226,-1.88,28524,28016,508
1087,11_Saitama-ken,11346,2000.0,11_Saitama-ken,11346,1088_Kawajima-machi,19378,9823,9555,20788,-1410,-6.78,102.80,41.63,465.5,7269,7263,6,7238,31,0.43,19378,18960,418
1088,11_Saitama-ken,11347,2000.0,11_Saitama-ken,11347,1089_Yoshimi-machi,18192,9127,9065,19631,-1439,-7.33,100.68,38.64,470.8,6864,6856,8,6834,30,0.44,18192,17860,332
1089,11_Saitama-ken,11348,2000.0,11_Saitama-ken,11348,1090_Hatoyama-machi,13560,6556,7004,14338,-778,-5.43,93.60,25.73,527.0,5399,5379,20,5309,90,1.70,13560,12846,714
1090,11_Saitama-ken,11349,,11_Saitama-ken,11349,1091_Tokigawa-machi,10540,5333,5207,11492,-952,-8.28,102.42,55.9,188.6,4201,4193,8,4199,2,0.05,10540,10289,251
1091,11_Saitama-ken,11344,2000.0,11_Saitama-ken,11349,1092_(Municipalities as of 2000) Tokigawa-mura,5950,2984,2966,6569,-619,-9.42,100.61,41.39,143.8,2393,2389,4,2410,-17,-0.71,5950,5844,106
1092,11_Saitama-ken,11345,2000.0,11_Saitama-ken,11349,1093_(Municipalities as of 2000) Tamagawa-mura,4590,2349,2241,4923,-333,-6.76,104.82,14.38,319.2,1808,1804,4,1789,19,1.06,4590,4445,145
1093,11_Saitama-ken,11361,2000.0,11_Saitama-ken,11361,1094_Yokoze-machi,7979,3966,4013,8519,-540,-6.34,98.83,49.36,161.6,3080,3076,4,3074,6,0.20,7979,7772,207
1094,11_Saitama-ken,11362,2000.0,11_Saitama-ken,11362,1095_Minano-machi,9302,4583,4719,10133,-831,-8.20,97.12,63.74,145.9,3584,3576,8,3662,-78,-2.13,9302,8987,315
1095,11_Saitama-ken,11363,2000.0,11_Saitama-ken,11363,1096_Nagatoro-machi,6807,3321,3486,7324,-517,-7.06,95.27,30.43,223.7,2605,2599,6,2648,-43,-1.62,6807,6566,241
1096,11_Saitama-ken,11365,,11_Saitama-ken,11365,1097_Ogano-machi,10928,5382,5546,12117,-1189,-9.81,97.04,171.26,63.8,4170,4156,14,4363,-193,-4.42,10928,10591,337
1097,11_Saitama-ken,11365,2000.0,11_Saitama-ken,11365,1098_(Municipalities as of 2000) Ogano-machi,8880,4344,4536,9751,-871,-8.93,95.77,100.03,88.8,3378,3368,10,3507,-129,-3.68,8880,8632,248
1098,11_Saitama-ken,11366,2000.0,11_Saitama-ken,11365,1099_(Municipalities as of 2000) Ryokami-mura,2048,1038,1010,2366,-318,-13.44,102.77,71.42,28.7,792,788,4,856,-64,-7.48,2048,1959,89
1099,11_Saitama-ken,11369,2000.0,11_Saitama-ken,11369,1100_Higashichichibu-mura,2709,1352,1357,2915,-206,-7.07,99.63,37.06,73.1,990,988,2,1028,-38,-3.70,2709,2540,169
1100,11_Saitama-ken,11381,2000.0,11_Saitama-ken,11381,1101_Misato-machi,11039,5540,5499,11207,-168,-1.50,100.75,33.41,330.4,3854,3833,21,3612,242,6.70,11039,10319,720
1101,11_Saitama-ken,11383,,11_Saitama-ken,11383,1102_Kamikawa-machi,13359,6755,6604,13730,-371,-2.70,102.29,47.4,281.8,5220,5182,38,5033,187,3.72,13359,12624,735
1102,11_Saitama-ken,11383,2000.0,11_Saitama-ken,11383,1103_(Municipalities as of 2000) Kamikawa-machi,12470,6328,6142,12740,-270,-2.12,103.03,23.17,538.2,4865,4828,37,4659,206,4.42,12470,11818,652
1103,11_Saitama-ken,11384,2000.0,11_Saitama-ken,11383,1104_(Municipalities as of 2000) Kamiizumi-mura,889,427,462,990,-101,-10.20,92.42,24.25,36.7,355,354,1,374,-19,-5.08,889,806,83
1104,11_Saitama-ken,11385,2000.0,11_Saitama-ken,11385,1105_Kamisato-machi,30343,15012,15331,30565,-222,-0.73,97.92,29.18,1039.9,11856,11824,32,11225,631,5.62,30343,29446,897
1105,11_Saitama-ken,11408,2000.0,11_Saitama-ken,11408,1106_Yorii-machi,32374,16053,16321,34081,-1707,-5.01,98.36,64.25,503.9,13287,13239,48,12934,353,2.73,32374,31496,878
1106,11_Saitama-ken,11442,2000.0,11_Saitama-ken,11442,1107_Miyashiro-machi,34147,17182,16965,33705,442,1.31,101.28,15.95,2140.9,14572,14558,14,13728,844,6.15,34147,33574,573
1107,11_Saitama-ken,11464,2000.0,11_Saitama-ken,11464,1108_Sugito-machi,43845,21927,21918,45495,-1650,-3.63,100.04,30.03,1460.0,17706,17680,26,17348,358,2.06,43845,43226,619
1108,11_Saitama-ken,11465,2000.0,11_Saitama-ken,11465,1109_Matsubushi-machi,28266,14208,14058,30061,-1795,-5.97,101.07,16.2,1744.8,10740,10728,12,10702,38,0.36,28266,27696,570
1109,12_Chiba-ken,12000,2000.0,12_Chiba-ken,12000,1110_Chiba-ken,6284480,3117987,3166493,6222666,61814,0.99,98.47,5157.57,1218.5,2773840,2767661,6179,2609132,164708,6.31,6284480,6166145,118335
1110,12_Chiba-ken,12100,2000.0,12_Chiba-ken,12100,1111_Chiba-shi,974951,481246,493705,971882,3069,0.32,97.48,271.78,3587.3,447982,445814,2168,417857,30125,7.21,974951,953587,21364
1111,12_Chiba-ken,12101,2000.0,12_Chiba-ken,12101,1112_Chiba-shi Chuo-ku,211736,105766,105970,205227,6509,3.17,99.81,44.72,4734.7,109336,108870,466,95305,14031,14.72,211736,206676,5060
1112,12_Chiba-ken,12102,2000.0,12_Chiba-ken,12102,1113_Chiba-shi Hanamigawa-ku,177328,87280,90048,179200,-1872,-1.04,96.93,34.19,5186.5,81123,80978,145,77732,3391,4.36,177328,174203,3125
1113,12_Chiba-ken,12103,2000.0,12_Chiba-ken,12103,1114_Chiba-shi Inage-ku,160582,80345,80237,160968,-386,-0.24,100.13,21.22,7567.5,74796,74088,708,71334,3462,4.85,160582,157723,2859
1114,12_Chiba-ken,12104,2000.0,12_Chiba-ken,12104,1115_Chiba-shi Wakaba-ku,146940,73000,73940,150921,-3981,-2.64,98.73,84.19,1745.3,64840,64173,667,62695,2145,3.42,146940,141040,5900
1115,12_Chiba-ken,12105,2000.0,12_Chiba-ken,12105,1116_Chiba-shi Midori-ku,129421,63121,66300,126848,2573,2.03,95.21,66.25,1953.5,50996,50834,162,46792,4204,8.98,129421,125982,3439
1116,12_Chiba-ken,12106,2000.0,12_Chiba-ken,12106,1117_Chiba-shi Mihama-ku,148944,71734,77210,148718,226,0.15,92.91,21.2,7025.7,66891,66871,20,63999,2892,4.52,148944,147963,981
1117,12_Chiba-ken,12202,2000.0,12_Chiba-ken,12202,1118_Choshi-shi,58431,28248,30183,64415,-5984,-9.29,93.59,84.2,694.0,25544,25505,39,26234,-690,-2.63,58431,57313,1118
1118,12_Chiba-ken,12203,2000.0,12_Chiba-ken,12203,1119_Ichikawa-shi,496676,251351,245325,481732,14944,3.10,102.46,57.45,8645.4,242970,242637,333,228845,14125,6.17,496676,491567,5109
1119,12_Chiba-ken,12204,2000.0,12_Chiba-ken,12204,1120_Funabashi-shi,642907,318860,324047,622890,20017,3.21,98.40,85.62,7508.8,289916,289591,325,272432,17484,6.42,642907,633423,9484
1120,12_Chiba-ken,12205,2000.0,12_Chiba-ken,12205,1121_Tateyama-shi,45153,21846,23307,47464,-2311,-4.87,93.73,110.05,410.3,20272,20172,100,20146,126,0.63,45153,42971,2182
1121,12_Chiba-ken,12206,2000.0,12_Chiba-ken,12206,1122_Kisarazu-shi,136166,68450,67716,134141,2025,1.51,101.08,138.95,980.0,58387,58265,122,54920,3467,6.31,136166,132544,3622
1122,12_Chiba-ken,12207,2000.0,12_Chiba-ken,12207,1123_Matsudo-shi,498232,247210,251022,483480,14752,3.05,98.48,61.38,8117.2,231195,230931,264,215627,15568,7.22,498232,490216,8016
1123,12_Chiba-ken,12208,,12_Chiba-ken,12208,1124_Noda-shi,152638,76195,76443,153583,-945,-0.62,99.68,103.55,1474.1,63581,63483,98,59712,3869,6.48,152638,149477,3161
1124,12_Chiba-ken,12208,2000.0,12_Chiba-ken,12208,1125_(Municipalities as of 2000) Noda-shi,128103,63737,64366,126924,1179,0.93,99.02,73.72,1737.7,53622,53535,87,49947,3675,7.36,128103,125313,2790
1125,12_Chiba-ken,12303,2000.0,12_Chiba-ken,12208,1126_(Municipalities as of 2000) Sekiyado-machi,24535,12458,12077,26659,-2124,-7.97,103.15,29.82,822.8,9959,9948,11,9765,194,1.99,24535,24164,371
1126,12_Chiba-ken,12210,2000.0,12_Chiba-ken,12210,1127_Mobara-shi,86782,42643,44139,89688,-2906,-3.24,96.61,99.92,868.5,37120,37011,109,36026,1094,3.04,86782,84985,1797
1127,12_Chiba-ken,12211,,12_Chiba-ken,12211,1128_Narita-shi,132906,66231,66675,131190,1716,1.31,99.33,213.84,621.5,60231,60126,105,55462,4769,8.60,132906,129728,3178
1128,12_Chiba-ken,12211,2000.0,12_Chiba-ken,12211,1129_(Municipalities as of 2000) Narita-shi,116069,57650,58419,112993,3076,2.72,98.68,131.27,884.2,53965,53906,59,49164,4801,9.77,116069,113721,2348
1129,12_Chiba-ken,12341,2000.0,12_Chiba-ken,12211,1130_(Municipalities as of 2000) Shimofusa-machi,6185,3110,3075,6760,-575,-8.51,101.14,32.0,193.3,2367,2351,16,2413,-46,-1.91,6185,6014,171
1130,12_Chiba-ken,12343,2000.0,12_Chiba-ken,12211,1131_(Municipalities as of 2000) Taiei-machi,10652,5471,5181,11437,-785,-6.86,105.60,50.57,210.6,3899,3869,30,3885,14,0.36,10652,9993,659
1131,12_Chiba-ken,12212,2000.0,12_Chiba-ken,12212,1132_Sakura-shi,168743,82421,86322,172739,-3996,-2.31,95.48,103.69,1627.4,70279,70131,148,68696,1583,2.30,168743,165898,2845
1132,12_Chiba-ken,12213,2000.0,12_Chiba-ken,12213,1133_Togane-shi,58219,29251,28968,60652,-2433,-4.01,100.98,89.12,653.3,25403,25355,48,25114,289,1.15,58219,57261,958
1133,12_Chiba-ken,12215,,12_Chiba-ken,12215,1134_Asahi-shi,63745,31379,32366,66586,-2841,-4.27,96.95,130.45,488.7,24299,24246,53,23350,949,4.06,63745,62318,1427
1134,12_Chiba-ken,12215,2000.0,12_Chiba-ken,12215,1135_(Municipalities as of 2000) Asahi-shi,38693,19002,19691,39608,-915,-2.31,96.50,50.61,764.5,15299,15260,39,14477,822,5.68,38693,37570,1123
1135,12_Chiba-ken,12348,2000.0,12_Chiba-ken,12215,1136_(Municipalities as of 2000) Hikata-machi,6160,3040,3120,6854,-694,-10.13,97.44,32.44,189.9,1996,1993,3,2002,-6,-0.30,6160,6068,92
1136,12_Chiba-ken,12361,2000.0,12_Chiba-ken,12215,1137_(Municipalities as of 2000) Unakami-machi,10218,5037,5181,10726,-508,-4.74,97.22,28.59,357.4,3698,3692,6,3552,146,4.11,10218,10108,110
1137,12_Chiba-ken,12362,2000.0,12_Chiba-ken,12215,1138_(Municipalities as of 2000) Iioka-machi,8674,4300,4374,9398,-724,-7.70,98.31,18.27,474.8,3306,3301,5,3319,-13,-0.39,8674,8572,102
1138,12_Chiba-ken,12216,2000.0,12_Chiba-ken,12216,1139_Narashino-shi,176197,87882,88315,167909,8288,4.94,99.51,20.97,8402.3,79423,79267,156,72350,7073,9.78,176197,173448,2749
1139,12_Chiba-ken,12217,,12_Chiba-ken,12217,1140_Kashiwa-shi,426468,210824,215644,413954,12514,3.02,97.76,114.74,3716.8,188022,187782,240,175691,12331,7.02,426468,418720,7748
1140,12_Chiba-ken,12217,2000.0,12_Chiba-ken,12217,1141_(Municipalities as of 2000) Kashiwa-shi,373951,184615,189336,361468,12483,3.45,97.51,72.91,5128.9,167374,167187,187,156082,11292,7.23,373951,368310,5641
1141,12_Chiba-ken,12305,2000.0,12_Chiba-ken,12217,1142_(Municipalities as of 2000) Shonan-machi,52517,26209,26308,52486,31,0.06,99.62,41.99,1250.7,20648,20595,53,19609,1039,5.30,52517,50410,2107
1142,12_Chiba-ken,12218,2000.0,12_Chiba-ken,12218,1143_Katsuura-shi,16927,8704,8223,19248,-2321,-12.06,105.85,93.96,180.2,8192,8164,28,8965,-773,-8.62,16927,16413,514
1143,12_Chiba-ken,12219,2000.0,12_Chiba-ken,12219,1144_Ichihara-shi,269524,138438,131086,274656,-5132,-1.87,105.61,368.17,732.1,117997,117584,413,113518,4479,3.95,269524,264794,4730
1144,12_Chiba-ken,12220,2000.0,12_Chiba-ken,12220,1145_Nagareyama-shi,199849,98431,101418,174373,25476,14.61,97.05,35.32,5658.2,83115,83001,114,70802,12313,17.39,199849,196623,3226
1145,12_Chiba-ken,12221,2000.0,12_Chiba-ken,12221,1146_Yachiyo-shi,199498,97920,101578,193152,6346,3.29,96.40,51.39,3882.0,85158,85032,126,78358,6800,8.68,199498,195582,3916
1146,12_Chiba-ken,12222,2000.0,12_Chiba-ken,12222,1147_Abiko-shi,130510,63546,66964,131606,-1096,-0.83,94.90,43.15,3024.6,56311,56242,69,54089,2222,4.11,130510,128225,2285
1147,12_Chiba-ken,12223,,12_Chiba-ken,12223,1148_Kamogawa-shi,32116,15224,16892,33932,-1816,-5.35,90.13,191.14,168.0,14578,14533,45,14453,125,0.86,32116,30744,1372
1148,12_Chiba-ken,12223,2000.0,12_Chiba-ken,12223,1149_(Municipalities as of 2000) Kamogawa-shi,26904,12713,14191,27990,-1086,-3.88,89.58,147.35,182.6,12293,12252,41,11989,304,2.54,26904,25687,1217
1149,12_Chiba-ken,12472,2000.0,12_Chiba-ken,12223,1150_(Municipalities as of 2000) Amatsukominato-machi,5212,2511,2701,5942,-730,-12.29,92.97,43.95,118.6,2285,2281,4,2464,-179,-7.26,5212,5057,155
1150,12_Chiba-ken,12224,2000.0,12_Chiba-ken,12224,1151_Kamagaya-shi,109932,53592,56340,108917,1015,0.93,95.12,21.08,5215.0,47146,47094,52,44101,3045,6.90,109932,107713,2219
1151,12_Chiba-ken,12225,2000.0,12_Chiba-ken,12225,1152_Kimitsu-shi,82206,41928,40278,86033,-3827,-4.45,104.10,318.81,257.9,35266,35201,65,34447,819,2.38,82206,80096,2110
1152,12_Chiba-ken,12226,2000.0,12_Chiba-ken,12226,1153_Futtsu-shi,42465,21529,20936,45601,-3136,-6.88,102.83,205.5,206.6,17830,17754,76,17634,196,1.11,42465,41311,1154
1153,12_Chiba-ken,12227,2000.0,12_Chiba-ken,12227,1154_Urayasu-shi,171362,83506,87856,164024,7338,4.47,95.05,17.3,9905.3,80321,80250,71,74229,6092,8.21,171362,169950,1412
1154,12_Chiba-ken,12228,2000.0,12_Chiba-ken,12228,1155_Yotsukaido-shi,93576,46347,47229,89245,4331,4.85,98.13,34.52,2710.8,38456,38407,49,35014,3442,9.83,93576,91947,1629
1155,12_Chiba-ken,12229,2000.0,12_Chiba-ken,12229,1156_Sodegaura-shi,63883,32214,31669,60952,2931,4.81,101.72,94.93,672.9,25430,25321,109,22652,2778,12.26,63883,62178,1705
1156,12_Chiba-ken,12230,2000.0,12_Chiba-ken,12230,1157_Yachimata-shi,67455,34113,33342,70734,-3279,-4.64,102.31,74.94,900.1,27942,27846,96,27074,868,3.21,67455,65947,1508
1157,12_Chiba-ken,12231,,12_Chiba-ken,12231,1158_Inzai-shi,102609,50574,52035,92670,9939,10.73,97.19,123.79,828.9,38349,38311,38,32590,5759,17.67,102609,101009,1600
1158,12_Chiba-ken,12231,2000.0,12_Chiba-ken,12231,1159_(Municipalities as of 2000) Inzai-shi,81379,40025,41354,70487,10892,15.45,96.79,53.51,1520.8,30858,30838,20,25609,5249,20.50,81379,80827,552
1159,12_Chiba-ken,12325,2000.0,12_Chiba-ken,12231,1160_(Municipalities as of 2000) Inba-mura,13104,6564,6540,13695,-591,-4.32,100.37,46.57,281.4,4675,4661,14,4293,382,8.90,13104,12234,870
1160,12_Chiba-ken,12328,2000.0,12_Chiba-ken,12231,1161_(Municipalities as of 2000) Motono-mura,8126,3985,4141,8488,-362,-4.26,96.23,23.72,342.6,2816,2812,4,2688,128,4.76,8126,7948,178
1161,12_Chiba-ken,12326,,12_Chiba-ken,12232,1162_Shiroi-shi,62441,30916,31525,61674,767,1.24,98.07,35.48,1759.9,24141,24110,31,22725,1416,6.23,62441,61314,1127
1162,12_Chiba-ken,12326,2000.0,12_Chiba-ken,12232,1163_(Municipalities as of 2000) Shiroi-machi,62441,30916,31525,61674,767,1.24,98.07,35.41,1763.4,24141,24110,31,22725,1416,6.23,62441,61314,1127
1163,12_Chiba-ken,12324,,12_Chiba-ken,12233,1164_Tomisato-shi,49735,25303,24432,49636,99,0.20,103.57,53.88,923.1,21885,21863,22,20057,1828,9.11,49735,49038,697
1164,12_Chiba-ken,12324,2000.0,12_Chiba-ken,12233,1165_(Municipalities as of 2000) Tomisato-machi,49735,25303,24432,49636,99,0.20,103.57,53.91,922.6,21885,21863,22,20057,1828,9.11,49735,49038,697
1165,12_Chiba-ken,12234,,12_Chiba-ken,12234,1166_Minamiboso-shi,35831,17011,18820,39033,-3202,-8.20,90.39,230.12,155.7,14720,14666,54,15061,-341,-2.26,35831,34380,1451
1166,12_Chiba-ken,12461,2000.0,12_Chiba-ken,12234,1167_(Municipalities as of 2000) Tomiura-machi,4167,1969,2198,4684,-517,-11.04,89.58,25.69,162.2,1655,1646,9,1775,-120,-6.76,4167,4029,138
1167,12_Chiba-ken,12462,2000.0,12_Chiba-ken,12234,1168_(Municipalities as of 2000) Tomiyama-machi,4779,2283,2496,5177,-398,-7.69,91.47,40.34,118.5,1935,1930,5,1958,-23,-1.17,4779,4598,181
1168,12_Chiba-ken,12464,2000.0,12_Chiba-ken,12234,1169_(Municipalities as of 2000) Miyoshi-mura,4107,1944,2163,4363,-256,-5.87,89.88,33.92,121.1,1415,1407,8,1434,-19,-1.32,4107,3724,383
1169,12_Chiba-ken,12465,2000.0,12_Chiba-ken,12234,1170_(Municipalities as of 2000) Shirahama-machi,4228,1945,2283,4657,-429,-9.21,85.19,17.07,247.7,1963,1959,4,2050,-87,-4.24,4228,4142,86
1170,12_Chiba-ken,12466,2000.0,12_Chiba-ken,12234,1171_(Municipalities as of 2000) Chikura-machi,9656,4569,5087,10563,-907,-8.59,89.82,36.64,263.5,4209,4201,8,4316,-107,-2.48,9656,9459,197
1171,12_Chiba-ken,12467,2000.0,12_Chiba-ken,12234,1172_(Municipalities as of 2000) Maruyama-machi,4455,2160,2295,4830,-375,-7.76,94.12,44.11,101.0,1790,1778,12,1763,27,1.53,4455,4278,177
1172,12_Chiba-ken,12468,2000.0,12_Chiba-ken,12234,1173_(Municipalities as of 2000) Wada-machi,4439,2141,2298,4759,-320,-6.72,93.17,32.45,136.8,1753,1745,8,1765,-12,-0.68,4439,4150,289
1173,12_Chiba-ken,12235,,12_Chiba-ken,12235,1174_Sosa-shi,35040,17251,17789,37261,-2221,-5.96,96.98,101.52,345.2,12883,12848,35,12712,171,1.35,35040,33934,1106
1174,12_Chiba-ken,12214,2000.0,12_Chiba-ken,12235,1175_(Municipalities as of 2000) Yokaichiba-shi,27225,13389,13836,28915,-1690,-5.84,96.77,80.75,337.2,10160,10137,23,10060,100,0.99,27225,26391,834
1175,12_Chiba-ken,12382,2000.0,12_Chiba-ken,12235,1176_(Municipalities as of 2000) Nosaka-machi,7815,3862,3953,8346,-531,-6.36,97.70,21.03,371.6,2723,2711,12,2652,71,2.68,7815,7543,272
1176,12_Chiba-ken,12236,,12_Chiba-ken,12236,1177_Katori-shi,72356,35626,36730,77499,-5143,-6.64,96.99,262.35,275.8,27572,27516,56,27294,278,1.02,72356,70693,1663
1177,12_Chiba-ken,12209,2000.0,12_Chiba-ken,12236,1178_(Municipalities as of 2000) Sawara-shi,37710,18586,19124,40775,-3065,-7.52,97.19,119.88,314.6,14810,14782,28,14903,-93,-0.62,37710,37195,515
1178,12_Chiba-ken,12344,2000.0,12_Chiba-ken,12236,1179_(Municipalities as of 2000) Omigawa-machi,21699,10656,11043,22746,-1047,-4.60,96.50,61.84,350.9,8356,8340,16,8051,305,3.79,21699,21000,699
1179,12_Chiba-ken,12345,2000.0,12_Chiba-ken,12236,1180_(Municipalities as of 2000) Yamada-machi,8740,4292,4448,9516,-776,-8.15,96.49,51.54,169.6,2924,2919,5,2871,53,1.85,8740,8534,206
1180,12_Chiba-ken,12346,2000.0,12_Chiba-ken,12236,1181_(Municipalities as of 2000) Kurimoto-machi,4207,2092,2115,4462,-255,-5.71,98.91,29.05,144.8,1482,1475,7,1469,13,0.88,4207,3964,243
1181,12_Chiba-ken,12237,,12_Chiba-ken,12237,1182_Sammu-shi,48444,24200,24244,52222,-3778,-7.23,99.82,146.77,330.1,19403,19367,36,19454,-51,-0.26,48444,47625,819
1182,12_Chiba-ken,12404,2000.0,12_Chiba-ken,12237,1183_(Municipalities as of 2000) Naruto-machi,20647,10237,10410,21944,-1297,-5.91,98.34,47.02,439.1,8356,8338,18,8359,-3,-0.04,20647,20297,350
1183,12_Chiba-ken,12405,2000.0,12_Chiba-ken,12237,1184_(Municipalities as of 2000) Sambu-machi,15351,7787,7564,16731,-1380,-8.25,102.95,52.05,294.9,6289,6283,6,6305,-16,-0.25,15351,15194,157
1184,12_Chiba-ken,12406,2000.0,12_Chiba-ken,12237,1185_(Municipalities as of 2000) Hasunuma-mura,3682,1796,1886,4017,-335,-8.34,95.23,9.72,378.8,1319,1315,4,1336,-17,-1.27,3682,3513,169
1185,12_Chiba-ken,12407,2000.0,12_Chiba-ken,12237,1186_(Municipalities as of 2000) Matsuo-machi,8764,4380,4384,9530,-766,-8.04,99.91,37.59,233.1,3439,3431,8,3454,-15,-0.43,8764,8621,143
1186,12_Chiba-ken,12238,,12_Chiba-ken,12238,1187_Isumi-shi,35544,17362,18182,38594,-3050,-7.90,95.49,157.5,225.7,14484,14448,36,14849,-365,-2.46,35544,34387,1157
1187,12_Chiba-ken,12442,2000.0,12_Chiba-ken,12238,1188_(Municipalities as of 2000) Isumi-machi,6124,3011,3113,6772,-648,-9.57,96.72,44.23,138.5,2306,2299,7,2362,-56,-2.37,6124,5861,263
1188,12_Chiba-ken,12444,2000.0,12_Chiba-ken,12238,1189_(Municipalities as of 2000) Ohara-machi,16495,8039,8456,18017,-1522,-8.45,95.07,66.61,247.6,6871,6856,15,7138,-267,-3.74,16495,16122,373
1189,12_Chiba-ken,12445,2000.0,12_Chiba-ken,12238,1190_(Municipalities as of 2000) Misaki-machi,12925,6312,6613,13805,-880,-6.37,95.45,46.66,277.0,5307,5293,14,5349,-42,-0.79,12925,12404,521
1190,12_Chiba-ken,12402,,12_Chiba-ken,12239,1191_Oamishirasato-shi,48129,23549,24580,49184,-1055,-2.15,95.81,58.08,828.7,19558,19510,48,18849,709,3.76,48129,47180,949
1191,12_Chiba-ken,12402,2000.0,12_Chiba-ken,12239,1192_(Municipalities as of 2000) Oamishirasato-machi,48129,23549,24580,49184,-1055,-2.15,95.81,58.06,829.0,19558,19510,48,18849,709,3.76,48129,47180,949
1192,12_Chiba-ken,12322,2000.0,12_Chiba-ken,12322,1193_Shisui-machi,20745,10155,10590,20955,-210,-1.00,95.89,19.01,1091.3,9375,9366,9,8970,405,4.52,20745,20274,471
1193,12_Chiba-ken,12329,2000.0,12_Chiba-ken,12329,1194_Sakae-machi,20127,9869,10258,21228,-1101,-5.19,96.21,32.51,619.1,8276,8268,8,8185,91,1.11,20127,19941,186
1194,12_Chiba-ken,12342,2000.0,12_Chiba-ken,12342,1195_Kozaki-machi,5816,2938,2878,6133,-317,-5.17,102.08,19.9,292.3,2289,2283,6,2207,82,3.72,5816,5726,90
1195,12_Chiba-ken,12347,2000.0,12_Chiba-ken,12347,1196_Tako-machi,13735,6941,6794,14724,-989,-6.72,102.16,72.8,188.7,5079,5053,26,5053,26,0.51,13735,13397,338
1196,12_Chiba-ken,12349,2000.0,12_Chiba-ken,12349,1197_Tonosho-machi,13228,6575,6653,14152,-924,-6.53,98.83,46.25,286.0,4611,4600,11,4562,49,1.07,13228,12782,446
1197,12_Chiba-ken,12403,2000.0,12_Chiba-ken,12403,1198_Kujukuri-machi,14639,7203,7436,16510,-1871,-11.33,96.87,24.46,598.5,6181,6165,16,6411,-230,-3.59,14639,14375,264
1198,12_Chiba-ken,12409,2000.0,12_Chiba-ken,12409,1199_Shibayama-machi,7033,3474,3559,7431,-398,-5.36,97.61,43.24,162.7,2513,2508,5,2453,60,2.45,7033,6706,327
1199,12_Chiba-ken,12410,,12_Chiba-ken,12410,1200_Yokoshibahikari-machi,22075,10767,11308,23762,-1687,-7.10,95.22,67.01,329.4,8274,8263,11,8433,-159,-1.89,22075,21585,490
1200,12_Chiba-ken,12381,2000.0,12_Chiba-ken,12410,1201_(Municipalities as of 2000) Hikari-machi,9746,4763,4983,10585,-839,-7.93,95.58,33.31,292.6,3548,3542,6,3578,-30,-0.84,9746,9520,226
1201,12_Chiba-ken,12408,2000.0,12_Chiba-ken,12410,1202_(Municipalities as of 2000) Yokoshiba-machi,12329,6004,6325,13177,-848,-6.44,94.92,33.6,366.9,4726,4721,5,4855,-129,-2.66,12329,12065,264
1202,12_Chiba-ken,12421,2000.0,12_Chiba-ken,12421,1203_Ichinomiya-machi,11897,5824,6073,11767,130,1.10,95.90,22.99,517.5,4984,4969,15,4485,499,11.13,11897,11591,306
1203,12_Chiba-ken,12422,2000.0,12_Chiba-ken,12422,1204_Mutsuzawa-machi,6760,3259,3501,7222,-462,-6.40,93.09,35.59,189.9,2467,2459,8,2434,33,1.36,6760,6493,267
1204,12_Chiba-ken,12423,2000.0,12_Chiba-ken,12423,1205_Chosei-mura,13803,6801,7002,14359,-556,-3.87,97.13,28.25,488.6,5613,5595,18,5178,435,8.40,13803,13507,296
1205,12_Chiba-ken,12424,2000.0,12_Chiba-ken,12424,1206_Shirako-machi,10305,5115,5190,11149,-844,-7.57,98.55,27.5,374.7,4137,4131,6,4164,-27,-0.65,10305,10236,69
1206,12_Chiba-ken,12426,2000.0,12_Chiba-ken,12426,1207_Nagara-machi,6721,3295,3426,7337,-616,-8.40,96.18,47.11,142.7,2517,2512,5,2591,-74,-2.86,6721,6290,431
1207,12_Chiba-ken,12427,2000.0,12_Chiba-ken,12427,1208_Chonan-machi,7198,3527,3671,8206,-1008,-12.28,96.08,65.51,109.9,2636,2629,7,2789,-153,-5.49,7198,7009,189
1208,12_Chiba-ken,12441,2000.0,12_Chiba-ken,12441,1209_Otaki-machi,8885,4307,4578,9843,-958,-9.73,94.08,129.87,68.4,3401,3380,21,3447,-46,-1.33,8885,8183,702
1209,12_Chiba-ken,12443,2000.0,12_Chiba-ken,12443,1210_Onjuku-machi,6874,3260,3614,7315,-441,-6.03,90.20,24.85,276.6,3092,3071,21,3054,38,1.24,6874,6682,192
1210,12_Chiba-ken,12463,2000.0,12_Chiba-ken,12463,1211_Kyonan-machi,6993,3356,3637,8022,-1029,-12.83,92.27,45.19,154.7,3034,3025,9,3327,-293,-8.81,6993,6829,164
1211,13_Tokyo-to,13000,2000.0,13_Tokyo-to,13000,1212_Tokyo-to,14047594,6898388,7149206,13515272,532322,3.94,96.49,2194.03,6402.6,7227180,7216650,10530,6701123,526057,7.85,14047594,13839178,208416
1212,13_Tokyo-to,13100,2000.0,13_Tokyo-to,13100,1213_Ku-area,9733276,4774402,4958874,9272740,460536,4.97,96.28,627.53,15510.5,5215850,5208438,7412,4801194,414656,8.64,9733276,9621631,111645
1213,13_Tokyo-to,13101,2000.0,13_Tokyo-to,13101,1214_Chiyoda-ku,66680,33637,33043,58406,8274,14.17,101.80,11.66,5718.7,37011,36963,48,33262,3749,11.27,66680,66032,648
1214,13_Tokyo-to,13102,2000.0,13_Tokyo-to,13102,1215_Chuo-ku,169179,80931,88248,141183,27996,19.83,91.71,10.21,16569.9,92533,92487,46,79272,13261,16.73,169179,168459,720
1215,13_Tokyo-to,13103,2000.0,13_Tokyo-to,13103,1216_Minato-ku,260486,123410,137076,243283,17203,7.07,90.03,20.37,12787.7,146160,146084,76,130562,15598,11.95,260486,258890,1596
1216,13_Tokyo-to,13104,2000.0,13_Tokyo-to,13104,1217_Shinjuku-ku,349385,174822,174563,333560,15825,4.74,100.15,18.22,19175.9,222800,222461,339,204989,17811,8.69,349385,345590,3795
1217,13_Tokyo-to,13105,2000.0,13_Tokyo-to,13105,1218_Bunkyo-ku,240069,115483,124586,219724,20345,9.26,92.69,11.29,21263.9,133661,133564,97,120858,12803,10.59,240069,236910,3159
1218,13_Tokyo-to,13106,2000.0,13_Tokyo-to,13106,1219_Taito-ku,211444,108586,102858,198073,13371,6.75,105.57,10.11,20914.3,124345,121557,2788,112117,12228,10.91,211444,206901,4543
1219,13_Tokyo-to,13107,2000.0,13_Tokyo-to,13107,1220_Sumida-ku,272085,134787,137298,256274,15811,6.17,98.17,13.77,19759.3,145768,145609,159,130862,14906,11.39,272085,269371,2714
1220,13_Tokyo-to,13108,2000.0,13_Tokyo-to,13108,1221_Koto-ku,524310,258015,266295,498109,26201,5.26,96.89,42.99,12196.1,264278,264111,167,243708,20570,8.44,524310,520162,4148
1221,13_Tokyo-to,13109,2000.0,13_Tokyo-to,13109,1222_Shinagawa-ku,422488,208688,213800,386855,35633,9.21,97.61,22.84,18497.7,237641,237447,194,212374,25267,11.90,422488,419684,2804
1222,13_Tokyo-to,13110,2000.0,13_Tokyo-to,13110,1223_Meguro-ku,288088,135820,152268,277622,10466,3.77,89.20,14.67,19637.9,155715,155610,105,146162,9553,6.54,288088,285683,2405
1223,13_Tokyo-to,13111,2000.0,13_Tokyo-to,13111,1224_Ota-ku,748081,372464,375617,717082,30999,4.32,99.16,61.86,12093.1,400164,399628,536,371149,29015,7.82,748081,740604,7477
1224,13_Tokyo-to,13112,2000.0,13_Tokyo-to,13112,1225_Setagaya-ku,943664,445592,498072,903346,40318,4.46,89.46,58.05,16256.1,492065,491717,348,463632,28433,6.13,943664,931771,11893
1225,13_Tokyo-to,13113,2000.0,13_Tokyo-to,13113,1226_Shibuya-ku,243883,117907,125976,224533,19350,8.62,93.59,15.11,16140.5,149967,149856,111,135749,14218,10.47,243883,241399,2484
1226,13_Tokyo-to,13114,2000.0,13_Tokyo-to,13114,1227_Nakano-ku,344880,172525,172355,328215,16665,5.08,100.10,15.59,22121.9,208093,207944,149,196132,11961,6.10,344880,341989,2891
1227,13_Tokyo-to,13115,2000.0,13_Tokyo-to,13115,1228_Suginami-ku,591108,284301,306807,563997,27111,4.81,92.66,34.06,17354.9,336339,336103,236,312001,24338,7.80,591108,584913,6195
1228,13_Tokyo-to,13116,2000.0,13_Tokyo-to,13116,1229_Toshima-ku,301599,151020,150579,291167,10432,3.58,100.29,13.01,23182.1,183819,183687,132,176376,7443,4.22,301599,298705,2894
1229,13_Tokyo-to,13117,2000.0,13_Tokyo-to,13117,1230_Kita-ku,355213,176289,178924,341076,14137,4.14,98.53,20.61,17235.0,189700,189579,121,178379,11321,6.35,355213,351013,4200
1230,13_Tokyo-to,13118,2000.0,13_Tokyo-to,13118,1231_Arakawa-ku,217475,107683,109792,212264,5211,2.45,98.08,10.16,21405.0,112009,111799,210,103101,8908,8.64,217475,215188,2287
1231,13_Tokyo-to,13119,2000.0,13_Tokyo-to,13119,1232_Itabashi-ku,584483,286179,298304,561916,22567,4.02,95.94,32.22,18140.4,314446,314133,313,291408,23038,7.91,584483,573898,10585
1232,13_Tokyo-to,13120,2000.0,13_Tokyo-to,13120,1233_Nerima-ku,752608,361770,390838,721722,30886,4.28,92.56,48.08,15653.2,374842,374485,357,337987,36855,10.90,752608,742230,10378
1233,13_Tokyo-to,13121,2000.0,13_Tokyo-to,13121,1234_Adachi-ku,695043,347408,347635,670122,24921,3.72,99.93,53.25,13052.5,345346,345010,336,310662,34684,11.16,695043,685831,9212
1234,13_Tokyo-to,13122,2000.0,13_Tokyo-to,13122,1235_Katsushika-ku,453093,225758,227335,442913,10180,2.30,99.31,34.8,13019.9,215948,215709,239,201380,14568,7.23,453093,445788,7305
1235,13_Tokyo-to,13123,2000.0,13_Tokyo-to,13123,1236_Edogawa-ku,697932,351327,346605,681298,16634,2.44,101.36,49.9,13986.6,333200,332895,305,309072,24128,7.81,697932,690620,7312
1236,13_Tokyo-to,13201,2000.0,13_Tokyo-to,13201,1237_Hachioji-shi,579355,291307,288048,577513,1842,0.32,101.13,186.38,3108.5,267020,266549,471,253356,13664,5.39,579355,562131,17224
1237,13_Tokyo-to,13202,2000.0,13_Tokyo-to,13202,1238_Tachikawa-shi,183581,91191,92390,176295,7286,4.13,98.70,24.36,7536.2,89727,89599,128,83285,6442,7.73,183581,180320,3261
1238,13_Tokyo-to,13203,2000.0,13_Tokyo-to,13203,1239_Musashino-shi,150149,71868,78281,144730,5419,3.74,91.81,10.98,13674.8,78054,77966,88,74022,4032,5.45,150149,148203,1946
1239,13_Tokyo-to,13204,2000.0,13_Tokyo-to,13204,1240_Mitaka-shi,195391,94489,100902,186936,8455,4.52,93.64,16.42,11899.6,96389,96116,273,90226,6163,6.83,195391,190844,4547
1240,13_Tokyo-to,13205,2000.0,13_Tokyo-to,13205,1241_Ome-shi,133535,66654,66881,137381,-3846,-2.80,99.66,103.31,1292.6,56523,56354,169,54371,2152,3.96,133535,126718,6817
1241,13_Tokyo-to,13206,2000.0,13_Tokyo-to,13206,1242_Fuchu-shi,262790,131468,131322,260274,2516,0.97,100.11,29.43,8929.3,123931,123766,165,119569,4362,3.65,262790,256932,5858
1242,13_Tokyo-to,13207,2000.0,13_Tokyo-to,13207,1243_Akishima-shi,113949,56639,57310,111539,2410,2.16,98.83,17.34,6571.5,52163,52111,52,48258,3905,8.09,113949,111665,2284
1243,13_Tokyo-to,13208,2000.0,13_Tokyo-to,13208,1244_Chofu-shi,242614,117044,125570,229061,13553,5.92,93.21,21.58,11242.5,120945,120790,155,110581,10364,9.37,242614,238610,4004
1244,13_Tokyo-to,13209,2000.0,13_Tokyo-to,13209,1245_Machida-shi,431079,210533,220546,432349,-1270,-0.29,95.46,71.55,6024.9,192015,191703,312,186712,5303,2.84,431079,421444,9635
1245,13_Tokyo-to,13210,2000.0,13_Tokyo-to,13210,1246_Koganei-shi,126074,61759,64315,121396,4678,3.85,96.03,11.3,11157.0,63182,63140,42,59796,3386,5.66,126074,124189,1885
1246,13_Tokyo-to,13211,2000.0,13_Tokyo-to,13211,1247_Kodaira-shi,198739,97507,101232,190005,8734,4.60,96.32,20.51,9689.9,91287,91125,162,82888,8399,10.13,198739,193499,5240
1247,13_Tokyo-to,13212,2000.0,13_Tokyo-to,13212,1248_Hino-shi,190435,94918,95517,186283,4152,2.23,99.37,27.55,6912.3,90404,90257,147,84928,5476,6.45,190435,187443,2992
1248,13_Tokyo-to,13213,2000.0,13_Tokyo-to,13213,1249_Higashimurayama-shi,151815,73827,77988,149956,1859,1.24,94.66,17.14,8857.4,68478,68340,138,64604,3874,6.00,151815,148120,3695
1249,13_Tokyo-to,13214,2000.0,13_Tokyo-to,13214,1250_Kokubunji-shi,129242,62985,66257,122742,6500,5.30,95.06,11.46,11277.7,63962,63916,46,59130,4832,8.17,129242,127923,1319
1250,13_Tokyo-to,13215,2000.0,13_Tokyo-to,13215,1251_Kunitachi-shi,77130,37515,39615,73655,3475,4.72,94.70,8.15,9463.8,38275,38227,48,34062,4213,12.37,77130,75791,1339
1251,13_Tokyo-to,13218,2000.0,13_Tokyo-to,13218,1252_Fussa-shi,56414,28023,28391,58395,-1981,-3.39,98.70,10.16,5552.6,28148,28117,31,27260,888,3.26,56414,55312,1102
1252,13_Tokyo-to,13219,2000.0,13_Tokyo-to,13219,1253_Komae-shi,84772,41043,43729,80249,4523,5.64,93.86,6.39,13266.4,42616,42578,38,39458,3158,8.00,84772,83588,1184
1253,13_Tokyo-to,13220,2000.0,13_Tokyo-to,13220,1254_Higashiyamato-shi,83901,41034,42867,85157,-1256,-1.47,95.72,13.42,6251.9,36336,36291,45,35555,781,2.20,83901,82769,1132
1254,13_Tokyo-to,13221,2000.0,13_Tokyo-to,13221,1255_Kiyose-shi,76208,36550,39658,74864,1344,1.80,92.16,10.23,7449.5,35003,34918,85,32369,2634,8.14,76208,73594,2614
1255,13_Tokyo-to,13222,2000.0,13_Tokyo-to,13222,1256_Higashikurume-shi,115271,55647,59624,116632,-1361,-1.17,93.33,12.88,8949.6,51217,51146,71,49902,1315,2.64,115271,113569,1702
1256,13_Tokyo-to,13223,2000.0,13_Tokyo-to,13223,1257_Musashimurayama-shi,70829,35260,35569,71229,-400,-0.56,99.13,15.32,4623.3,29978,29956,22,28300,1678,5.93,70829,69737,1092
1257,13_Tokyo-to,13224,2000.0,13_Tokyo-to,13224,1258_Tama-shi,146951,71611,75340,146631,320,0.22,95.05,21.01,6994.3,68415,68354,61,65461,2954,4.51,146951,144318,2633
1258,13_Tokyo-to,13225,2000.0,13_Tokyo-to,13225,1259_Inagi-shi,93151,46879,46272,87636,5515,6.29,101.31,17.97,5183.7,39906,39880,26,36533,3373,9.23,93151,91323,1828
1259,13_Tokyo-to,13227,2000.0,13_Tokyo-to,13227,1260_Hamura-shi,54326,27471,26855,55833,-1507,-2.70,102.29,9.9,5487.5,23809,23789,20,23451,358,1.53,54326,53175,1151
1260,13_Tokyo-to,13228,2000.0,13_Tokyo-to,13228,1261_Akiruno-shi,79292,39230,40062,80954,-1662,-2.05,97.92,73.47,1079.2,31887,31840,47,30817,1070,3.47,79292,77053,2239
1261,13_Tokyo-to,13229,,13_Tokyo-to,13229,1262_Nishitokyo-shi,207388,100992,106396,200012,7376,3.69,94.92,15.75,13167.5,97018,96896,122,89734,7284,8.12,207388,204098,3290
1262,13_Tokyo-to,13216,2000.0,13_Tokyo-to,13229,1263_(Municipalities as of 2000) Tanashi-shi,91729,44805,46924,90008,1721,1.91,95.48,6.8,13489.6,42529,42496,33,40010,2519,6.30,91729,90404,1325
1263,13_Tokyo-to,13217,2000.0,13_Tokyo-to,13229,1264_(Municipalities as of 2000) Hoya-shi,115659,56187,59472,110004,5655,5.14,94.48,9.05,12780.0,54489,54400,89,49724,4765,9.58,115659,113694,1965
1264,13_Tokyo-to,13303,2000.0,13_Tokyo-to,13303,1265_Mizuho-machi,31765,15992,15773,33445,-1680,-5.02,101.39,16.85,1885.2,13017,13000,17,13192,-175,-1.33,31765,30915,850
1265,13_Tokyo-to,13305,2000.0,13_Tokyo-to,13305,1266_Hinode-machi,16958,8267,8691,17446,-488,-2.80,95.12,28.07,604.1,6012,5973,39,5800,212,3.66,16958,15026,1932
1266,13_Tokyo-to,13307,2000.0,13_Tokyo-to,13307,1267_Hinohara-mura,2003,983,1020,2209,-206,-9.33,96.37,105.41,19.0,835,830,5,839,-4,-0.48,2003,1779,224
1267,13_Tokyo-to,13308,2000.0,13_Tokyo-to,13308,1268_Okutama-machi,4750,2389,2361,5234,-484,-9.25,101.19,225.53,21.1,1984,1975,9,2045,-61,-2.98,4750,4244,506
1268,13_Tokyo-to,13361,2000.0,13_Tokyo-to,13361,1269_Oshima-machi,7102,3667,3435,7884,-782,-9.92,106.75,90.76,78.3,3712,3657,55,3947,-235,-5.95,7102,6539,563
1269,13_Tokyo-to,13362,2000.0,13_Tokyo-to,13362,1270_Toshima-mura,327,197,130,337,-10,-2.97,151.54,4.12,79.4,193,193,NULL,194,-1,-0.52,327,327,NULL
1270,13_Tokyo-to,13363,2000.0,13_Tokyo-to,13363,1271_Niijima-mura,2441,1204,1237,2749,-308,-11.20,97.33,27.54,88.6,1163,1160,3,1261,-98,-7.77,2441,2401,40
1271,13_Tokyo-to,13364,2000.0,13_Tokyo-to,13364,1272_Kouzushima-mura,1855,952,903,1891,-36,-1.90,105.43,18.58,99.8,808,804,4,791,17,2.15,1855,1793,62
1272,13_Tokyo-to,13381,2000.0,13_Tokyo-to,13381,1273_Miyake-mura,2273,1269,1004,2482,-209,-8.42,126.39,55.26,41.1,1377,1376,1,1483,-106,-7.15,2273,2225,48
1273,13_Tokyo-to,13382,2000.0,13_Tokyo-to,13382,1274_Mikurajima-mura,323,181,142,335,-12,-3.58,127.46,20.54,15.7,187,187,NULL,194,-7,-3.61,323,323,NULL
1274,13_Tokyo-to,13401,2000.0,13_Tokyo-to,13401,1275_Hachijo-machi,7042,3534,3508,7613,-571,-7.50,100.74,72.23,97.5,3767,3758,9,3913,-146,-3.73,7042,6895,147
1275,13_Tokyo-to,13402,2000.0,13_Tokyo-to,13402,1276_Aogashima-mura,169,102,67,178,-9,-5.06,152.24,5.96,28.4,118,118,NULL,125,-7,-5.60,169,169,NULL
1276,13_Tokyo-to,13421,2000.0,13_Tokyo-to,13421,1277_Ogasawara-mura,2929,1805,1124,3022,-93,-3.08,160.59,106.88,27.4,1469,1457,12,1517,-48,-3.16,2929,2543,386
1277,14_Kanagawa-ken,14000,2000.0,14_Kanagawa-ken,14000,1278_Kanagawa-ken,9237337,4588268,4649069,9126213,111124,1.22,98.69,2416.11,3823.2,4223706,4210122,13584,3979277,244429,6.14,9237337,9059878,177459
1278,14_Kanagawa-ken,14100,2000.0,14_Kanagawa-ken,14100,1279_Yokohama-shi,3777491,1867305,1910186,3724844,52647,1.41,97.76,437.71,8630.1,1753081,1744208,8873,1645618,107463,6.53,3777491,3708302,69189
1279,14_Kanagawa-ken,14101,2000.0,14_Kanagawa-ken,14101,1280_Yokohama-shi Tsurumi-ku,297437,153438,143999,285356,12081,4.23,106.55,33.23,8950.9,145586,145406,180,132814,12772,9.62,297437,294820,2617
1280,14_Kanagawa-ken,14102,2000.0,14_Kanagawa-ken,14102,1281_Yokohama-shi Kanagawa-ku,247267,126011,121256,238966,8301,3.47,103.92,23.72,10424.4,129183,129048,135,119397,9786,8.20,247267,244339,2928
1281,14_Kanagawa-ken,14103,2000.0,14_Kanagawa-ken,14103,1282_Yokohama-shi Nishi-ku,104935,53091,51844,98532,6403,6.50,102.41,7.03,14926.7,57054,57015,39,51878,5176,9.98,104935,103974,961
1282,14_Kanagawa-ken,14104,2000.0,14_Kanagawa-ken,14104,1283_Yokohama-shi Naka-ku,151388,77135,74253,148312,3076,2.07,103.88,21.44,7061.0,85108,79335,5773,78869,6239,7.91,151388,143974,7414
1283,14_Kanagawa-ken,14105,2000.0,14_Kanagawa-ken,14105,1284_Yokohama-shi Minami-ku,198157,98939,99218,194827,3330,1.71,99.72,12.65,15664.6,103719,103427,292,95528,8191,8.57,198157,195530,2627
1284,14_Kanagawa-ken,14106,2000.0,14_Kanagawa-ken,14106,1285_Yokohama-shi Hodogaya-ku,207811,101940,105871,205493,2318,1.13,96.29,21.93,9476.1,99126,98965,161,92775,6351,6.85,207811,203384,4427
1285,14_Kanagawa-ken,14107,2000.0,14_Kanagawa-ken,14107,1286_Yokohama-shi Isogo-ku,166731,82061,84670,166229,502,0.30,96.92,19.05,8752.3,78731,78628,103,74552,4179,5.61,166731,164449,2282
1286,14_Kanagawa-ken,14108,2000.0,14_Kanagawa-ken,14108,1287_Yokohama-shi Kanazawa-ku,198939,97016,101923,202229,-3290,-1.63,95.19,30.96,6425.7,89869,89779,90,86891,2978,3.43,198939,196215,2724
1287,14_Kanagawa-ken,14109,2000.0,14_Kanagawa-ken,14109,1288_Yokohama-shi Kohoku-ku,358530,179150,179380,344172,14358,4.17,99.87,31.4,11418.2,175521,175177,344,163519,12002,7.34,358530,354493,4037
1288,14_Kanagawa-ken,14110,2000.0,14_Kanagawa-ken,14110,1289_Yokohama-shi Totsuka-ku,283709,138309,145400,275283,8426,3.06,95.12,35.79,7927.0,122053,121796,257,113421,8632,7.61,283709,277998,5711
1289,14_Kanagawa-ken,14111,2000.0,14_Kanagawa-ken,14111,1290_Yokohama-shi Konan-ku,215248,105015,110233,215736,-488,-0.23,95.27,19.9,10816.5,95526,95430,96,91007,4519,4.97,215248,210926,4322
1290,14_Kanagawa-ken,14112,2000.0,14_Kanagawa-ken,14112,1291_Yokohama-shi Asahi-ku,245174,118260,126914,247144,-1970,-0.80,93.18,32.73,7490.8,107049,106792,257,102728,4321,4.21,245174,238792,6382
1291,14_Kanagawa-ken,14113,2000.0,14_Kanagawa-ken,14113,1292_Yokohama-shi Midori-ku,183082,90168,92914,180366,2716,1.51,97.04,25.51,7176.9,79411,79305,106,74498,4913,6.59,183082,179411,3671
1292,14_Kanagawa-ken,14114,2000.0,14_Kanagawa-ken,14114,1293_Yokohama-shi Seya-ku,122623,59355,63268,124560,-1937,-1.56,93.82,17.17,7141.7,52414,52260,154,50435,1979,3.92,122623,119701,2922
1293,14_Kanagawa-ken,14115,2000.0,14_Kanagawa-ken,14115,1294_Yokohama-shi Sakae-ku,120194,58513,61681,122171,-1977,-1.62,94.86,18.52,6490.0,52592,52438,154,50853,1739,3.42,120194,118116,2078
1294,14_Kanagawa-ken,14116,2000.0,14_Kanagawa-ken,14116,1295_Yokohama-shi Izumi-ku,152378,73934,78444,154025,-1647,-1.07,94.25,23.58,6462.2,62847,62637,210,60707,2140,3.53,152378,148312,4066
1295,14_Kanagawa-ken,14117,2000.0,14_Kanagawa-ken,14117,1296_Yokohama-shi Aoba-ku,310756,150351,160405,309692,1064,0.34,93.73,35.22,8823.3,132819,132502,317,125344,7475,5.96,310756,304905,5851
1296,14_Kanagawa-ken,14118,2000.0,14_Kanagawa-ken,14118,1297_Yokohama-shi Tsuzuki-ku,213132,104619,108513,211751,1381,0.65,96.41,27.87,7647.4,84473,84268,205,80402,4071,5.06,213132,208963,4169
1297,14_Kanagawa-ken,14130,2000.0,14_Kanagawa-ken,14130,1298_Kawasaki-shi,1538262,775772,762490,1475213,63049,4.27,101.74,143.01,10756.3,747452,745988,1464,691837,55615,8.04,1538262,1514462,23800
1298,14_Kanagawa-ken,14131,2000.0,14_Kanagawa-ken,14131,1299_Kawasaki-shi Kawasaki-ku,232965,125091,107874,223378,9587,4.29,115.96,39.53,5893.4,123515,122879,636,109768,13747,12.52,232965,229978,2987
1299,14_Kanagawa-ken,14132,2000.0,14_Kanagawa-ken,14132,1300_Kawasaki-shi Saiwai-ku,171119,86705,84414,160890,10229,6.36,102.71,10.01,17094.8,80088,80003,85,75160,4928,6.56,171119,168648,2471
1300,14_Kanagawa-ken,14133,2000.0,14_Kanagawa-ken,14133,1301_Kawasaki-shi Nakahara-ku,263683,133883,129800,247529,16154,6.53,103.15,14.74,17888.9,134763,134619,144,123547,11216,9.08,263683,261376,2307
1301,14_Kanagawa-ken,14134,2000.0,14_Kanagawa-ken,14134,1302_Kawasaki-shi Takatsu-ku,234328,116338,117990,228141,6187,2.71,98.60,16.36,14323.2,113791,113575,216,107931,5860,5.43,234328,230579,3749
1302,14_Kanagawa-ken,14135,2000.0,14_Kanagawa-ken,14135,1303_Kawasaki-shi Tama-ku,221734,112978,108756,214158,7576,3.54,103.88,20.5,10816.3,113583,113427,156,106472,7111,6.68,221734,217827,3907
1303,14_Kanagawa-ken,14136,2000.0,14_Kanagawa-ken,14136,1304_Kawasaki-shi Miyamae-ku,233728,113386,120342,225594,8134,3.61,94.22,18.61,12559.3,102317,102189,128,94808,7509,7.92,233728,229352,4376
1304,14_Kanagawa-ken,14137,2000.0,14_Kanagawa-ken,14137,1305_Kawasaki-shi Asao-ku,180705,87391,93314,175523,5182,2.95,93.65,23.25,7772.3,79395,79296,99,74151,5244,7.07,180705,176702,4003
1305,14_Kanagawa-ken,14209,,14_Kanagawa-ken,14150,1306_Sagamihara-shi,725493,362193,363300,720779,4714,0.65,99.70,328.91,2205.7,332770,332249,521,311187,21583,6.94,725493,712330,13163
1306,14_Kanagawa-ken,14209,2000.0,14_Kanagawa-ken,14150,1307_(Municipalities as of 2000) Sagamihara-shi,662159,330448,331711,653903,8256,1.26,99.62,90.41,7324.0,306501,306046,455,285712,20789,7.28,662159,650805,11354
1307,14_Kanagawa-ken,14421,2000.0,14_Kanagawa-ken,14150,1308_(Municipalities as of 2000) Shiroyama-machi,23180,11535,11645,23366,-186,-0.80,99.06,19.9,1164.8,9581,9555,26,9069,512,5.65,23180,22837,343
1308,14_Kanagawa-ken,14422,2000.0,14_Kanagawa-ken,14150,1309_(Municipalities as of 2000) Tsukui-machi,24002,12075,11927,25569,-1567,-6.13,101.24,122.04,196.7,10109,10087,22,9841,268,2.72,24002,23618,384
1309,14_Kanagawa-ken,14423,2000.0,14_Kanagawa-ken,14150,1310_(Municipalities as of 2000) Sagamiko-machi,7695,3888,3807,8582,-887,-10.34,102.13,31.59,243.6,3349,3342,7,3310,39,1.18,7695,7335,360
1310,14_Kanagawa-ken,14424,2000.0,14_Kanagawa-ken,14150,1311_(Municipalities as of 2000) Fujino-machi,8457,4247,4210,9359,-902,-9.64,100.88,64.91,130.3,3230,3219,11,3255,-25,-0.77,8457,7735,722
1311,14_Kanagawa-ken,14151,,14_Kanagawa-ken,14151,1312_Sagamihara-shi Midori-ku,170207,85615,84592,173612,-3405,-1.96,101.21,253.93,670.3,74962,74855,107,71182,3780,5.31,170207,166755,3452
1312,14_Kanagawa-ken,14152,,14_Kanagawa-ken,14152,1313_Sagamihara-shi Chuo-ku,273875,137167,136708,269887,3988,1.48,100.34,36.87,7428.1,124877,124658,219,116239,8638,7.43,273875,269507,4368
1313,14_Kanagawa-ken,14153,,14_Kanagawa-ken,14153,1314_Sagamihara-shi Minami-ku,281411,139411,142000,277280,4131,1.49,98.18,38.11,7384.2,132931,132736,195,123766,9165,7.41,281411,276068,5343
1314,14_Kanagawa-ken,14201,2000.0,14_Kanagawa-ken,14201,1315_Yokosuka-shi,388078,193513,194565,406586,-18508,-4.55,99.46,100.82,3849.2,165473,165101,372,165746,-273,-0.16,388078,371793,16285
1315,14_Kanagawa-ken,14203,2000.0,14_Kanagawa-ken,14203,1316_Hiratsuka-shi,258422,129056,129366,258227,195,0.08,99.76,67.82,3810.4,112191,112002,189,107397,4794,4.46,258422,252574,5848
1316,14_Kanagawa-ken,14204,2000.0,14_Kanagawa-ken,14204,1317_Kamakura-shi,172710,81097,91613,173019,-309,-0.18,88.52,39.67,4353.7,75722,75607,115,73035,2687,3.68,172710,169602,3108
1317,14_Kanagawa-ken,14205,2000.0,14_Kanagawa-ken,14205,1318_Fujisawa-shi,436905,215596,221309,423894,13011,3.07,97.42,69.56,6281.0,193204,192960,244,180170,13034,7.23,436905,429575,7330
1318,14_Kanagawa-ken,14206,2000.0,14_Kanagawa-ken,14206,1319_Odawara-shi,188856,91321,97535,194086,-5230,-2.69,93.63,113.6,1662.5,81864,81622,242,79120,2744,3.47,188856,184490,4366
1319,14_Kanagawa-ken,14207,2000.0,14_Kanagawa-ken,14207,1320_Chigasaki-shi,242389,117608,124781,239348,3041,1.27,94.25,35.7,6789.6,102532,102364,168,97951,4581,4.68,242389,238733,3656
1320,14_Kanagawa-ken,14208,2000.0,14_Kanagawa-ken,14208,1321_Zushi-shi,57060,26719,30341,57425,-365,-0.64,88.06,17.28,3302.1,24869,24837,32,24103,766,3.18,57060,56269,791
1321,14_Kanagawa-ken,14210,2000.0,14_Kanagawa-ken,14210,1322_Miura-shi,42069,20142,21927,45289,-3220,-7.11,91.86,32.05,1312.6,17210,17153,57,17567,-357,-2.03,42069,40044,2025
1322,14_Kanagawa-ken,14211,2000.0,14_Kanagawa-ken,14211,1323_Hadano-shi,162439,82134,80305,167378,-4939,-2.95,102.28,103.76,1565.5,70478,70325,153,69778,700,1.00,162439,158421,4018
1323,14_Kanagawa-ken,14212,2000.0,14_Kanagawa-ken,14212,1324_Atsugi-shi,223705,115343,108362,225714,-2009,-0.89,106.44,93.84,2383.9,100360,100132,228,95824,4536,4.73,223705,219179,4526
1324,14_Kanagawa-ken,14213,2000.0,14_Kanagawa-ken,14213,1325_Yamato-shi,239169,119582,119587,232922,6247,2.68,100.00,27.09,8828.7,110519,110397,122,102020,8499,8.33,239169,235497,3672
1325,14_Kanagawa-ken,14214,2000.0,14_Kanagawa-ken,14214,1326_Isehara-shi,101780,51486,50294,101514,266,0.26,102.37,55.56,1831.9,45361,45286,75,43088,2273,5.28,101780,99848,1932
1326,14_Kanagawa-ken,14215,2000.0,14_Kanagawa-ken,14215,1327_Ebina-shi,136516,68631,67885,130190,6326,4.86,101.10,26.59,5134.1,58339,58225,114,53416,4923,9.22,136516,134141,2375
1327,14_Kanagawa-ken,14216,2000.0,14_Kanagawa-ken,14216,1328_Zama-shi,132325,66001,66324,128737,3588,2.79,99.51,17.57,7531.3,60257,60153,104,55910,4347,7.78,132325,130406,1919
1328,14_Kanagawa-ken,14217,2000.0,14_Kanagawa-ken,14217,1329_Minamiashigara-shi,40841,20000,20841,43306,-2465,-5.69,95.96,77.12,529.6,16285,16241,44,16245,40,0.25,40841,39975,866
1329,14_Kanagawa-ken,14218,2000.0,14_Kanagawa-ken,14218,1330_Ayase-shi,83913,42581,41332,84460,-547,-0.65,103.02,22.14,3790.1,34879,34760,119,33356,1523,4.57,83913,82227,1686
1330,14_Kanagawa-ken,14301,2000.0,14_Kanagawa-ken,14301,1331_Hayama-machi,31665,14914,16751,32096,-431,-1.34,89.03,17.04,1858.3,12932,12913,19,12580,352,2.80,31665,31058,607
1331,14_Kanagawa-ken,14321,2000.0,14_Kanagawa-ken,14321,1332_Samukawa-machi,48348,24466,23882,47936,412,0.86,102.45,13.34,3624.3,19862,19827,35,18744,1118,5.96,48348,47518,830
1332,14_Kanagawa-ken,14341,2000.0,14_Kanagawa-ken,14341,1333_Oiso-machi,31634,15411,16223,31550,84,0.27,94.99,17.18,1841.3,12706,12675,31,12279,427,3.48,31634,30977,657
1333,14_Kanagawa-ken,14342,2000.0,14_Kanagawa-ken,14342,1334_Ninomiya-machi,27564,13285,14279,28378,-814,-2.87,93.04,9.08,3035.7,11552,11530,22,11183,369,3.30,27564,27025,539
1334,14_Kanagawa-ken,14361,2000.0,14_Kanagawa-ken,14361,1335_Nakai-machi,9300,4664,4636,9679,-379,-3.92,100.60,19.99,465.2,3436,3425,11,3359,77,2.29,9300,8852,448
1335,14_Kanagawa-ken,14362,2000.0,14_Kanagawa-ken,14362,1336_Oi-machi,17129,8437,8692,17033,96,0.56,97.07,14.38,1191.2,6683,6653,30,6178,505,8.17,17129,16839,290
1336,14_Kanagawa-ken,14363,2000.0,14_Kanagawa-ken,14363,1337_Matsuda-machi,10836,5404,5432,11171,-335,-3.00,99.48,37.75,287.0,4572,4567,5,4406,166,3.77,10836,10729,107
1337,14_Kanagawa-ken,14364,2000.0,14_Kanagawa-ken,14364,1338_Yamakita-machi,9761,4826,4935,10724,-963,-8.98,97.79,224.61,43.5,3936,3843,93,3903,33,0.85,9761,9530,231
1338,14_Kanagawa-ken,14366,2000.0,14_Kanagawa-ken,14366,1339_Kaisei-machi,18329,8911,9418,17013,1316,7.74,94.62,6.55,2798.3,6936,6924,12,6169,767,12.43,18329,17780,549
1339,14_Kanagawa-ken,14382,2000.0,14_Kanagawa-ken,14382,1340_Hakone-machi,11293,5423,5870,11786,-493,-4.18,92.39,92.86,121.6,6360,6348,12,6088,272,4.47,11293,10712,581
1340,14_Kanagawa-ken,14383,2000.0,14_Kanagawa-ken,14383,1341_Manazuru-machi,6722,3124,3598,7333,-611,-8.33,86.83,7.05,953.5,2963,2959,4,3068,-105,-3.42,6722,6592,130
1341,14_Kanagawa-ken,14384,2000.0,14_Kanagawa-ken,14384,1342_Yugawara-machi,23426,10884,12542,25026,-1600,-6.39,86.78,40.97,571.8,10696,10662,34,10763,-67,-0.62,23426,22261,1165
1342,14_Kanagawa-ken,14401,2000.0,14_Kanagawa-ken,14401,1343_Aikawa-machi,39869,20883,18986,40343,-474,-1.17,109.99,34.28,1163.0,17099,17062,37,16067,1032,6.42,39869,39399,470
1343,14_Kanagawa-ken,14402,2000.0,14_Kanagawa-ken,14402,1344_Kiyokawa-mura,3038,1556,1482,3214,-176,-5.48,104.99,71.24,42.6,1127,1124,3,1122,5,0.45,3038,2738,300
1344,15_Niigata-ken,15000,2000.0,15_Niigata-ken,15000,1345_Niigata-ken,2201272,1068670,1132602,2304264,-102992,-4.47,94.36,12583.96,174.9,864750,862796,1954,848150,16600,1.96,2201272,2141206,60066
1345,15_Niigata-ken,15201,,15_Niigata-ken,15100,1346_Niigata-shi,789275,379741,409534,810157,-20882,-2.58,92.73,726.27,1086.8,331272,330697,575,321511,9761,3.04,789275,768046,21229
1346,15_Niigata-ken,15201,2000.0,15_Niigata-ken,15100,1347_(Municipalities as of 2000) Niigata-shi,495693,238163,257530,505513,-9820,-1.94,92.48,205.94,2407.0,224057,223689,368,217951,6106,2.80,495693,481613,14080
1347,15_Niigata-ken,15207,2000.0,15_Niigata-ken,15100,1348_(Municipalities as of 2000) Niitsu-shi,66046,31685,34361,67478,-1432,-2.12,92.21,78.28,843.7,24813,24765,48,23844,969,4.06,66046,64638,1408
1348,15_Niigata-ken,15220,2000.0,15_Niigata-ken,15100,1349_(Municipalities as of 2000) Shirone-shi,35817,17286,18531,37581,-1764,-4.69,93.28,77.06,464.8,12505,12459,46,12183,322,2.64,35817,34698,1119
1349,15_Niigata-ken,15221,2000.0,15_Niigata-ken,15100,1350_(Municipalities as of 2000) Toyosaka-shi,46642,22601,24041,48999,-2357,-4.81,94.01,76.85,606.9,17626,17604,22,17180,446,2.60,46642,45930,712
1350,15_Niigata-ken,15321,2000.0,15_Niigata-ken,15100,1351_(Municipalities as of 2000) Kosudo-machi,9023,4331,4692,9365,-342,-3.65,92.31,16.91,533.6,3190,3180,10,3054,136,4.45,9023,8860,163
1351,15_Niigata-ken,15323,2000.0,15_Niigata-ken,15100,1352_(Municipalities as of 2000) Yokogoshi-machi,11921,5893,6028,11914,7,0.06,97.76,23.62,504.7,4108,4103,5,3830,278,7.26,11921,11714,207
1352,15_Niigata-ken,15324,2000.0,15_Niigata-ken,15100,1353_(Municipalities as of 2000) Kameda-machi,35317,16944,18373,35545,-228,-0.64,92.22,16.82,2099.7,13728,13710,18,13007,721,5.54,35317,34663,654
1353,15_Niigata-ken,15341,2000.0,15_Niigata-ken,15100,1354_(Municipalities as of 2000) Iwamuro-mura,8219,3882,4337,8873,-654,-7.37,89.51,36.11,227.6,2769,2762,7,2791,-22,-0.79,8219,7710,509
1354,15_Niigata-ken,15345,2000.0,15_Niigata-ken,15100,1355_(Municipalities as of 2000) Maki-machi,25801,12448,13353,27254,-1453,-5.33,93.22,76.14,338.9,9355,9338,17,9112,243,2.67,25801,25130,671
1355,15_Niigata-ken,15346,2000.0,15_Niigata-ken,15100,1356_(Municipalities as of 2000) Nishikawa-machi,10450,4980,5470,11323,-873,-7.71,91.04,24.76,422.1,3590,3581,9,3571,19,0.53,10450,10147,303
1356,15_Niigata-ken,15347,2000.0,15_Niigata-ken,15100,1357_(Municipalities as of 2000) Kurosaki-machi,26236,12708,13528,26980,-744,-2.76,93.94,25.97,1010.2,10016,10003,13,9567,449,4.69,26236,25580,656
1357,15_Niigata-ken,15348,2000.0,15_Niigata-ken,15100,1358_(Municipalities as of 2000) Ajikata-mura,4308,2062,2246,4499,-191,-4.25,91.81,14.44,298.3,1299,1295,4,1265,34,2.69,4308,3934,374
1358,15_Niigata-ken,15349,2000.0,15_Niigata-ken,15100,1359_(Municipalities as of 2000) Katahigashi-mura,5202,2507,2695,5579,-377,-6.76,93.02,23.96,217.1,1485,1479,6,1437,48,3.34,5202,4916,286
1359,15_Niigata-ken,15350,2000.0,15_Niigata-ken,15100,1360_(Municipalities as of 2000) Tsukigata-mura,3312,1629,1683,3605,-293,-8.13,96.79,9.04,366.4,1118,1117,1,1135,-17,-1.50,3312,3283,29
1360,15_Niigata-ken,15351,2000.0,15_Niigata-ken,15100,1361_(Municipalities as of 2000) Nakanokuchi-mura,5288,2622,2666,5649,-361,-6.39,98.35,20.16,262.3,1613,1612,1,1584,29,1.83,5288,5230,58
1361,15_Niigata-ken,15101,,15_Niigata-ken,15101,1362_Niigata-shi Kita-ku,72804,35490,37314,76328,-3524,-4.62,95.11,107.61,676.6,27418,27344,74,27070,348,1.29,72804,70336,2468
1362,15_Niigata-ken,15102,,15_Niigata-ken,15102,1363_Niigata-shi Higashi-ku,134446,64388,70058,137577,-3131,-2.28,91.91,38.62,3481.3,57491,57417,74,55550,1941,3.49,134446,131967,2479
1363,15_Niigata-ken,15103,,15_Niigata-ken,15103,1364_Niigata-shi Chuo-ku,180345,86046,94299,183767,-3422,-1.86,91.25,37.75,4777.4,90860,90748,112,88506,2354,2.66,180345,176552,3793
1364,15_Niigata-ken,15104,,15_Niigata-ken,15104,1365_Niigata-shi Konan-ku,67972,32940,35032,68906,-934,-1.36,94.03,75.42,901.2,24891,24847,44,23677,1214,5.13,67972,65571,2401
1365,15_Niigata-ken,15105,,15_Niigata-ken,15105,1366_Niigata-shi Akiha-ku,75069,36016,39053,76843,-1774,-2.31,92.22,95.38,787.1,28003,27945,58,26898,1105,4.11,75069,73498,1571
1366,15_Niigata-ken,15106,,15_Niigata-ken,15106,1367_Niigata-shi Minami-ku,43437,20977,22460,45685,-2248,-4.92,93.40,100.91,430.5,14922,14871,51,14583,339,2.32,43437,41915,1522
1367,15_Niigata-ken,15107,,15_Niigata-ken,15107,1368_Niigata-shi Nishi-ku,160656,77653,83003,162833,-2177,-1.34,93.55,94.0,1709.1,69006,68883,123,66860,2146,3.21,160656,155453,5203
1368,15_Niigata-ken,15108,,15_Niigata-ken,15108,1369_Niigata-shi Nishikan-ku,54546,26231,28315,58218,-3672,-6.31,92.64,176.57,308.9,18681,18642,39,18367,314,1.71,54546,52754,1792
1369,15_Niigata-ken,15202,,15_Niigata-ken,15202,1370_Nagaoka-shi,266936,131011,135925,275133,-8197,-2.98,96.38,891.06,299.6,104489,104168,321,100143,4346,4.34,266936,259807,7129
1370,15_Niigata-ken,15202,2000.0,15_Niigata-ken,15202,1371_(Municipalities as of 2000) Nagaoka-shi,191859,94426,97433,192716,-857,-0.44,96.91,262.45,731.0,78831,78658,173,74054,4777,6.45,191859,187057,4802
1371,15_Niigata-ken,15215,2000.0,15_Niigata-ken,15202,1372_(Municipalities as of 2000) Tochio-shi,16440,8065,8375,18761,-2321,-12.37,96.30,204.92,80.2,6074,6061,13,6461,-387,-5.99,16440,15996,444
1372,15_Niigata-ken,15364,2000.0,15_Niigata-ken,15202,1373_(Municipalities as of 2000) Nakanoshima-machi,10790,5341,5449,11525,-735,-6.38,98.02,42.55,253.6,3458,3456,2,3343,115,3.44,10790,10703,87
1373,15_Niigata-ken,15401,2000.0,15_Niigata-ken,15202,1374_(Municipalities as of 2000) Koshiji-machi,13144,6312,6832,13822,-678,-4.91,92.39,58.44,224.9,4332,4230,102,4192,140,3.34,13144,12697,447
1374,15_Niigata-ken,15402,2000.0,15_Niigata-ken,15202,1375_(Municipalities as of 2000) Mishima-machi,6738,3232,3506,7100,-362,-5.10,92.18,36.47,184.8,2187,2181,6,2142,45,2.10,6738,6253,485
1375,15_Niigata-ken,15403,2000.0,15_Niigata-ken,15202,1376_(Municipalities as of 2000) Yoita-machi,5957,2926,3031,6454,-497,-7.70,96.54,20.05,297.1,2072,2070,2,2073,-1,-0.05,5957,5843,114
1376,15_Niigata-ken,15404,2000.0,15_Niigata-ken,15202,1377_(Municipalities as of 2000) Washima-mura,3676,1790,1886,4107,-431,-10.49,94.91,31.86,115.4,1213,1207,6,1264,-51,-4.03,3676,3625,51
1377,15_Niigata-ken,15406,2000.0,15_Niigata-ken,15202,1378_(Municipalities as of 2000) Teradomari-machi,8694,4254,4440,9701,-1007,-10.38,95.81,58.16,149.5,2885,2877,8,2985,-100,-3.35,8694,8299,395
1378,15_Niigata-ken,15421,2000.0,15_Niigata-ken,15202,1379_(Municipalities as of 2000) Yamakoshi-mura,809,400,409,1002,-193,-19.26,97.80,39.83,20.3,358,358,NULL,398,-40,-10.05,809,809,NULL
1379,15_Niigata-ken,15441,2000.0,15_Niigata-ken,15202,1380_(Municipalities as of 2000) Kawaguchi-machi,4087,1975,2112,4477,-390,-8.71,93.51,50.03,81.7,1336,1333,3,1384,-48,-3.47,4087,3960,127
1380,15_Niigata-ken,15502,2000.0,15_Niigata-ken,15202,1381_(Municipalities as of 2000) Oguni-machi,4742,2290,2452,5468,-726,-13.28,93.39,86.15,55.0,1743,1737,6,1847,-104,-5.63,4742,4565,177
1381,15_Niigata-ken,15204,,15_Niigata-ken,15204,1382_Sanjo-shi,94642,45815,48827,99192,-4550,-4.59,93.83,431.97,219.1,34000,33939,61,33201,799,2.41,94642,92140,2502
1382,15_Niigata-ken,15204,2000.0,15_Niigata-ken,15204,1383_(Municipalities as of 2000) Sanjo-shi,75958,36744,39214,78835,-2877,-3.65,93.70,75.83,1001.7,28434,28388,46,27619,815,2.95,75958,74100,1858
1383,15_Niigata-ken,15362,2000.0,15_Niigata-ken,15204,1384_(Municipalities as of 2000) Shitada-mura,8505,4116,4389,9464,-959,-10.13,93.78,311.0,27.3,2594,2588,6,2672,-78,-2.92,8505,8162,343
1384,15_Niigata-ken,15363,2000.0,15_Niigata-ken,15204,1385_(Municipalities as of 2000) Sakae-machi,10179,4955,5224,10893,-714,-6.55,94.85,45.22,225.1,2972,2963,9,2910,62,2.13,10179,9878,301
1385,15_Niigata-ken,15205,,15_Niigata-ken,15205,1386_Kashiwazaki-shi,81526,40556,40970,86833,-5307,-6.11,98.99,442.03,184.4,33904,33839,65,33560,344,1.03,81526,79307,2219
1386,15_Niigata-ken,15205,2000.0,15_Niigata-ken,15205,1387_(Municipalities as of 2000) Kashiwazaki-shi,75424,37585,37839,79808,-4384,-5.49,99.33,319.29,236.2,31520,31460,60,30970,550,1.78,75424,73393,2031
1387,15_Niigata-ken,15501,2000.0,15_Niigata-ken,15205,1388_(Municipalities as of 2000) Takayanagi-machi,1187,563,624,1504,-317,-21.08,90.22,64.63,18.4,531,529,2,668,-137,-20.51,1187,1105,82
1388,15_Niigata-ken,15505,2000.0,15_Niigata-ken,15205,1389_(Municipalities as of 2000) Nishiyama-machi,4915,2408,2507,5521,-606,-10.98,96.05,56.63,86.8,1853,1850,3,1922,-69,-3.59,4915,4809,106
1389,15_Niigata-ken,15206,,15_Niigata-ken,15206,1390_Shibata-shi,94927,45963,48964,98611,-3684,-3.74,93.87,533.11,178.1,35191,35126,65,34186,1005,2.94,94927,92320,2607
1390,15_Niigata-ken,15206,2000.0,15_Niigata-ken,15206,1391_(Municipalities as of 2000) Shibata-shi,74126,35989,38137,76462,-2336,-3.06,94.37,433.59,171.0,28595,28548,47,27635,960,3.47,74126,72290,1836
1391,15_Niigata-ken,15306,2000.0,15_Niigata-ken,15206,1392_(Municipalities as of 2000) Toyoura-machi,8546,4012,4534,8916,-370,-4.15,88.49,35.95,237.7,2698,2685,13,2669,29,1.09,8546,7960,586
1392,15_Niigata-ken,15308,2000.0,15_Niigata-ken,15206,1393_(Municipalities as of 2000) Kajikawa-mura,5683,2768,2915,6119,-436,-7.13,94.96,36.58,155.4,1839,1836,3,1830,9,0.49,5683,5569,114
1393,15_Niigata-ken,15309,2000.0,15_Niigata-ken,15206,1394_(Municipalities as of 2000) Shiunji-machi,6572,3194,3378,7114,-542,-7.62,94.55,26.7,246.1,2059,2057,2,2052,7,0.34,6572,6501,71
1394,15_Niigata-ken,15208,2000.0,15_Niigata-ken,15208,1395_Ojiya-shi,34096,16830,17266,36498,-2402,-6.58,97.47,155.19,219.7,12113,12086,27,12165,-52,-0.43,34096,33303,793
1395,15_Niigata-ken,15209,2000.0,15_Niigata-ken,15209,1396_Kamo-shi,25441,12406,13035,27852,-2411,-8.66,95.17,133.72,190.3,9396,9389,7,9634,-238,-2.47,25441,25115,326
1396,15_Niigata-ken,15210,,15_Niigata-ken,15210,1397_Tokamachi-shi,49820,24339,25481,54917,-5097,-9.28,95.52,590.39,84.4,18012,17959,53,18598,-586,-3.15,49820,48541,1279
1397,15_Niigata-ken,15210,2000.0,15_Niigata-ken,15210,1398_(Municipalities as of 2000) Tokamachi-shi,34646,16955,17691,37740,-3094,-8.20,95.84,212.77,162.8,12627,12593,34,12888,-261,-2.03,34646,33979,667
1398,15_Niigata-ken,15481,2000.0,15_Niigata-ken,15210,1399_(Municipalities as of 2000) Kawanishi-machi,5873,2907,2966,6581,-708,-10.76,98.01,73.55,79.9,1997,1991,6,2074,-77,-3.71,5873,5732,141
1399,15_Niigata-ken,15483,2000.0,15_Niigata-ken,15210,1400_(Municipalities as of 2000) Nakasato-mura,4659,2273,2386,5199,-540,-10.39,95.26,128.97,36.1,1518,1512,6,1588,-70,-4.41,4659,4433,226
1400,15_Niigata-ken,15523,2000.0,15_Niigata-ken,15210,1401_(Municipalities as of 2000) Matsudai-machi,2816,1344,1472,3224,-408,-12.66,91.30,90.47,31.1,1145,1140,5,1240,-95,-7.66,2816,2711,105
1401,15_Niigata-ken,15524,2000.0,15_Niigata-ken,15210,1402_(Municipalities as of 2000) Matsunoyama-machi,1826,860,966,2173,-347,-15.97,89.03,86.31,21.2,725,723,2,808,-83,-10.27,1826,1686,140
1402,15_Niigata-ken,15211,2000.0,15_Niigata-ken,15211,1403_Mitsuke-shi,39237,19050,20187,40608,-1371,-3.38,94.37,77.91,503.6,14136,14106,30,13702,434,3.17,39237,38331,906
1403,15_Niigata-ken,15212,,15_Niigata-ken,15212,1404_Murakami-shi,57418,27474,29944,62442,-5024,-8.05,91.75,1174.17,48.9,21549,21466,83,22138,-589,-2.66,57418,55584,1834
1404,15_Niigata-ken,15212,2000.0,15_Niigata-ken,15212,1405_(Municipalities as of 2000) Murakami-shi,26024,12462,13562,28009,-1985,-7.09,91.89,142.12,183.1,10565,10542,23,10938,-373,-3.41,26024,25156,868
1405,15_Niigata-ken,15582,2000.0,15_Niigata-ken,15212,1406_(Municipalities as of 2000) Arakawa-machi,9585,4622,4963,10231,-646,-6.31,93.13,36.71,261.1,3564,3557,7,3513,51,1.45,9585,9445,140
1406,15_Niigata-ken,15583,2000.0,15_Niigata-ken,15212,1407_(Municipalities as of 2000) Kamihayashi-mura,8133,3894,4239,8782,-649,-7.39,91.86,82.18,99.0,2621,2615,6,2660,-39,-1.47,8133,7888,245
1407,15_Niigata-ken,15584,2000.0,15_Niigata-ken,15212,1408_(Municipalities as of 2000) Asahi-mura,8604,4160,4444,9617,-1013,-10.53,93.61,629.32,13.7,2814,2773,41,2861,-47,-1.64,8604,8271,333
1408,15_Niigata-ken,15585,2000.0,15_Niigata-ken,15212,1409_(Municipalities as of 2000) Sanpoku-machi,5072,2336,2736,5803,-731,-12.60,85.38,283.91,17.9,1985,1979,6,2166,-181,-8.36,5072,4824,248
1409,15_Niigata-ken,15213,,15_Niigata-ken,15213,1410_Tsubame-shi,77201,37629,39572,79784,-2583,-3.24,95.09,110.94,695.9,28522,28477,45,27537,985,3.58,77201,75844,1357
1410,15_Niigata-ken,15213,2000.0,15_Niigata-ken,15213,1411_(Municipalities as of 2000) Tsubame-shi,41315,20222,21093,42331,-1016,-2.40,95.87,39.27,1052.1,15650,15631,19,14945,705,4.72,41315,40587,728
1411,15_Niigata-ken,15343,2000.0,15_Niigata-ken,15213,1412_(Municipalities as of 2000) Bunsui-machi,13046,6334,6712,13782,-736,-5.34,94.37,39.61,329.4,4486,4475,11,4435,51,1.15,13046,12716,330
1412,15_Niigata-ken,15344,2000.0,15_Niigata-ken,15213,1413_(Municipalities as of 2000) Yoshida-machi,22840,11073,11767,23671,-831,-3.51,94.10,32.0,713.8,8386,8371,15,8157,229,2.81,22840,22541,299
1413,15_Niigata-ken,15216,,15_Niigata-ken,15216,1414_Itoigawa-shi,40765,20068,20697,44162,-3397,-7.69,96.96,746.24,54.6,16442,16402,40,16699,-257,-1.54,40765,39663,1102
1414,15_Niigata-ken,15216,2000.0,15_Niigata-ken,15216,1415_(Municipalities as of 2000) Itoigawa-shi,25491,12613,12878,27288,-1797,-6.59,97.94,466.62,54.6,10499,10474,25,10485,14,0.13,25491,24858,633
1415,15_Niigata-ken,15562,2000.0,15_Niigata-ken,15216,1416_(Municipalities as of 2000) No-machi,7733,3809,3924,8542,-809,-9.47,97.07,150.49,51.4,2888,2880,8,3002,-114,-3.80,7733,7463,270
1416,15_Niigata-ken,15563,2000.0,15_Niigata-ken,15216,1417_(Municipalities as of 2000) Omi-machi,7541,3646,3895,8332,-791,-9.49,93.61,129.13,58.4,3055,3048,7,3212,-157,-4.89,7541,7342,199
1417,15_Niigata-ken,15217,,15_Niigata-ken,15217,1418_Myoko-shi,30383,14740,15643,33199,-2816,-8.48,94.23,445.63,68.2,11306,11266,40,11562,-256,-2.21,30383,29482,901
1418,15_Niigata-ken,15217,2000.0,15_Niigata-ken,15217,1419_(Municipalities as of 2000) Arai-shi,22846,11080,11766,24624,-1778,-7.22,94.17,176.16,129.7,8421,8386,35,8474,-53,-0.63,22846,22153,693
1419,15_Niigata-ken,15545,2000.0,15_Niigata-ken,15217,1420_(Municipalities as of 2000) Myokokogen-machi,4159,1994,2165,4765,-606,-12.72,92.10,128.57,32.3,1642,1638,4,1778,-136,-7.65,4159,4028,131
1420,15_Niigata-ken,15547,2000.0,15_Niigata-ken,15217,1421_(Municipalities as of 2000) Myoko-mura,3378,1666,1712,3810,-432,-11.34,97.31,140.78,24.0,1243,1242,1,1310,-67,-5.11,3378,3301,77
1421,15_Niigata-ken,15218,,15_Niigata-ken,15218,1422_Gosen-shi,47625,22890,24735,51404,-3779,-7.35,92.54,351.91,135.3,17021,16976,45,16945,76,0.45,47625,46549,1076
1422,15_Niigata-ken,15218,2000.0,15_Niigata-ken,15218,1423_(Municipalities as of 2000) Gosen-shi,32200,15510,16690,34257,-2057,-6.00,92.93,98.8,325.9,11557,11533,24,11417,140,1.23,32200,31604,596
1423,15_Niigata-ken,15322,2000.0,15_Niigata-ken,15218,1424_(Municipalities as of 2000) Muramatsu-machi,15425,7380,8045,17147,-1722,-10.04,91.73,253.07,61.0,5464,5443,21,5528,-64,-1.16,15425,14945,480
1424,15_Niigata-ken,15222,,15_Niigata-ken,15222,1425_Joetsu-shi,188047,91929,96118,196987,-8940,-4.54,95.64,973.89,193.1,72850,72655,195,71015,1835,2.58,188047,182122,5925
1425,15_Niigata-ken,15222,2000.0,15_Niigata-ken,15222,1426_(Municipalities as of 2000) Joetsu-shi,129454,63356,66098,132891,-3437,-2.59,95.85,249.3,519.3,52215,52076,139,50227,1988,3.96,129454,125312,4142
1426,15_Niigata-ken,15521,2000.0,15_Niigata-ken,15222,1427_(Municipalities as of 2000) Yasuzuka-machi,2069,983,1086,2491,-422,-16.94,90.52,70.23,29.5,863,860,3,960,-97,-10.10,2069,1955,114
1427,15_Niigata-ken,15522,2000.0,15_Niigata-ken,15222,1428_(Municipalities as of 2000) Uragawara-mura,3111,1520,1591,3466,-355,-10.24,95.54,50.64,61.4,1051,1047,4,1099,-48,-4.37,3111,2994,117
1428,15_Niigata-ken,15525,2000.0,15_Niigata-ken,15222,1429_(Municipalities as of 2000) Oshima-mura,1289,603,686,1613,-324,-20.09,87.90,71.64,18.0,513,511,2,582,-69,-11.86,1289,1204,85
1429,15_Niigata-ken,15526,2000.0,15_Niigata-ken,15222,1430_(Municipalities as of 2000) Maki-mura,1629,784,845,2001,-372,-18.59,92.78,61.35,26.6,643,642,1,717,-74,-10.32,1629,1557,72
1430,15_Niigata-ken,15541,2000.0,15_Niigata-ken,15222,1431_(Municipalities as of 2000) Kakizaki-machi,8901,4301,4600,9837,-936,-9.52,93.50,85.39,104.2,3196,3189,7,3316,-120,-3.62,8901,8670,231
1431,15_Niigata-ken,15542,2000.0,15_Niigata-ken,15222,1432_(Municipalities as of 2000) Ogata-machi,9096,4494,4602,9475,-379,-4.00,97.65,16.32,557.4,3295,3281,14,3128,167,5.34,9096,8698,398
1432,15_Niigata-ken,15543,2000.0,15_Niigata-ken,15222,1433_(Municipalities as of 2000) Kubiki-mura,9176,4514,4662,9267,-91,-0.98,96.83,38.3,239.6,3221,3216,5,2917,304,10.42,9176,8975,201
1433,15_Niigata-ken,15544,2000.0,15_Niigata-ken,15222,1434_(Municipalities as of 2000) Yoshikawa-machi,3669,1757,1912,4234,-565,-13.34,91.89,76.61,47.9,1279,1276,3,1353,-74,-5.47,3669,3617,52
1434,15_Niigata-ken,15546,2000.0,15_Niigata-ken,15222,1435_(Municipalities as of 2000) Nakago-mura,3390,1648,1742,3867,-477,-12.34,94.60,43.56,77.8,1237,1234,3,1288,-51,-3.96,3390,3325,65
1435,15_Niigata-ken,15548,2000.0,15_Niigata-ken,15222,1436_(Municipalities as of 2000) Itakura-machi,6248,3025,3223,6831,-583,-8.53,93.86,66.51,93.9,2026,2024,2,2079,-53,-2.55,6248,6143,105
1436,15_Niigata-ken,15549,2000.0,15_Niigata-ken,15222,1437_(Municipalities as of 2000) Kiyosato-mura,2453,1236,1217,2780,-327,-11.76,101.56,37.54,65.3,820,818,2,826,-6,-0.73,2453,2406,47
1437,15_Niigata-ken,15550,2000.0,15_Niigata-ken,15222,1438_(Municipalities as of 2000) Sanwa-mura,5218,2567,2651,5625,-407,-7.24,96.83,39.3,132.8,1686,1680,6,1684,2,0.12,5218,5070,148
1438,15_Niigata-ken,15561,2000.0,15_Niigata-ken,15222,1439_(Municipalities as of 2000) Nadachi-machi,2344,1141,1203,2609,-265,-10.16,94.85,65.94,35.5,805,801,4,839,-34,-4.05,2344,2196,148
1439,15_Niigata-ken,15223,,15_Niigata-ken,15223,1440_Agano-shi,40696,19570,21126,43415,-2719,-6.26,92.63,192.74,211.1,13484,13457,27,13390,94,0.70,40696,39505,1191
1440,15_Niigata-ken,15301,2000.0,15_Niigata-ken,15223,1441_(Municipalities as of 2000) Yasuda-machi,8932,4267,4665,9644,-712,-7.38,91.47,40.91,218.3,2900,2890,10,2883,17,0.59,8932,8402,530
1441,15_Niigata-ken,15302,2000.0,15_Niigata-ken,15223,1442_(Municipalities as of 2000) Kyogase-mura,6821,3368,3453,7102,-281,-3.96,97.54,25.56,266.9,2100,2098,2,2004,96,4.79,6821,6735,86
1442,15_Niigata-ken,15303,2000.0,15_Niigata-ken,15223,1443_(Municipalities as of 2000) Suibara-machi,18059,8597,9462,19009,-950,-5.00,90.86,38.75,466.0,6255,6243,12,6223,32,0.51,18059,17580,479
1443,15_Niigata-ken,15304,2000.0,15_Niigata-ken,15223,1444_(Municipalities as of 2000) Sasakami-mura,6884,3338,3546,7660,-776,-10.13,94.13,87.5,78.7,2229,2226,3,2280,-51,-2.24,6884,6788,96
1444,15_Niigata-ken,15224,,15_Niigata-ken,15224,1445_Sado-shi,51492,24881,26611,57255,-5763,-10.07,93.50,855.68,60.2,21261,21197,64,22401,-1140,-5.09,51492,49698,1794
1445,15_Niigata-ken,15219,2000.0,15_Niigata-ken,15224,1446_(Municipalities as of 2000) Ryotsu-shi,11572,5550,6022,13107,-1535,-11.71,92.16,233.37,49.6,4880,4869,11,5183,-303,-5.85,11572,11266,306
1446,15_Niigata-ken,15601,2000.0,15_Niigata-ken,15224,1447_(Municipalities as of 2000) Aikawa-machi,5809,2819,2990,6789,-980,-14.44,94.28,192.31,30.2,2532,2522,10,2809,-277,-9.86,5809,5527,282
1447,15_Niigata-ken,15602,2000.0,15_Niigata-ken,15224,1448_(Municipalities as of 2000) Sawata-machi,8308,4082,4226,8788,-480,-5.46,96.59,47.69,174.2,3777,3767,10,3846,-69,-1.79,8308,8125,183
1448,15_Niigata-ken,15603,2000.0,15_Niigata-ken,15224,1449_(Municipalities as of 2000) Kanai-machi,6172,2981,3191,6565,-393,-5.99,93.42,54.33,113.6,2590,2581,9,2635,-45,-1.71,6172,5954,218
1449,15_Niigata-ken,15604,2000.0,15_Niigata-ken,15224,1450_(Municipalities as of 2000) Niibo-mura,3396,1668,1728,3762,-366,-9.73,96.53,63.31,53.6,1348,1341,7,1411,-63,-4.46,3396,3175,221
1450,15_Niigata-ken,15605,2000.0,15_Niigata-ken,15224,1451_(Municipalities as of 2000) Hatano-machi,4034,1904,2130,4388,-354,-8.07,89.39,66.41,60.7,1577,1572,5,1668,-91,-5.46,4034,3859,175
1451,15_Niigata-ken,15606,2000.0,15_Niigata-ken,15224,1452_(Municipalities as of 2000) Mano-machi,4443,2104,2339,5052,-609,-12.05,89.95,67.09,66.2,1680,1676,4,1767,-87,-4.92,4443,4280,163
1452,15_Niigata-ken,15607,2000.0,15_Niigata-ken,15224,1453_(Municipalities as of 2000) Ogi-machi,2583,1267,1316,2964,-381,-12.85,96.28,25.95,99.5,1063,1062,1,1140,-77,-6.75,2583,2549,34
1453,15_Niigata-ken,15608,2000.0,15_Niigata-ken,15224,1454_(Municipalities as of 2000) Hamochi-machi,3063,1455,1608,3403,-340,-9.99,90.49,52.21,58.7,1064,1059,5,1147,-83,-7.24,3063,2942,121
1454,15_Niigata-ken,15609,2000.0,15_Niigata-ken,15224,1455_(Municipalities as of 2000) Akadomari-mura,2112,1051,1061,2437,-325,-13.34,99.06,52.21,40.5,750,748,2,795,-45,-5.66,2112,2021,91
1455,15_Niigata-ken,15225,,15_Niigata-ken,15225,1456_Uonuma-shi,34483,16802,17681,37352,-2869,-7.68,95.03,946.76,36.4,12703,12655,48,12833,-130,-1.01,34483,33542,941
1456,15_Niigata-ken,15442,2000.0,15_Niigata-ken,15225,1457_(Municipalities as of 2000) Horinouchi-machi,7229,3548,3681,7941,-712,-8.97,96.39,69.0,104.8,2473,2467,6,2523,-50,-1.98,7229,7084,145
1457,15_Niigata-ken,15443,2000.0,15_Niigata-ken,15225,1458_(Municipalities as of 2000) Koide-machi,10647,5153,5494,11166,-519,-4.65,93.79,30.04,354.4,4123,4103,20,4018,105,2.61,10647,10170,477
1458,15_Niigata-ken,15444,2000.0,15_Niigata-ken,15225,1459_(Municipalities as of 2000) Yunotani-mura,5565,2683,2882,5858,-293,-5.00,93.10,350.08,15.9,2165,2156,9,2152,13,0.60,5565,5452,113
1459,15_Niigata-ken,15445,2000.0,15_Niigata-ken,15225,1460_(Municipalities as of 2000) Hirokami-mura,6878,3347,3531,7515,-637,-8.48,94.79,105.64,65.1,2312,2306,6,2328,-16,-0.69,6878,6766,112
1460,15_Niigata-ken,15446,2000.0,15_Niigata-ken,15225,1461_(Municipalities as of 2000) Sumon-mura,3072,1527,1545,3515,-443,-12.60,98.83,120.03,25.6,1167,1162,5,1264,-97,-7.67,3072,3015,57
1461,15_Niigata-ken,15447,2000.0,15_Niigata-ken,15225,1462_(Municipalities as of 2000) Irihirose-mura,1092,544,548,1357,-265,-19.53,99.27,272.14,4.0,463,461,2,548,-85,-15.51,1092,1055,37
1462,15_Niigata-ken,15226,,15_Niigata-ken,15226,1463_Minamiuonuma-shi,54851,26777,28074,58568,-3717,-6.35,95.38,584.55,93.8,19576,19526,50,19426,150,0.77,54851,53468,1383
1463,15_Niigata-ken,15462,2000.0,15_Niigata-ken,15226,1464_(Municipalities as of 2000) Shiozawa-machi,16762,8253,8509,17931,-1169,-6.52,96.99,190.12,88.2,5743,5736,7,5660,83,1.47,16762,16572,190
1464,15_Niigata-ken,15463,2000.0,15_Niigata-ken,15226,1465_(Municipalities as of 2000) Muika-machi,24746,12104,12642,26359,-1613,-6.12,95.74,263.79,93.8,9028,9005,23,8983,45,0.50,24746,23940,806
1465,15_Niigata-ken,15464,2000.0,15_Niigata-ken,15226,1466_(Municipalities as of 2000) Yamato-machi,13343,6420,6923,14278,-935,-6.55,92.73,130.91,101.9,4805,4785,20,4783,22,0.46,13343,12956,387
1466,15_Niigata-ken,15227,,15_Niigata-ken,15227,1467_Tainai-shi,28509,13959,14550,30198,-1689,-5.59,95.94,264.89,107.6,10305,10276,29,10056,249,2.48,28509,27216,1293
1467,15_Niigata-ken,15310,2000.0,15_Niigata-ken,15227,1468_(Municipalities as of 2000) Nakajo-machi,23755,11696,12059,24856,-1101,-4.43,96.99,84.58,280.9,8812,8795,17,8504,308,3.62,23755,23034,721
1468,15_Niigata-ken,15311,2000.0,15_Niigata-ken,15227,1469_(Municipalities as of 2000) Kurokawa-mura,4754,2263,2491,5342,-588,-11.01,90.85,180.6,26.3,1493,1481,12,1552,-59,-3.80,4754,4182,572
1469,15_Niigata-ken,15307,2000.0,15_Niigata-ken,15307,1470_Seiro-machi,14259,7172,7087,14040,219,1.56,101.20,37.58,379.4,4804,4796,8,4262,542,12.72,14259,13675,584
1470,15_Niigata-ken,15342,2000.0,15_Niigata-ken,15342,1471_Yahiko-mura,7705,3733,3972,8209,-504,-6.14,93.98,25.17,306.1,2605,2596,9,2584,21,0.81,7705,7537,168
1471,15_Niigata-ken,15361,2000.0,15_Niigata-ken,15361,1472_Tagami-machi,11227,5395,5832,12188,-961,-7.88,92.51,31.71,354.1,3990,3983,7,4028,-38,-0.94,11227,10949,278
1472,15_Niigata-ken,15385,,15_Niigata-ken,15385,1473_Aga-machi,9965,4825,5140,11680,-1715,-14.68,93.87,952.89,10.5,4061,4048,13,4482,-421,-9.39,9965,9597,368
1473,15_Niigata-ken,15381,2000.0,15_Niigata-ken,15385,1474_(Municipalities as of 2000) Tsugawa-machi,3441,1674,1767,3987,-546,-13.69,94.74,84.19,40.9,1496,1490,6,1621,-125,-7.71,3441,3365,76
1474,15_Niigata-ken,15382,2000.0,15_Niigata-ken,15385,1475_(Municipalities as of 2000) Kanose-machi,1590,756,834,1946,-356,-18.29,90.65,257.69,6.2,702,700,2,814,-112,-13.76,1590,1514,76
1475,15_Niigata-ken,15383,2000.0,15_Niigata-ken,15385,1476_(Municipalities as of 2000) Kamikawa-mura,2063,1018,1045,2492,-429,-17.22,97.42,361.13,5.7,816,815,1,898,-82,-9.13,2063,2048,15
1476,15_Niigata-ken,15384,2000.0,15_Niigata-ken,15385,1477_(Municipalities as of 2000) Mikawa-mura,2871,1377,1494,3255,-384,-11.80,92.17,249.87,11.5,1047,1043,4,1149,-102,-8.88,2871,2670,201
1477,15_Niigata-ken,15405,2000.0,15_Niigata-ken,15405,1478_Izumozaki-machi,4113,1978,2135,4528,-415,-9.17,92.65,44.38,92.7,1535,1528,7,1608,-73,-4.54,4113,3948,165
1478,15_Niigata-ken,15461,2000.0,15_Niigata-ken,15461,1479_Yuzawa-machi,7767,3946,3821,8046,-279,-3.47,103.27,357.29,21.7,3583,3579,4,3455,128,3.70,7767,7630,137
1479,15_Niigata-ken,15482,2000.0,15_Niigata-ken,15482,1480_Tsunan-machi,8989,4322,4667,10029,-1040,-10.37,92.61,170.21,52.8,3119,3108,11,3328,-209,-6.28,8989,8614,375
1480,15_Niigata-ken,15504,2000.0,15_Niigata-ken,15504,1481_Kariwa-mura,4380,2244,2136,4775,-395,-8.27,105.06,26.27,166.7,1595,1592,3,1682,-87,-5.17,4380,4365,15
1481,15_Niigata-ken,15581,2000.0,15_Niigata-ken,15581,1482_Sekikawa-mura,5144,2444,2700,5832,-688,-11.80,90.52,299.61,17.2,1756,1751,5,1846,-90,-4.88,5144,4984,160
1482,15_Niigata-ken,15586,2000.0,15_Niigata-ken,15586,1483_Awashimaura-mura,353,181,172,370,-17,-4.59,105.23,9.78,36.1,170,153,17,173,-3,-1.73,353,324,29
1483,16_Toyama-ken,16000,2000.0,16_Toyama-ken,16000,1484_Toyama-ken,1034814,502637,532177,1066328,-31514,-2.96,94.45,4247.58,243.6,403989,403007,982,391171,12818,3.28,1034814,1007734,27080
1484,16_Toyama-ken,16201,,16_Toyama-ken,16201,1485_Toyama-shi,413938,202281,211657,418686,-4748,-1.13,95.57,1241.74,333.4,171917,171528,389,163862,8055,4.92,413938,402438,11500
1485,16_Toyama-ken,16201,2000.0,16_Toyama-ken,16201,1486_(Municipalities as of 2000) Toyama-shi,321666,157218,164448,323248,-1582,-0.49,95.60,208.81,1540.5,138691,138412,279,131990,6701,5.08,321666,313255,8411
1486,16_Toyama-ken,16301,2000.0,16_Toyama-ken,16201,1487_(Municipalities as of 2000) Osawano-machi,21000,10279,10721,21582,-582,-2.70,95.88,74.66,281.3,7683,7654,29,7396,287,3.88,21000,20054,946
1487,16_Toyama-ken,16302,2000.0,16_Toyama-ken,16201,1488_(Municipalities as of 2000) Oyama-machi,9321,4532,4789,10300,-979,-9.50,94.63,572.32,16.3,3416,3392,24,3500,-84,-2.40,9321,8907,414
1488,16_Toyama-ken,16361,2000.0,16_Toyama-ken,16201,1489_(Municipalities as of 2000) Yatsuo-machi,18673,9111,9562,19824,-1151,-5.81,95.28,236.86,78.8,6591,6564,27,6479,112,1.73,18673,18107,566
1489,16_Toyama-ken,16362,2000.0,16_Toyama-ken,16201,1490_(Municipalities as of 2000) Fuchu-machi,40803,19924,20879,40778,25,0.06,95.43,68.04,599.7,14709,14681,28,13590,1119,8.23,40803,39717,1086
1490,16_Toyama-ken,16363,2000.0,16_Toyama-ken,16201,1491_(Municipalities as of 2000) Yamada-mura,1297,635,662,1612,-315,-19.54,95.92,40.92,31.7,400,399,1,428,-28,-6.54,1297,1237,60
1491,16_Toyama-ken,16364,2000.0,16_Toyama-ken,16201,1492_(Municipalities as of 2000) Hosoiri-mura,1178,582,596,1342,-164,-12.22,97.65,40.24,29.3,427,426,1,479,-52,-10.86,1178,1161,17
1492,16_Toyama-ken,16202,,16_Toyama-ken,16202,1493_Takaoka-shi,166393,80482,85911,172125,-5732,-3.33,93.68,209.57,794.0,65586,65463,123,63814,1772,2.78,166393,162503,3890
1493,16_Toyama-ken,16202,2000.0,16_Toyama-ken,16202,1494_(Municipalities as of 2000) Takaoka-shi,154218,74592,79626,159314,-5096,-3.20,93.68,150.55,1024.4,61261,61144,117,59616,1645,2.76,154218,150633,3585
1494,16_Toyama-ken,16422,2000.0,16_Toyama-ken,16202,1495_(Municipalities as of 2000) Fukuoka-machi,12175,5890,6285,12811,-636,-4.96,93.72,58.76,207.2,4325,4319,6,4198,127,3.03,12175,11870,305
1495,16_Toyama-ken,16204,2000.0,16_Toyama-ken,16204,1496_Uozu-shi,40535,19729,20806,42935,-2400,-5.59,94.82,200.61,202.1,15800,15750,50,15855,-55,-0.35,40535,38913,1622
1496,16_Toyama-ken,16205,2000.0,16_Toyama-ken,16205,1497_Himi-shi,43950,20883,23067,47992,-4042,-8.42,90.53,230.54,190.6,15759,15726,33,16096,-337,-2.09,43950,42947,1003
1497,16_Toyama-ken,16206,2000.0,16_Toyama-ken,16206,1498_Namerikawa-shi,32349,15750,16599,32755,-406,-1.24,94.89,54.62,592.3,12115,12092,23,11699,416,3.56,32349,31756,593
1498,16_Toyama-ken,16207,,16_Toyama-ken,16207,1499_Kurobe-shi,39638,19514,20124,40991,-1353,-3.30,96.97,426.31,93.0,15238,15203,35,14793,445,3.01,39638,38936,702
1499,16_Toyama-ken,16207,2000.0,16_Toyama-ken,16207,1500_(Municipalities as of 2000) Kurobe-shi,34945,17240,17705,35680,-735,-2.06,97.37,86.76,402.8,13351,13329,22,12785,566,4.43,34945,34325,620
1500,16_Toyama-ken,16341,2000.0,16_Toyama-ken,16207,1501_(Municipalities as of 2000) Unazuki-machi,4693,2274,2419,5311,-618,-11.64,94.01,339.58,13.8,1887,1874,13,2008,-121,-6.03,4693,4611,82
1501,16_Toyama-ken,16208,,16_Toyama-ken,16208,1502_Tonami-shi,48154,23419,24735,49000,-846,-1.73,94.68,127.03,379.1,17147,17102,45,16220,927,5.72,48154,46947,1207
1502,16_Toyama-ken,16208,2000.0,16_Toyama-ken,16208,1503_(Municipalities as of 2000) Tonami-shi,42606,20788,21818,42953,-347,-0.81,95.28,96.22,442.8,15223,15182,41,14281,942,6.60,42606,41486,1120
1503,16_Toyama-ken,16405,2000.0,16_Toyama-ken,16208,1504_(Municipalities as of 2000) Shogawa-machi,5548,2631,2917,6047,-499,-8.25,90.20,30.74,180.5,1924,1920,4,1939,-15,-0.77,5548,5461,87
1504,16_Toyama-ken,16209,2000.0,16_Toyama-ken,16209,1505_Oyabe-shi,28983,13991,14992,30399,-1416,-4.66,93.32,134.07,216.2,9726,9673,53,9517,209,2.20,28983,27793,1190
1505,16_Toyama-ken,16210,,16_Toyama-ken,16210,1506_Nanto-shi,47937,22940,24997,51327,-3390,-6.60,91.77,668.64,71.7,16483,16410,73,16594,-111,-0.67,47937,46479,1458
1506,16_Toyama-ken,16401,2000.0,16_Toyama-ken,16210,1507_(Municipalities as of 2000) Johana-machi,8071,3824,4247,8592,-521,-6.06,90.04,64.99,124.2,2771,2761,10,2761,10,0.36,8071,7634,437
1507,16_Toyama-ken,16402,2000.0,16_Toyama-ken,16210,1508_(Municipalities as of 2000) Taira-mura,847,397,450,980,-133,-13.57,88.22,94.06,9.0,305,304,1,330,-25,-7.58,847,818,29
1508,16_Toyama-ken,16403,2000.0,16_Toyama-ken,16210,1509_(Municipalities as of 2000) Kamitaira-mura,585,265,320,639,-54,-8.45,82.81,94.77,6.2,193,192,1,201,-8,-3.98,585,568,17
1509,16_Toyama-ken,16404,2000.0,16_Toyama-ken,16210,1510_(Municipalities as of 2000) Toga-mura,465,252,213,537,-72,-13.41,118.31,177.58,2.6,232,203,29,238,-6,-2.52,465,436,29
1510,16_Toyama-ken,16406,2000.0,16_Toyama-ken,16210,1511_(Municipalities as of 2000) Inami-machi,7855,3696,4159,8541,-686,-8.03,88.87,26.2,299.8,2745,2737,8,2759,-14,-0.51,7855,7621,234
1511,16_Toyama-ken,16407,2000.0,16_Toyama-ken,16210,1512_(Municipalities as of 2000) Inokuchi-mura,1076,537,539,1181,-105,-8.89,99.63,11.5,93.6,326,324,2,332,-6,-1.81,1076,1005,71
1512,16_Toyama-ken,16408,2000.0,16_Toyama-ken,16210,1513_(Municipalities as of 2000) Fukuno-machi,13011,6312,6699,13658,-647,-4.74,94.22,31.71,410.3,4332,4321,11,4356,-24,-0.55,13011,12716,295
1513,16_Toyama-ken,16421,2000.0,16_Toyama-ken,16210,1514_(Municipalities as of 2000) Fukumitsu-machi,16027,7657,8370,17199,-1172,-6.81,91.48,168.05,95.4,5579,5568,11,5617,-38,-0.68,16027,15681,346
1514,16_Toyama-ken,16211,,16_Toyama-ken,16211,1515_Imizu-shi,90742,44253,46489,92308,-1566,-1.70,95.19,109.44,829.1,33812,33752,60,32115,1697,5.28,90742,88713,2029
1515,16_Toyama-ken,16203,2000.0,16_Toyama-ken,16211,1516_(Municipalities as of 2000) Shinminato-shi,31685,15454,16231,33251,-1566,-4.71,95.21,32.36,979.1,11828,11800,28,11645,183,1.57,31685,30726,959
1516,16_Toyama-ken,16381,2000.0,16_Toyama-ken,16211,1517_(Municipalities as of 2000) Kosugi-machi,33919,16764,17155,33625,294,0.87,97.72,41.22,822.9,13432,13416,16,12369,1063,8.59,33919,33423,496
1517,16_Toyama-ken,16382,2000.0,16_Toyama-ken,16211,1518_(Municipalities as of 2000) Daimon-machi,12443,6031,6412,12718,-275,-2.16,94.06,21.77,571.6,4147,4136,11,3992,155,3.88,12443,12112,331
1518,16_Toyama-ken,16383,2000.0,16_Toyama-ken,16211,1519_(Municipalities as of 2000) Shimo-mura,1719,829,890,1861,-142,-7.63,93.15,5.8,296.4,579,579,NULL,584,-5,-0.86,1719,1719,NULL
1519,16_Toyama-ken,16384,2000.0,16_Toyama-ken,16211,1520_(Municipalities as of 2000) Oshima-machi,10976,5175,5801,10853,123,1.13,89.21,7.96,1378.9,3826,3821,5,3525,301,8.54,10976,10733,243
1520,16_Toyama-ken,16321,2000.0,16_Toyama-ken,16321,1521_Funahashi-mura,3132,1521,1611,2982,150,5.03,94.41,3.47,902.6,1051,1049,2,910,141,15.49,3132,3039,93
1521,16_Toyama-ken,16322,2000.0,16_Toyama-ken,16322,1522_Kamiichi-machi,19351,9255,10096,20930,-1579,-7.54,91.67,236.71,81.7,7256,7235,21,7395,-139,-1.88,19351,18902,449
1522,16_Toyama-ken,16323,2000.0,16_Toyama-ken,16323,1523_Tateyama-machi,24792,12002,12790,26317,-1525,-5.79,93.84,307.29,80.7,9047,9008,39,9159,-112,-1.22,24792,24407,385
1523,16_Toyama-ken,16342,2000.0,16_Toyama-ken,16342,1524_Nyuzen-machi,23839,11385,12454,25335,-1496,-5.90,91.42,71.25,334.6,8699,8676,23,8628,71,0.82,23839,23175,664
1524,16_Toyama-ken,16343,2000.0,16_Toyama-ken,16343,1525_Asahi-machi,11081,5232,5849,12246,-1165,-9.51,89.45,226.3,49.0,4353,4340,13,4514,-161,-3.57,11081,10786,295
1525,17_Ishikawa-ken,17000,2000.0,17_Ishikawa-ken,17000,1526_Ishikawa-ken,1132526,549771,582755,1154008,-21482,-1.86,94.34,4186.21,270.5,469910,468835,1075,453368,16542,3.65,1132526,1097311,35215
1526,17_Ishikawa-ken,17201,2000.0,17_Ishikawa-ken,17201,1527_Kanazawa-shi,463254,224549,238705,465699,-2445,-0.53,94.07,468.79,988.2,207520,207119,401,199572,7948,3.98,463254,447663,15591
1527,17_Ishikawa-ken,17202,,17_Ishikawa-ken,17202,1528_Nanao-shi,50300,23970,26330,55325,-5025,-9.08,91.04,318.29,158.0,20328,20253,75,20855,-527,-2.53,50300,48051,2249
1528,17_Ishikawa-ken,17202,2000.0,17_Ishikawa-ken,17202,1529_(Municipalities as of 2000) Nanao-shi,38191,18330,19861,41756,-3565,-8.54,92.29,143.97,265.3,15906,15847,59,16212,-306,-1.89,38191,36497,1694
1529,17_Ishikawa-ken,17401,2000.0,17_Ishikawa-ken,17202,1530_(Municipalities as of 2000) Tatsuruhama-machi,4523,2105,2418,5024,-501,-9.97,87.06,28.4,159.3,1653,1649,4,1726,-73,-4.23,4523,4361,162
1530,17_Ishikawa-ken,17403,2000.0,17_Ishikawa-ken,17202,1531_(Municipalities as of 2000) Nakajima-machi,5115,2380,2735,5820,-705,-12.11,87.02,98.75,51.8,1907,1899,8,2025,-118,-5.83,5115,4873,242
1531,17_Ishikawa-ken,17405,2000.0,17_Ishikawa-ken,17202,1532_(Municipalities as of 2000) Notojima-machi,2471,1155,1316,2725,-254,-9.32,87.77,46.73,52.9,862,858,4,892,-30,-3.36,2471,2320,151
1532,17_Ishikawa-ken,17203,2000.0,17_Ishikawa-ken,17203,1533_Komatsu-shi,106216,52182,54034,106919,-703,-0.66,96.57,371.05,286.3,41312,41217,95,38166,3146,8.24,106216,103009,3207
1533,17_Ishikawa-ken,17204,,17_Ishikawa-ken,17204,1534_Wajima-shi,24608,11714,12894,27216,-2608,-9.58,90.85,426.32,57.7,10208,10172,36,10649,-441,-4.14,24608,22798,1810
1534,17_Ishikawa-ken,17204,2000.0,17_Ishikawa-ken,17204,1535_(Municipalities as of 2000) Wajima-shi,19686,9488,10198,21477,-1791,-8.34,93.04,268.67,73.3,7895,7871,24,8073,-178,-2.20,19686,18184,1502
1535,17_Ishikawa-ken,17422,2000.0,17_Ishikawa-ken,17204,1536_(Municipalities as of 2000) Monzen-machi,4922,2226,2696,5739,-817,-14.24,82.57,157.54,31.2,2313,2301,12,2576,-263,-10.21,4922,4614,308
1536,17_Ishikawa-ken,17205,2000.0,17_Ishikawa-ken,17205,1537_Suzu-shi,12929,5933,6996,14625,-1696,-11.60,84.81,247.2,52.3,5517,5490,27,5861,-344,-5.87,12929,12606,323
1537,17_Ishikawa-ken,17206,,17_Ishikawa-ken,17206,1538_Kaga-shi,63220,29939,33281,67186,-3966,-5.90,89.96,305.87,206.7,25261,25184,77,24841,420,1.69,63220,60912,2308
1538,17_Ishikawa-ken,17206,2000.0,17_Ishikawa-ken,17206,1539_(Municipalities as of 2000) Kaga-shi,56172,26661,29511,59413,-3241,-5.46,90.34,151.6,370.5,22359,22290,69,21883,476,2.18,56172,54038,2134
1539,17_Ishikawa-ken,17301,2000.0,17_Ishikawa-ken,17206,1540_(Municipalities as of 2000) Yamanaka-machi,7048,3278,3770,7773,-725,-9.33,86.95,154.39,45.7,2902,2894,8,2958,-56,-1.89,7048,6874,174
1540,17_Ishikawa-ken,17207,2000.0,17_Ishikawa-ken,17207,1541_Hakui-shi,20407,9669,10738,21729,-1322,-6.08,90.04,81.85,249.3,8046,8023,23,8066,-20,-0.25,20407,19968,439
1541,17_Ishikawa-ken,17209,,17_Ishikawa-ken,17209,1542_Kahoku-shi,34889,16875,18014,34219,670,1.96,93.68,64.44,541.4,12528,12497,31,11604,924,7.96,34889,33924,965
1542,17_Ishikawa-ken,17362,2000.0,17_Ishikawa-ken,17209,1543_(Municipalities as of 2000) Takamatsu-machi,9855,4660,5195,10083,-228,-2.26,89.70,26.4,373.3,3512,3497,15,3361,151,4.49,9855,9231,624
1543,17_Ishikawa-ken,17363,2000.0,17_Ishikawa-ken,17209,1544_(Municipalities as of 2000) Nanatsuka-machi,12411,6048,6363,11756,655,5.57,95.05,6.39,1942.3,4528,4520,8,3985,543,13.63,12411,12198,213
1544,17_Ishikawa-ken,17364,2000.0,17_Ishikawa-ken,17209,1545_(Municipalities as of 2000) Unoke-machi,12623,6167,6456,12380,243,1.96,95.52,31.97,394.8,4488,4480,8,4258,230,5.40,12623,12495,128
1545,17_Ishikawa-ken,17210,,17_Ishikawa-ken,17210,1546_Hakusan-shi,110408,53670,56738,109287,1121,1.03,94.59,754.93,146.2,40958,40888,70,38439,2519,6.55,110408,108685,1723
1546,17_Ishikawa-ken,17208,2000.0,17_Ishikawa-ken,17210,1547_(Municipalities as of 2000) Matto-shi,70626,34514,36112,69276,1350,1.95,95.57,59.93,1178.5,26566,26521,45,24744,1822,7.36,70626,69584,1042
1547,17_Ishikawa-ken,17342,2000.0,17_Ishikawa-ken,17210,1548_(Municipalities as of 2000) Mikawa-machi,11923,5701,6222,12424,-501,-4.03,91.63,9.12,1307.3,4423,4417,6,4335,88,2.03,11923,11756,167
1548,17_Ishikawa-ken,17343,2000.0,17_Ishikawa-ken,17210,1549_(Municipalities as of 2000) Tsurugi-machi,22699,11004,11695,21819,880,4.03,94.09,35.64,636.9,8012,8001,11,7349,663,9.02,22699,22444,255
1549,17_Ishikawa-ken,17345,2000.0,17_Ishikawa-ken,17210,1550_(Municipalities as of 2000) Kawachi-mura,917,429,488,961,-44,-4.58,87.91,74.42,12.3,355,355,NULL,341,14,4.11,917,917,NULL
1550,17_Ishikawa-ken,17346,2000.0,17_Ishikawa-ken,17210,1551_(Municipalities as of 2000) Yoshinodani-mura,941,438,503,1057,-116,-10.97,87.08,142.89,6.6,367,364,3,377,-10,-2.65,941,825,116
1551,17_Ishikawa-ken,17347,2000.0,17_Ishikawa-ken,17210,1552_(Municipalities as of 2000) Torigoe-mura,2272,1082,1190,2508,-236,-9.41,90.92,74.15,30.6,770,766,4,795,-25,-3.14,2272,2178,94
1552,17_Ishikawa-ken,17348,2000.0,17_Ishikawa-ken,17210,1553_(Municipalities as of 2000) Oguchi-mura,362,170,192,418,-56,-13.40,88.54,137.14,2.6,185,185,NULL,188,-3,-1.60,362,362,NULL
1553,17_Ishikawa-ken,17349,2000.0,17_Ishikawa-ken,17210,1554_(Municipalities as of 2000) Shiramine-mura,668,332,336,824,-156,-18.93,98.81,221.88,3.0,280,279,1,310,-30,-9.68,668,619,49
1554,17_Ishikawa-ken,17211,,17_Ishikawa-ken,17211,1555_Nomi-shi,48523,24129,24394,48881,-358,-0.73,98.91,84.14,576.7,18192,18158,34,17352,840,4.84,48523,47715,808
1555,17_Ishikawa-ken,17321,2000.0,17_Ishikawa-ken,17211,1556_(Municipalities as of 2000) Neagari-machi,15756,7740,8016,15871,-115,-0.72,96.56,13.57,1161.1,5765,5758,7,5421,344,6.35,15756,15530,226
1556,17_Ishikawa-ken,17322,2000.0,17_Ishikawa-ken,17211,1557_(Municipalities as of 2000) Terai-machi,17078,8323,8755,17158,-80,-0.47,95.07,13.15,1298.7,6135,6123,12,5784,351,6.07,17078,16799,279
1557,17_Ishikawa-ken,17323,2000.0,17_Ishikawa-ken,17211,1558_(Municipalities as of 2000) Tatsunokuchi-machi,15689,8066,7623,15852,-163,-1.03,105.81,57.13,274.6,6292,6277,15,6147,145,2.36,15689,15386,303
1558,17_Ishikawa-ken,17344,,17_Ishikawa-ken,17212,1559_Nonoichi-shi,57238,29550,27688,55099,2139,3.88,106.72,13.56,4221.1,26200,26159,41,24759,1441,5.82,57238,55610,1628
1559,17_Ishikawa-ken,17344,2000.0,17_Ishikawa-ken,17212,1560_(Municipalities as of 2000) Nonoichi-machi,57238,29550,27688,55099,2139,3.88,106.72,13.56,4221.1,26200,26159,41,24759,1441,5.82,57238,55610,1628
1560,17_Ishikawa-ken,17324,2000.0,17_Ishikawa-ken,17324,1561_Kawakita-machi,6135,3030,3105,6347,-212,-3.34,97.58,14.64,419.1,1915,1913,2,1853,62,3.35,6135,6046,89
1561,17_Ishikawa-ken,17361,2000.0,17_Ishikawa-ken,17361,1562_Tsubata-machi,36957,18044,18913,36968,-11,-0.03,95.41,110.59,334.2,13399,13361,38,12545,854,6.81,36957,36179,778
1562,17_Ishikawa-ken,17365,2000.0,17_Ishikawa-ken,17365,1563_Uchinada-machi,26574,12774,13800,26987,-413,-1.53,92.57,20.33,1307.1,10802,10780,22,10446,356,3.41,26574,26056,518
1563,17_Ishikawa-ken,17384,,17_Ishikawa-ken,17384,1564_Shika-machi,18630,8878,9752,20422,-1792,-8.77,91.04,246.76,75.5,7447,7427,20,7493,-46,-0.61,18630,18095,535
1564,17_Ishikawa-ken,17382,2000.0,17_Ishikawa-ken,17384,1565_(Municipalities as of 2000) Togi-machi,6088,2789,3299,7076,-988,-13.96,84.54,123.47,49.3,2608,2599,9,2776,-168,-6.05,6088,5807,281
1565,17_Ishikawa-ken,17384,2000.0,17_Ishikawa-ken,17384,1566_(Municipalities as of 2000) Shika-machi,12542,6089,6453,13346,-804,-6.02,94.36,123.08,101.9,4839,4828,11,4717,122,2.59,12542,12288,254
1566,17_Ishikawa-ken,17386,,17_Ishikawa-ken,17386,1567_Hodatsushimizu-cho,12121,5718,6403,13174,-1053,-7.99,89.30,111.52,108.7,4428,4411,17,4447,-19,-0.43,12121,11744,377
1567,17_Ishikawa-ken,17383,2000.0,17_Ishikawa-ken,17386,1568_(Municipalities as of 2000) Shio-machi,5337,2532,2805,5778,-441,-7.63,90.27,58.26,91.6,1998,1992,6,2001,-3,-0.15,5337,5263,74
1568,17_Ishikawa-ken,17385,2000.0,17_Ishikawa-ken,17386,1569_(Municipalities as of 2000) Oshimizu-machi,6784,3186,3598,7396,-612,-8.27,88.55,53.42,127.0,2430,2419,11,2446,-16,-0.65,6784,6481,303
1569,17_Ishikawa-ken,17407,,17_Ishikawa-ken,17407,1570_Nakanoto-machi,16540,7977,8563,17571,-1031,-5.87,93.16,89.45,184.9,6103,6093,10,6055,48,0.79,16540,16208,332
1570,17_Ishikawa-ken,17402,2000.0,17_Ishikawa-ken,17407,1571_(Municipalities as of 2000) Toriya-machi,5031,2463,2568,5182,-151,-2.91,95.91,27.0,186.3,1824,1821,3,1768,56,3.17,5031,4950,81
1571,17_Ishikawa-ken,17404,2000.0,17_Ishikawa-ken,17407,1572_(Municipalities as of 2000) Kashima-machi,7521,3642,3879,7969,-448,-5.62,93.89,47.58,158.1,2792,2788,4,2769,23,0.83,7521,7413,108
1572,17_Ishikawa-ken,17406,2000.0,17_Ishikawa-ken,17407,1573_(Municipalities as of 2000) Rokusei-machi,3988,1872,2116,4420,-432,-9.77,88.47,14.78,269.8,1487,1484,3,1518,-31,-2.04,3988,3845,143
1573,17_Ishikawa-ken,17421,,17_Ishikawa-ken,17461,1574_Anamizu-machi,7890,3793,4097,8786,-896,-10.20,92.58,183.21,43.1,3288,3267,21,3461,-173,-5.00,7890,7152,738
1574,17_Ishikawa-ken,17421,2000.0,17_Ishikawa-ken,17461,1575_(Municipalities as of 2000) Anamizu-machi,7890,3793,4097,8786,-896,-10.20,92.58,183.21,43.1,3288,3267,21,3461,-173,-5.00,7890,7152,738
1575,17_Ishikawa-ken,17463,,17_Ishikawa-ken,17463,1576_Noto-cho,15687,7377,8310,17568,-1881,-10.71,88.77,273.27,57.4,6458,6423,35,6904,-446,-6.46,15687,14890,797
1576,17_Ishikawa-ken,17423,2000.0,17_Ishikawa-ken,17463,1577_(Municipalities as of 2000) Noto-machi,7410,3442,3968,8250,-840,-10.18,86.74,115.46,64.2,3175,3160,15,3391,-216,-6.37,7410,7139,271
1577,17_Ishikawa-ken,17424,2000.0,17_Ishikawa-ken,17463,1578_(Municipalities as of 2000) Yanagida-mura,3124,1463,1661,3477,-353,-10.15,88.08,104.14,30.0,1128,1121,7,1198,-70,-5.84,3124,2777,347
1578,17_Ishikawa-ken,17441,2000.0,17_Ishikawa-ken,17463,1579_(Municipalities as of 2000) Uchiura-machi,5153,2472,2681,5841,-688,-11.78,92.20,53.81,95.8,2155,2142,13,2315,-160,-6.91,5153,4974,179
1579,18_Fukui-ken,18000,2000.0,18_Fukui-ken,18000,1580_Fukui-ken,766863,373973,392890,786740,-19877,-2.53,95.19,4190.52,183.0,291662,290692,970,279687,11975,4.28,766863,746456,20407
1580,18_Fukui-ken,18201,,18_Fukui-ken,18201,1581_Fukui-shi,262328,127867,134461,265904,-3576,-1.34,95.10,536.41,489.0,104470,104190,280,99872,4598,4.60,262328,254396,7932
1581,18_Fukui-ken,18201,2000.0,18_Fukui-ken,18201,1582_(Municipalities as of 2000) Fukui-shi,248707,121334,127373,250970,-2263,-0.90,95.26,340.6,730.2,100000,99739,261,95342,4658,4.89,248707,241503,7204
1582,18_Fukui-ken,18302,2000.0,18_Fukui-ken,18201,1583_(Municipalities as of 2000) Miyama-cho,3656,1756,1900,4097,-441,-10.76,92.42,137.73,26.5,1234,1230,4,1243,-9,-0.72,3656,3497,159
1583,18_Fukui-ken,18424,2000.0,18_Fukui-ken,18201,1584_(Municipalities as of 2000) Koshino-mura,1054,497,557,1252,-198,-15.81,89.23,15.35,68.7,429,428,1,477,-48,-10.06,1054,991,63
1584,18_Fukui-ken,18426,2000.0,18_Fukui-ken,18201,1585_(Municipalities as of 2000) Shimizu-cho,8911,4280,4631,9585,-674,-7.03,92.42,42.49,209.7,2807,2793,14,2810,-3,-0.11,8911,8405,506
1585,18_Fukui-ken,18202,2000.0,18_Fukui-ken,18202,1586_Tsuruga-shi,64264,31785,32479,66165,-1901,-2.87,97.86,251.41,255.6,27849,27769,80,26545,1304,4.91,64264,62950,1314
1586,18_Fukui-ken,18204,2000.0,18_Fukui-ken,18204,1587_Obama-shi,28991,14317,14674,29670,-679,-2.29,97.57,233.11,124.4,12082,12056,26,11220,862,7.68,28991,28198,793
1587,18_Fukui-ken,18205,,18_Fukui-ken,18205,1588_Ono-shi,31286,14997,16289,33109,-1823,-5.51,92.07,872.43,35.9,10868,10689,179,10698,170,1.59,31286,30081,1205
1588,18_Fukui-ken,18205,2000.0,18_Fukui-ken,18205,1589_(Municipalities as of 2000) Ono-shi,30695,14614,16081,32638,-1943,-5.95,90.88,539.92,56.9,10491,10441,50,10481,10,0.10,30695,29619,1076
1589,18_Fukui-ken,18342,2000.0,18_Fukui-ken,18205,1590_(Municipalities as of 2000) Izumi-mura,591,383,208,471,120,25.48,184.13,332.38,1.8,377,248,129,217,160,73.73,591,462,129
1590,18_Fukui-ken,18206,2000.0,18_Fukui-ken,18206,1591_Katsuyama-shi,22150,10581,11569,24125,-1975,-8.19,91.46,253.88,87.2,7524,7485,39,7703,-179,-2.32,22150,21277,873
1591,18_Fukui-ken,18207,2000.0,18_Fukui-ken,18207,1592_Sabae-shi,68302,33323,34979,68284,18,0.03,95.27,84.59,807.4,23915,23870,45,22335,1580,7.07,68302,66548,1754
1592,18_Fukui-ken,18208,,18_Fukui-ken,18208,1593_Awara-shi,27524,13067,14457,28729,-1205,-4.19,90.39,116.98,235.3,9933,9907,26,9697,236,2.43,27524,26635,889
1593,18_Fukui-ken,18362,2000.0,18_Fukui-ken,18208,1594_(Municipalities as of 2000) Awara-cho,11259,5302,5957,11848,-589,-4.97,89.00,37.91,297.0,4229,4216,13,4242,-13,-0.31,11259,10881,378
1594,18_Fukui-ken,18363,2000.0,18_Fukui-ken,18208,1595_(Municipalities as of 2000) Kanazu-cho,16265,7765,8500,16881,-616,-3.65,91.35,79.08,205.7,5704,5691,13,5455,249,4.56,16265,15754,511
1595,18_Fukui-ken,18209,,18_Fukui-ken,18209,1596_Echizen-shi,80611,39657,40954,81524,-913,-1.12,96.83,230.7,349.4,29634,29578,56,27889,1745,6.26,80611,79045,1566
1596,18_Fukui-ken,18203,2000.0,18_Fukui-ken,18209,1597_(Municipalities as of 2000) Takefu-shi,69778,34398,35380,69819,-41,-0.06,97.22,185.32,376.5,26118,26065,53,24414,1704,6.98,69778,68361,1417
1597,18_Fukui-ken,18381,2000.0,18_Fukui-ken,18209,1598_(Municipalities as of 2000) Imadate-cho,10833,5259,5574,11705,-872,-7.45,94.35,45.43,238.5,3516,3513,3,3475,41,1.18,10833,10684,149
1598,18_Fukui-ken,18210,,18_Fukui-ken,18210,1599_Sakai-shi,88481,42719,45762,90280,-1799,-1.99,93.35,209.67,422.0,31067,31008,59,29454,1613,5.48,88481,86873,1608
1599,18_Fukui-ken,18361,2000.0,18_Fukui-ken,18210,1600_(Municipalities as of 2000) Mikuni-cho,20176,9731,10445,21057,-881,-4.18,93.16,46.42,434.6,7420,7406,14,7225,195,2.70,20176,19793,383
1600,18_Fukui-ken,18364,2000.0,18_Fukui-ken,18210,1601_(Municipalities as of 2000) Maruoka-cho,30728,14971,15757,31806,-1078,-3.39,95.01,107.36,286.2,10718,10687,31,10301,417,4.05,30728,29998,730
1601,18_Fukui-ken,18365,2000.0,18_Fukui-ken,18210,1602_(Municipalities as of 2000) Harue-cho,25152,12150,13002,24596,556,2.26,93.45,24.43,1029.6,9094,9089,5,8206,888,10.82,25152,24916,236
1602,18_Fukui-ken,18366,2000.0,18_Fukui-ken,18210,1603_(Municipalities as of 2000) Sakai-cho,12425,5867,6558,12821,-396,-3.09,89.46,31.7,392.0,3835,3826,9,3722,113,3.04,12425,12166,259
1603,18_Fukui-ken,18322,,18_Fukui-ken,18322,1604_Eiheiji-cho,18965,9231,9734,19883,-918,-4.62,94.83,94.43,200.8,7285,7163,122,7276,9,0.12,18965,18555,410
1604,18_Fukui-ken,18321,2000.0,18_Fukui-ken,18322,1605_(Municipalities as of 2000) Matsuoka-cho,10927,5332,5595,11160,-233,-2.09,95.30,18.59,587.8,4581,4576,5,4583,-2,-0.04,10927,10795,132
1605,18_Fukui-ken,18322,2000.0,18_Fukui-ken,18322,1606_(Municipalities as of 2000) Eiheiji-cho,5266,2610,2656,5720,-454,-7.94,98.27,50.4,104.5,1827,1717,110,1824,3,0.16,5266,5078,188
1606,18_Fukui-ken,18323,2000.0,18_Fukui-ken,18322,1607_(Municipalities as of 2000) Kamishihi-mura,2772,1289,1483,3003,-231,-7.69,86.92,25.35,109.3,877,870,7,869,8,0.92,2772,2682,90
1607,18_Fukui-ken,18382,2000.0,18_Fukui-ken,18382,1608_Ikeda-cho,2423,1196,1227,2638,-215,-8.15,97.47,194.65,12.4,948,945,3,902,46,5.10,2423,2374,49
1608,18_Fukui-ken,18404,,18_Fukui-ken,18404,1609_Minamiechizen-cho,10002,4804,5198,10799,-797,-7.38,92.42,343.69,29.1,3266,3257,9,3353,-87,-2.59,10002,9686,316
1609,18_Fukui-ken,18401,2000.0,18_Fukui-ken,18404,1610_(Municipalities as of 2000) Nanjo-cho,5075,2464,2611,5306,-231,-4.35,94.37,53.06,95.6,1496,1492,4,1452,44,3.03,5075,4849,226
1610,18_Fukui-ken,18402,2000.0,18_Fukui-ken,18404,1611_(Municipalities as of 2000) Imajo-cho,3433,1626,1807,3836,-403,-10.51,89.98,241.3,14.2,1216,1213,3,1318,-102,-7.74,3433,3390,43
1611,18_Fukui-ken,18403,2000.0,18_Fukui-ken,18404,1612_(Municipalities as of 2000) Kono-mura,1494,714,780,1657,-163,-9.84,91.54,49.48,30.2,554,552,2,583,-29,-4.97,1494,1447,47
1612,18_Fukui-ken,18423,,18_Fukui-ken,18423,1613_Echizen-cho,20118,9725,10393,21538,-1420,-6.59,93.57,153.15,131.4,6581,6566,15,6560,21,0.32,20118,19377,741
1613,18_Fukui-ken,18421,2000.0,18_Fukui-ken,18423,1614_(Municipalities as of 2000) Asahi-cho,8569,4194,4375,8973,-404,-4.50,95.86,45.47,188.5,2689,2680,9,2596,93,3.58,8569,8162,407
1614,18_Fukui-ken,18422,2000.0,18_Fukui-ken,18423,1615_(Municipalities as of 2000) Miyazaki-mura,3448,1643,1805,3608,-160,-4.43,91.02,33.06,104.3,1046,1044,2,1035,11,1.06,3448,3387,61
1615,18_Fukui-ken,18423,2000.0,18_Fukui-ken,18423,1616_(Municipalities as of 2000) Echizen-cho,4038,1956,2082,4542,-504,-11.10,93.95,35.08,115.1,1543,1541,2,1611,-68,-4.22,4038,3959,79
1616,18_Fukui-ken,18425,2000.0,18_Fukui-ken,18423,1617_(Municipalities as of 2000) Ota-cho,4063,1932,2131,4415,-352,-7.97,90.66,39.22,103.6,1303,1301,2,1318,-15,-1.14,4063,3869,194
1617,18_Fukui-ken,18442,2000.0,18_Fukui-ken,18442,1618_Mihama-cho,9179,4610,4569,9914,-735,-7.41,100.90,152.35,60.2,3745,3738,7,3899,-154,-3.95,9179,9004,175
1618,18_Fukui-ken,18481,2000.0,18_Fukui-ken,18481,1619_Takahama-cho,10326,5424,4902,10596,-270,-2.55,110.65,72.4,142.6,4500,4491,9,4191,309,7.37,10326,10149,177
1619,18_Fukui-ken,18483,,18_Fukui-ken,18483,1620_Ohi-cho,7910,3968,3942,8325,-415,-4.98,100.66,212.19,37.3,3165,3161,4,3222,-57,-1.77,7910,7798,112
1620,18_Fukui-ken,18462,2000.0,18_Fukui-ken,18483,1621_(Municipalities as of 2000) Natasho-mura,2165,1014,1151,2313,-148,-6.40,88.10,143.83,15.1,829,829,NULL,843,-14,-1.66,2165,2165,NULL
1621,18_Fukui-ken,18482,2000.0,18_Fukui-ken,18483,1622_(Municipalities as of 2000) Oi-cho,5745,2954,2791,6012,-267,-4.44,105.84,68.09,84.4,2336,2332,4,2379,-43,-1.81,5745,5633,112
1622,18_Fukui-ken,18501,,18_Fukui-ken,18501,1623_Wakasa-cho,14003,6702,7301,15257,-1254,-8.22,91.80,178.49,78.5,4830,4819,11,4871,-41,-0.84,14003,13510,493
1623,18_Fukui-ken,18441,2000.0,18_Fukui-ken,18501,1624_(Municipalities as of 2000) Mikata-cho,7132,3354,3778,7812,-680,-8.70,88.78,96.57,73.9,2555,2551,4,2573,-18,-0.70,7132,6927,205
1624,18_Fukui-ken,18461,2000.0,18_Fukui-ken,18501,1625_(Municipalities as of 2000) Kaminaka-cho,6871,3348,3523,7445,-574,-7.71,95.03,82.08,83.7,2275,2268,7,2298,-23,-1.00,6871,6583,288
1625,19_Yamanashi-ken,19000,2000.0,19_Yamanashi-ken,19000,1626_Yamanashi-ken,809974,397309,412665,834930,-24956,-2.99,96.28,4465.27,181.4,338853,338057,796,330976,7877,2.38,809974,789586,20388
1626,19_Yamanashi-ken,19201,,19_Yamanashi-ken,19201,1627_Kofu-shi,189591,92850,96741,193125,-3534,-1.83,95.98,212.47,892.3,87019,86821,198,85057,1962,2.31,189591,182873,6718
1627,19_Yamanashi-ken,19201,2000.0,19_Yamanashi-ken,19201,1628_(Municipalities as of 2000) Kofu-shi,184532,90354,94178,187916,-3384,-1.80,95.94,171.88,1073.6,85153,84962,191,83216,1937,2.33,184532,177986,6546
1628,19_Yamanashi-ken,19326,2000.0,19_Yamanashi-ken,19201,1629_(Municipalities as of 2000) Nakamichi-machi,4851,2396,2455,4968,-117,-2.36,97.60,21.02,230.8,1763,1756,7,1729,34,1.97,4851,4679,172
1629,19_Yamanashi-ken,19341,2000.0,19_Yamanashi-ken,19201,"1630_(Municipalities as of 2000) Kamikuishiki-mura""North""",208,100,108,241,-33,-13.69,92.59,19.51,10.7,103,103,NULL,112,-9,-8.04,208,208,NULL
1630,19_Yamanashi-ken,19202,2000.0,19_Yamanashi-ken,19202,1631_Fujiyoshida-shi,46530,22645,23885,49003,-2473,-5.05,94.81,121.74,382.2,18337,18311,26,18091,246,1.36,46530,45433,1097
1631,19_Yamanashi-ken,19204,2000.0,19_Yamanashi-ken,19204,1632_Tsuru-shi,31016,14949,16067,32002,-986,-3.08,93.04,161.63,191.9,14044,14027,17,13465,579,4.30,31016,30413,603
1632,19_Yamanashi-ken,19205,,19_Yamanashi-ken,19205,1633_Yamanashi-shi,33435,16081,17354,35141,-1706,-4.85,92.66,289.8,115.4,13001,12968,33,12961,40,0.31,33435,32320,1115
1633,19_Yamanashi-ken,19205,2000.0,19_Yamanashi-ken,19205,1634_(Municipalities as of 2000) Yamanashi-shi,28630,13674,14956,29738,-1108,-3.73,91.43,53.11,539.1,11047,11019,28,10929,118,1.08,28630,27664,966
1634,19_Yamanashi-ken,19302,2000.0,19_Yamanashi-ken,19205,1635_(Municipalities as of 2000) Makioka-cho,4096,2049,2047,4543,-447,-9.84,100.10,101.85,40.2,1650,1647,3,1705,-55,-3.23,4096,3982,114
1635,19_Yamanashi-ken,19303,2000.0,19_Yamanashi-ken,19205,1636_(Municipalities as of 2000) Mitomi-mura,709,358,351,860,-151,-17.56,101.99,134.91,5.3,304,302,2,327,-23,-7.03,709,674,35
1636,19_Yamanashi-ken,19206,2000.0,19_Yamanashi-ken,19206,1637_Otsuki-shi,22512,10924,11588,25419,-2907,-11.44,94.27,280.25,80.3,9254,9232,22,9804,-550,-5.61,22512,22106,406
1637,19_Yamanashi-ken,19207,2000.0,19_Yamanashi-ken,19207,1638_Nirasaki-shi,29067,14500,14567,30680,-1613,-5.26,99.54,143.69,202.3,11552,11526,26,11673,-121,-1.04,29067,28302,765
1638,19_Yamanashi-ken,19208,,19_Yamanashi-ken,19208,1639_Minamialps-shi,69459,34164,35295,70828,-1369,-1.93,96.80,264.14,263.0,26059,26014,45,25135,924,3.68,69459,68235,1224
1639,19_Yamanashi-ken,19386,2000.0,19_Yamanashi-ken,19208,1640_(Municipalities as of 2000) Hatta-mura,6981,3400,3581,7158,-177,-2.47,94.95,8.04,868.3,2685,2682,3,2580,105,4.07,6981,6781,200
1640,19_Yamanashi-ken,19387,2000.0,19_Yamanashi-ken,19208,1641_(Municipalities as of 2000) Shirane-machi,18884,9399,9485,19409,-525,-2.70,99.09,39.14,482.5,7168,7154,14,6906,262,3.79,18884,18533,351
1641,19_Yamanashi-ken,19388,2000.0,19_Yamanashi-ken,19208,1642_(Municipalities as of 2000) Ashiyasu-mura,227,107,120,328,-101,-30.79,89.17,147.74,1.5,109,109,NULL,138,-29,-21.01,227,227,NULL
1642,19_Yamanashi-ken,19389,2000.0,19_Yamanashi-ken,19208,1643_(Municipalities as of 2000) Wakakusa-cho,13041,6387,6654,12818,223,1.74,95.99,10.28,1268.6,4705,4699,6,4386,319,7.27,13041,12938,103
1643,19_Yamanashi-ken,19390,2000.0,19_Yamanashi-ken,19208,1644_(Municipalities as of 2000) Kushigata-machi,18290,8924,9366,18663,-373,-2.00,95.28,42.57,429.6,6747,6731,16,6587,160,2.43,18290,17831,459
1644,19_Yamanashi-ken,19391,2000.0,19_Yamanashi-ken,19208,1645_(Municipalities as of 2000) Kosai-machi,12036,5947,6089,12452,-416,-3.34,97.67,16.29,738.9,4645,4639,6,4538,107,2.36,12036,11925,111
1645,19_Yamanashi-ken,19209,,19_Yamanashi-ken,19209,1646_Hokuto-shi,44053,21492,22561,45111,-1058,-2.35,95.26,602.48,73.1,18893,18862,31,18408,485,2.63,44053,42971,1082
1646,19_Yamanashi-ken,19402,2000.0,19_Yamanashi-ken,19209,1647_(Municipalities as of 2000) Akeno-mura,4231,2069,2162,4418,-187,-4.23,95.70,28.1,150.6,1675,1672,3,1663,12,0.72,4231,4071,160
1647,19_Yamanashi-ken,19403,2000.0,19_Yamanashi-ken,19209,1648_(Municipalities as of 2000) Sutama-cho,5520,2716,2804,5908,-388,-6.57,96.86,174.26,31.7,2339,2335,4,2424,-85,-3.51,5520,5392,128
1648,19_Yamanashi-ken,19404,2000.0,19_Yamanashi-ken,19209,1649_(Municipalities as of 2000) Takane-cho,8776,4295,4481,9070,-294,-3.24,95.85,64.66,135.7,3739,3735,4,3660,79,2.16,8776,8676,100
1649,19_Yamanashi-ken,19405,2000.0,19_Yamanashi-ken,19209,1650_(Municipalities as of 2000) Nagasaka-cho,8727,4250,4477,8897,-170,-1.91,94.93,40.86,213.6,3758,3746,12,3665,93,2.54,8727,8359,368
1650,19_Yamanashi-ken,19406,2000.0,19_Yamanashi-ken,19209,1651_(Municipalities as of 2000) Oizumi-mura,4730,2290,2440,4621,109,2.36,93.85,63.07,75.0,2132,2132,NULL,1990,142,7.14,4730,4730,NULL
1651,19_Yamanashi-ken,19407,2000.0,19_Yamanashi-ken,19209,1652_(Municipalities as of 2000) Kobuchisawa-cho,5747,2845,2902,5675,72,1.27,98.04,33.14,173.4,2560,2557,3,2364,196,8.29,5747,5543,204
1652,19_Yamanashi-ken,19408,2000.0,19_Yamanashi-ken,19209,1653_(Municipalities as of 2000) Hakushu-machi,3412,1659,1753,3514,-102,-2.90,94.64,138.02,24.7,1494,1491,3,1462,32,2.19,3412,3375,37
1653,19_Yamanashi-ken,19409,2000.0,19_Yamanashi-ken,19209,1654_(Municipalities as of 2000) Mukawa-mura,2910,1368,1542,3008,-98,-3.26,88.72,60.78,47.9,1196,1194,2,1180,16,1.36,2910,2825,85
1654,19_Yamanashi-ken,19210,,19_Yamanashi-ken,19210,1655_Kai-shi,75313,37238,38075,74386,927,1.25,97.80,71.95,1046.7,31039,30986,53,29463,1576,5.35,75313,73584,1729
1655,19_Yamanashi-ken,19381,2000.0,19_Yamanashi-ken,19210,1656_(Municipalities as of 2000) Ryuo-cho,39297,19405,19892,39447,-150,-0.38,97.55,12.8,3070.1,16692,16674,18,16074,618,3.84,39297,38681,616
1656,19_Yamanashi-ken,19382,2000.0,19_Yamanashi-ken,19210,1657_(Municipalities as of 2000) Shikishima-machi,19281,9511,9770,19129,152,0.79,97.35,40.28,478.7,8085,8067,18,7688,397,5.16,19281,19041,240
1657,19_Yamanashi-ken,19401,2000.0,19_Yamanashi-ken,19210,1658_(Municipalities as of 2000) Futaba-cho,16735,8322,8413,15810,925,5.85,98.92,18.86,887.3,6262,6245,17,5701,561,9.84,16735,15862,873
1658,19_Yamanashi-ken,19211,,19_Yamanashi-ken,19211,1659_Fuefuki-shi,66947,32447,34500,69559,-2612,-3.76,94.05,201.92,331.6,26916,26866,50,26268,648,2.47,66947,65517,1430
1659,19_Yamanashi-ken,19301,2000.0,19_Yamanashi-ken,19211,1660_(Municipalities as of 2000) Kasugai-cho,7374,3521,3853,7397,-23,-0.31,91.38,13.77,535.5,2980,2971,9,2868,112,3.91,7374,7009,365
1660,19_Yamanashi-ken,19321,2000.0,19_Yamanashi-ken,19211,1661_(Municipalities as of 2000) Isawa-cho,26480,12802,13678,27395,-915,-3.34,93.60,14.92,1774.8,11735,11712,23,11409,326,2.86,26480,25948,532
1661,19_Yamanashi-ken,19322,2000.0,19_Yamanashi-ken,19211,1662_(Municipalities as of 2000) Misaka-cho,11166,5422,5744,11649,-483,-4.15,94.39,58.37,191.3,4174,4170,4,4073,101,2.48,11166,11059,107
1662,19_Yamanashi-ken,19323,2000.0,19_Yamanashi-ken,19211,1663_(Municipalities as of 2000) Ichinomiya-cho,9814,4760,5054,10321,-507,-4.91,94.18,30.62,320.5,3665,3659,6,3572,93,2.60,9814,9614,200
1663,19_Yamanashi-ken,19324,2000.0,19_Yamanashi-ken,19211,1664_(Municipalities as of 2000) Yatsushiro-cho,7768,3817,3951,8139,-371,-4.56,96.61,25.63,303.1,2695,2688,7,2665,30,1.13,7768,7569,199
1664,19_Yamanashi-ken,19325,2000.0,19_Yamanashi-ken,19211,1665_(Municipalities as of 2000) Sakaigawa-mura,4069,1994,2075,4297,-228,-5.31,96.10,21.46,189.6,1514,1513,1,1498,16,1.07,4069,4042,27
1665,19_Yamanashi-ken,19327,2000.0,19_Yamanashi-ken,19211,1666_(Municipalities as of 2000) Ashigawa-mura,276,131,145,361,-85,-23.55,90.34,37.15,7.4,153,153,NULL,183,-30,-16.39,276,276,NULL
1666,19_Yamanashi-ken,19212,,19_Yamanashi-ken,19212,1667_Uenohara-shi,22669,11331,11338,24805,-2136,-8.61,99.94,170.57,132.9,9509,9494,15,9661,-152,-1.57,22669,22172,497
1667,19_Yamanashi-ken,19421,2000.0,19_Yamanashi-ken,19212,1668_(Municipalities as of 2000) Akiyama-mura,1461,740,721,1677,-216,-12.88,102.64,45.14,32.4,533,533,NULL,565,-32,-5.66,1461,1461,NULL
1668,19_Yamanashi-ken,19441,2000.0,19_Yamanashi-ken,19212,1669_(Municipalities as of 2000) Uenohara-machi,21208,10591,10617,23128,-1920,-8.30,99.76,125.51,169.0,8976,8961,15,9096,-120,-1.32,21208,20711,497
1669,19_Yamanashi-ken,19213,,19_Yamanashi-ken,19213,1670_Koshu-shi,29237,14068,15169,31671,-2434,-7.69,92.74,264.11,110.7,11152,11135,17,11389,-237,-2.08,29237,28515,722
1670,19_Yamanashi-ken,19203,2000.0,19_Yamanashi-ken,19213,1671_(Municipalities as of 2000) Enzan-shi,20427,9822,10605,22122,-1695,-7.66,92.62,184.74,110.6,7972,7960,12,8141,-169,-2.08,20427,19981,446
1671,19_Yamanashi-ken,19304,2000.0,19_Yamanashi-ken,19213,1672_(Municipalities as of 2000) Katsunuma-cho,7814,3773,4041,8370,-556,-6.64,93.37,35.88,217.8,2770,2765,5,2795,-25,-0.89,7814,7538,276
1672,19_Yamanashi-ken,19305,2000.0,19_Yamanashi-ken,19213,1673_(Municipalities as of 2000) Yamato-mura,996,473,523,1179,-183,-15.52,90.44,43.39,23.0,410,410,NULL,453,-43,-9.49,996,996,NULL
1673,19_Yamanashi-ken,19214,,19_Yamanashi-ken,19214,1674_Chuo-shi,31216,15509,15707,31124,92,0.30,98.74,31.69,985.0,13552,13544,8,12789,763,5.97,31216,30845,371
1674,19_Yamanashi-ken,19328,2000.0,19_Yamanashi-ken,19214,1675_(Municipalities as of 2000) Toyotomi-mura,3160,1551,1609,3338,-178,-5.33,96.40,13.5,234.1,1212,1212,NULL,1190,22,1.85,3160,3160,NULL
1675,19_Yamanashi-ken,19383,2000.0,19_Yamanashi-ken,19214,1676_(Municipalities as of 2000) Tamaho-cho,11789,6002,5787,11434,355,3.10,103.72,8.22,1434.2,5559,5553,6,5131,428,8.34,11789,11500,289
1676,19_Yamanashi-ken,19385,2000.0,19_Yamanashi-ken,19214,1677_(Municipalities as of 2000) Tatomi-cho,16267,7956,8311,16352,-85,-0.52,95.73,10.09,1612.2,6781,6779,2,6468,313,4.84,16267,16185,82
1677,19_Yamanashi-ken,19346,,19_Yamanashi-ken,19346,1678_Ichikawamisato-cho,14700,7164,7536,15678,-978,-6.24,95.06,75.18,195.5,5803,5797,6,5886,-83,-1.41,14700,14410,290
1678,19_Yamanashi-ken,19342,2000.0,19_Yamanashi-ken,19346,1679_(Municipalities as of 2000) Mitama-cho,3648,1776,1872,3688,-40,-1.08,94.87,29.47,123.8,1317,1315,2,1280,37,2.89,3648,3557,91
1679,19_Yamanashi-ken,19343,2000.0,19_Yamanashi-ken,19346,1680_(Municipalities as of 2000) Ichikawadaimon-cho,8446,4117,4329,9043,-597,-6.60,95.10,32.32,261.3,3400,3397,3,3460,-60,-1.73,8446,8295,151
1680,19_Yamanashi-ken,19344,2000.0,19_Yamanashi-ken,19346,1681_(Municipalities as of 2000) Rokugo-cho,2606,1271,1335,2947,-341,-11.57,95.21,13.28,196.2,1086,1085,1,1146,-60,-5.24,2606,2558,48
1681,19_Yamanashi-ken,19364,2000.0,19_Yamanashi-ken,19364,1682_Hayakawa-cho,1098,627,471,1068,30,2.81,133.12,369.96,3.0,675,504,171,573,102,17.80,1098,899,199
1682,19_Yamanashi-ken,19365,,19_Yamanashi-ken,19365,1683_Minobu-cho,10663,5226,5437,12669,-2006,-15.83,96.12,301.98,35.3,4588,4562,26,5211,-623,-11.96,10663,10223,440
1683,19_Yamanashi-ken,19345,2000.0,19_Yamanashi-ken,19365,1684_(Municipalities as of 2000) Shimobe-cho,2828,1325,1503,3465,-637,-18.38,88.16,127.51,22.2,1308,1301,7,1497,-189,-12.63,2828,2716,112
1684,19_Yamanashi-ken,19363,2000.0,19_Yamanashi-ken,19365,1685_(Municipalities as of 2000) Nakatomi-cho,2679,1296,1383,3260,-581,-17.82,93.71,43.37,61.8,1179,1176,3,1367,-188,-13.75,2679,2606,73
1685,19_Yamanashi-ken,19365,2000.0,19_Yamanashi-ken,19365,1686_(Municipalities as of 2000) Minobu-cho,5156,2605,2551,5944,-788,-13.26,102.12,131.12,39.3,2101,2085,16,2347,-246,-10.48,5156,4901,255
1686,19_Yamanashi-ken,19366,,19_Yamanashi-ken,19366,1687_Nanbu-cho,7156,3496,3660,8067,-911,-11.29,95.52,200.87,35.6,2819,2812,7,3006,-187,-6.22,7156,7042,114
1687,19_Yamanashi-ken,19366,2000.0,19_Yamanashi-ken,19366,1688_(Municipalities as of 2000) Nanbu-cho,4377,2143,2234,4942,-565,-11.43,95.93,112.34,39.0,1713,1709,4,1833,-120,-6.55,4377,4313,64
1688,19_Yamanashi-ken,19367,2000.0,19_Yamanashi-ken,19366,1689_(Municipalities as of 2000) Tomizawa-cho,2779,1353,1426,3125,-346,-11.07,94.88,88.29,31.5,1106,1103,3,1173,-67,-5.71,2779,2729,50
1689,19_Yamanashi-ken,19368,,19_Yamanashi-ken,19368,1690_Fujikawa-cho,14219,6848,7371,15289,-1070,-7.00,92.90,112.0,127.0,5638,5626,12,5672,-34,-0.60,14219,13900,319
1690,19_Yamanashi-ken,19361,2000.0,19_Yamanashi-ken,19368,1691_(Municipalities as of 2000) Masuho-cho,11178,5441,5737,11851,-673,-5.68,94.84,65.17,171.5,4445,4438,7,4407,38,0.86,11178,11063,115
1691,19_Yamanashi-ken,19362,2000.0,19_Yamanashi-ken,19368,1692_(Municipalities as of 2000) Kajikazawa-cho,3041,1407,1634,3438,-397,-11.55,86.11,46.81,65.0,1193,1188,5,1265,-72,-5.69,3041,2837,204
1692,19_Yamanashi-ken,19384,2000.0,19_Yamanashi-ken,19384,1693_Showa-cho,20909,10451,10458,19505,1404,7.20,99.93,9.08,2302.8,9117,9109,8,8223,894,10.87,20909,20620,289
1693,19_Yamanashi-ken,19422,2000.0,19_Yamanashi-ken,19422,1694_Doshi-mura,1607,811,796,1743,-136,-7.80,101.88,79.68,20.2,613,613,NULL,591,22,3.72,1607,1607,NULL
1694,19_Yamanashi-ken,19423,2000.0,19_Yamanashi-ken,19423,1695_Nishikatsura-cho,4041,1947,2094,4342,-301,-6.93,92.98,15.22,265.5,1484,1483,1,1478,6,0.41,4041,4037,4
1695,19_Yamanashi-ken,19424,2000.0,19_Yamanashi-ken,19424,1696_Oshino-mura,9237,5137,4100,8968,269,3.00,125.29,25.05,368.7,3489,3480,9,3034,455,15.00,9237,8743,494
1696,19_Yamanashi-ken,19425,2000.0,19_Yamanashi-ken,19425,1697_Yamanakako-mura,5179,2559,2620,5208,-29,-0.56,97.67,53.05,97.6,1969,1966,3,1855,114,6.15,5179,5080,99
1697,19_Yamanashi-ken,19429,2000.0,19_Yamanashi-ken,19429,1698_Narusawa-mura,2824,1390,1434,2921,-97,-3.32,96.93,89.58,31.5,1056,1054,2,1036,20,1.93,2824,2763,61
1698,19_Yamanashi-ken,19430,,19_Yamanashi-ken,19430,1699_Fujikawaguchiko-machi,26082,12839,13243,25329,753,2.97,96.95,158.4,164.7,10653,10643,10,9616,1037,10.78,26082,25762,320
1699,19_Yamanashi-ken,19341,2000.0,19_Yamanashi-ken,19430,"1700_(Municipalities as of 2000) Kamikuishiki-mura""South""",894,460,434,988,-94,-9.51,105.99,65.21,13.7,387,387,NULL,408,-21,-5.15,894,894,NULL
1700,19_Yamanashi-ken,19426,2000.0,19_Yamanashi-ken,19430,1701_(Municipalities as of 2000) Kawaguchiko-machi,21089,10365,10724,20266,823,4.06,96.65,60.89,346.3,8744,8736,8,7767,977,12.58,21089,20810,279
1701,19_Yamanashi-ken,19427,2000.0,19_Yamanashi-ken,19430,1702_(Municipalities as of 2000) Katsuyama-mura,2735,1352,1383,2675,60,2.24,97.76,4.26,642.0,1019,1018,1,946,73,7.72,2735,2706,29
1702,19_Yamanashi-ken,19428,2000.0,19_Yamanashi-ken,19430,1703_(Municipalities as of 2000) Ashiwada-mura,1364,662,702,1400,-36,-2.57,94.30,28.15,48.5,503,502,1,495,8,1.62,1364,1352,12
1703,19_Yamanashi-ken,19442,2000.0,19_Yamanashi-ken,19442,1704_Kosuge-mura,684,344,340,726,-42,-5.79,101.18,52.78,13.0,339,339,NULL,337,2,0.59,684,684,NULL
1704,19_Yamanashi-ken,19443,2000.0,19_Yamanashi-ken,19443,1705_Tabayama-mura,530,272,258,563,-33,-5.86,105.43,101.3,5.2,283,283,NULL,294,-11,-3.74,530,530,NULL
1705,20_Nagano-ken,20000,2000.0,20_Nagano-ken,20000,1706_Nagano-ken,2048011,1000389,1047622,2098804,-50793,-2.42,95.49,13561.56,151.0,832097,829979,2118,807108,24989,3.10,2048011,1998549,49462
1706,20_Nagano-ken,20201,,20_Nagano-ken,20201,1707_Nagano-shi,372760,181284,191476,377598,-4838,-1.28,94.68,834.81,446.5,156975,156645,330,150414,6561,4.36,372760,363580,9180
1707,20_Nagano-ken,20201,2000.0,20_Nagano-ken,20201,1708_(Municipalities as of 2000) Nagano-shi,353819,172215,181604,356085,-2266,-0.64,94.83,404.35,875.0,149462,149162,300,142229,7233,5.09,353819,345421,8398
1708,20_Nagano-ken,20502,2000.0,20_Nagano-ken,20201,1709_(Municipalities as of 2000) Ooka-mura,823,408,415,960,-137,-14.27,98.31,45.86,17.9,428,427,1,473,-45,-9.51,823,808,15
1709,20_Nagano-ken,20581,2000.0,20_Nagano-ken,20201,1710_(Municipalities as of 2000) Shinshushin-machi,3540,1694,1846,4135,-595,-14.39,91.77,70.73,50.0,1543,1538,5,1719,-176,-10.24,3540,3414,126
1710,20_Nagano-ken,20582,2000.0,20_Nagano-ken,20201,1711_(Municipalities as of 2000) Toyono-machi,8790,4217,4573,9609,-819,-8.52,92.22,19.9,441.7,3031,3012,19,3185,-154,-4.84,8790,8314,476
1711,20_Nagano-ken,20586,2000.0,20_Nagano-ken,20201,1712_(Municipalities as of 2000) Togakushi-mura,3055,1497,1558,3499,-444,-12.69,96.08,132.76,23.0,1267,1266,1,1375,-108,-7.85,3055,3010,45
1712,20_Nagano-ken,20587,2000.0,20_Nagano-ken,20201,1713_(Municipalities as of 2000) Kinasa-mura,1128,524,604,1393,-265,-19.02,86.75,134.99,8.4,546,544,2,645,-99,-15.35,1128,1114,14
1713,20_Nagano-ken,20589,2000.0,20_Nagano-ken,20201,1714_(Municipalities as of 2000) Nakajo-mura,1605,729,876,1917,-312,-16.28,83.22,33.29,48.2,698,696,2,788,-90,-11.42,1605,1499,106
1714,20_Nagano-ken,20202,,20_Nagano-ken,20202,1715_Matsumoto-shi,241145,118271,122874,243293,-2148,-0.88,96.25,978.47,246.5,104934,104707,227,100173,4761,4.75,241145,235083,6062
1715,20_Nagano-ken,20202,2000.0,20_Nagano-ken,20202,1716_(Municipalities as of 2000) Matsumoto-shi,207575,102011,105564,208227,-652,-0.31,96.63,265.87,780.7,92360,92168,192,87763,4597,5.24,207575,202351,5224
1716,20_Nagano-ken,20443,2000.0,20_Nagano-ken,20202,1717_(Municipalities as of 2000) Shiga-mura,4093,1932,2161,4629,-536,-11.58,89.40,90.25,45.4,1594,1589,5,1656,-62,-3.74,4093,3922,171
1717,20_Nagano-ken,20449,2000.0,20_Nagano-ken,20202,1718_(Municipalities as of 2000) Hata-machi,15071,7235,7836,15274,-203,-1.33,92.33,59.42,253.6,5591,5575,16,5336,255,4.78,15071,14701,370
1718,20_Nagano-ken,20463,2000.0,20_Nagano-ken,20202,1719_(Municipalities as of 2000) Nagawa-mura,562,272,290,679,-117,-17.23,93.79,117.65,4.8,271,271,NULL,299,-28,-9.36,562,562,NULL
1719,20_Nagano-ken,20464,2000.0,20_Nagano-ken,20202,1720_(Municipalities as of 2000) Azumi-mura,1632,842,790,1936,-304,-15.70,106.58,401.5,4.1,876,873,3,1039,-163,-15.69,1632,1623,9
1720,20_Nagano-ken,20465,2000.0,20_Nagano-ken,20202,1721_(Municipalities as of 2000) Azusagawa-mura,12212,5979,6233,12548,-336,-2.68,95.92,42.4,288.0,4242,4231,11,4080,162,3.97,12212,11924,288
1721,20_Nagano-ken,20203,,20_Nagano-ken,20203,1722_Ueda-shi,154055,75365,78690,156827,-2772,-1.77,95.77,552.04,279.1,64296,64116,180,62696,1600,2.55,154055,149825,4230
1722,20_Nagano-ken,20203,2000.0,20_Nagano-ken,20203,1723_(Municipalities as of 2000) Ueda-shi,120466,58882,61584,121192,-726,-0.60,95.61,176.73,681.6,51428,51296,132,49637,1791,3.61,120466,117391,3075
1723,20_Nagano-ken,20341,2000.0,20_Nagano-ken,20203,1724_(Municipalities as of 2000) Maruko-machi,21091,10297,10794,22244,-1153,-5.18,95.40,105.7,199.5,8172,8146,26,8261,-89,-1.08,21091,20158,933
1724,20_Nagano-ken,20345,2000.0,20_Nagano-ken,20203,1725_(Municipalities as of 2000) Sanada-machi,9339,4629,4710,9918,-579,-5.84,98.28,181.9,51.3,3469,3449,20,3529,-60,-1.70,9339,9176,163
1725,20_Nagano-ken,20346,2000.0,20_Nagano-ken,20203,1726_(Municipalities as of 2000) Takeshi-mura,3159,1557,1602,3473,-314,-9.04,97.19,87.67,36.0,1227,1225,2,1269,-42,-3.31,3159,3100,59
1726,20_Nagano-ken,20204,2000.0,20_Nagano-ken,20204,1727_Okaya-shi,47790,23213,24577,50128,-2338,-4.66,94.45,85.1,561.6,19274,19239,35,19100,174,0.91,47790,46609,1181
1727,20_Nagano-ken,20205,,20_Nagano-ken,20205,1728_Iida-shi,98164,47280,50884,101581,-3417,-3.36,92.92,658.66,149.0,38903,38806,97,37694,1209,3.21,98164,96106,2058
1728,20_Nagano-ken,20205,2000.0,20_Nagano-ken,20205,1729_(Municipalities as of 2000) Iida-shi,96615,46548,50067,99693,-3078,-3.09,92.97,325.35,297.0,38157,38062,95,36828,1329,3.61,96615,94615,2000
1729,20_Nagano-ken,20418,2000.0,20_Nagano-ken,20205,1730_(Municipalities as of 2000) Kami-mura,351,171,180,413,-62,-15.01,95.00,126.51,2.8,178,178,NULL,198,-20,-10.10,351,351,NULL
1730,20_Nagano-ken,20419,2000.0,20_Nagano-ken,20205,1731_(Municipalities as of 2000) Minamishinano-mura,1198,561,637,1475,-277,-18.78,88.07,206.9,5.8,568,566,2,668,-100,-14.97,1198,1140,58
1731,20_Nagano-ken,20206,2000.0,20_Nagano-ken,20206,1732_Suwa-shi,48729,23809,24920,50140,-1411,-2.81,95.54,109.17,446.4,20776,20739,37,20401,375,1.84,48729,47573,1156
1732,20_Nagano-ken,20207,2000.0,20_Nagano-ken,20207,1733_Suzaka-shi,49559,24324,25235,50725,-1166,-2.30,96.39,149.67,331.1,18839,18792,47,18447,392,2.13,49559,47817,1742
1733,20_Nagano-ken,20208,2000.0,20_Nagano-ken,20208,1734_Komoro-shi,40991,19972,21019,42512,-1521,-3.58,95.02,98.55,415.9,16831,16780,51,16662,169,1.01,40991,39699,1292
1734,20_Nagano-ken,20209,,20_Nagano-ken,20209,1735_Ina-shi,66125,32437,33688,68271,-2146,-3.14,96.29,667.93,99.0,26238,26173,65,26231,7,0.03,66125,64987,1138
1735,20_Nagano-ken,20209,2000.0,20_Nagano-ken,20209,1736_(Municipalities as of 2000) Ina-shi,59332,29196,30136,60891,-1559,-2.56,96.88,207.64,285.7,23649,23590,59,23532,117,0.50,59332,58464,868
1736,20_Nagano-ken,20381,2000.0,20_Nagano-ken,20209,1737_(Municipalities as of 2000) Takato-machi,5175,2485,2690,5643,-468,-8.29,92.38,139.36,37.1,2008,2003,5,2109,-101,-4.79,5175,5071,104
1737,20_Nagano-ken,20387,2000.0,20_Nagano-ken,20209,1738_(Municipalities as of 2000) Hase-mura,1618,756,862,1737,-119,-6.85,87.70,320.81,5.0,581,580,1,590,-9,-1.53,1618,1452,166
1738,20_Nagano-ken,20210,2000.0,20_Nagano-ken,20210,1739_Komagane-shi,32202,15729,16473,32759,-557,-1.70,95.48,165.86,194.2,12956,12914,42,12437,519,4.17,32202,31251,951
1739,20_Nagano-ken,20211,,20_Nagano-ken,20211,1740_Nakano-shi,42338,20552,21786,43909,-1571,-3.58,94.34,112.18,377.4,15799,15773,26,15296,503,3.29,42338,41595,743
1740,20_Nagano-ken,20211,2000.0,20_Nagano-ken,20211,1741_(Municipalities as of 2000) Nakano-shi,38498,18689,19809,39668,-1170,-2.95,94.35,77.32,497.9,14562,14544,18,13994,568,4.06,38498,38111,387
1741,20_Nagano-ken,20601,2000.0,20_Nagano-ken,20211,1742_(Municipalities as of 2000) Toyota-mura,3840,1863,1977,4241,-401,-9.46,94.23,34.74,110.5,1237,1229,8,1302,-65,-4.99,3840,3484,356
1742,20_Nagano-ken,20212,,20_Nagano-ken,20212,1743_Omachi-shi,26029,12594,13435,28041,-2012,-7.18,93.74,565.15,46.1,10739,10706,33,10826,-87,-0.80,26029,25502,527
1743,20_Nagano-ken,20212,2000.0,20_Nagano-ken,20212,1744_(Municipalities as of 2000) Omachi-shi,24423,11816,12607,26258,-1835,-6.99,93.73,464.84,52.5,10076,10045,31,10118,-42,-0.42,24423,23933,490
1744,20_Nagano-ken,20483,2000.0,20_Nagano-ken,20212,1745_(Municipalities as of 2000) Yasaka-mura,755,369,386,848,-93,-10.97,95.60,33.94,22.2,308,307,1,326,-18,-5.52,755,723,32
1745,20_Nagano-ken,20484,2000.0,20_Nagano-ken,20212,1746_(Municipalities as of 2000) Miasa-mura,851,409,442,935,-84,-8.98,92.53,66.21,12.9,355,354,1,382,-27,-7.07,851,846,5
1746,20_Nagano-ken,20213,2000.0,20_Nagano-ken,20213,1747_Iiyama-shi,19539,9498,10041,21438,-1899,-8.86,94.59,202.43,96.5,7251,7227,24,7423,-172,-2.32,19539,19176,363
1747,20_Nagano-ken,20214,2000.0,20_Nagano-ken,20214,1748_Chino-shi,56400,28241,28159,55912,488,0.87,100.29,266.59,211.6,23848,23796,52,22301,1547,6.94,56400,55335,1065
1748,20_Nagano-ken,20215,,20_Nagano-ken,20215,1749_Shiojiri-shi,67241,33620,33621,67135,106,0.16,100.00,289.98,231.9,27997,27957,40,26350,1647,6.25,67241,65829,1412
1749,20_Nagano-ken,20215,2000.0,20_Nagano-ken,20215,1750_(Municipalities as of 2000) Shiojiri-shi,65002,32550,32452,64629,373,0.58,100.30,172.31,377.2,27087,27048,39,25396,1691,6.66,65002,63641,1361
1750,20_Nagano-ken,20424,2000.0,20_Nagano-ken,20215,1751_(Municipalities as of 2000) Narakawa-mura,2239,1070,1169,2506,-267,-10.65,91.53,117.82,19.0,910,909,1,954,-44,-4.61,2239,2188,51
1751,20_Nagano-ken,20217,,20_Nagano-ken,20217,1752_Saku-shi,98199,48035,50164,99368,-1169,-1.18,95.76,423.51,231.9,39924,39802,122,38487,1437,3.73,98199,95023,3176
1752,20_Nagano-ken,20217,2000.0,20_Nagano-ken,20217,1753_(Municipalities as of 2000) Saku-shi,71668,35139,36529,70871,797,1.12,96.19,192.62,372.1,29669,29577,92,28017,1652,5.90,71668,69464,2204
1753,20_Nagano-ken,20301,2000.0,20_Nagano-ken,20217,1754_(Municipalities as of 2000) Usuda-machi,12832,6139,6693,13698,-866,-6.32,91.72,83.21,154.2,5008,4993,15,5131,-123,-2.40,12832,12233,599
1754,20_Nagano-ken,20322,2000.0,20_Nagano-ken,20217,1755_(Municipalities as of 2000) Mochizuki-machi,8069,3988,4081,8828,-759,-8.60,97.72,128.64,62.7,3055,3050,5,3140,-85,-2.71,8069,7867,202
1755,20_Nagano-ken,20325,2000.0,20_Nagano-ken,20217,1756_(Municipalities as of 2000) Asashina-mura,5630,2769,2861,5971,-341,-5.71,96.78,19.52,288.4,2192,2182,10,2199,-7,-0.32,5630,5459,171
1756,20_Nagano-ken,20218,,20_Nagano-ken,20218,1757_Chikuma-shi,58852,28404,30448,60298,-1446,-2.40,93.29,119.79,491.3,22023,21958,65,21573,450,2.09,58852,57130,1722
1757,20_Nagano-ken,20216,2000.0,20_Nagano-ken,20218,1758_(Municipalities as of 2000) Koshoku-shi,36439,17633,18806,37137,-698,-1.88,93.76,78.99,461.3,13312,13273,39,12960,352,2.72,36439,35559,880
1758,20_Nagano-ken,20501,2000.0,20_Nagano-ken,20218,1759_(Municipalities as of 2000) Kamiyamada-machi,5568,2603,2965,5789,-221,-3.82,87.79,15.62,356.5,2165,2152,13,2175,-10,-0.46,5568,5023,545
1759,20_Nagano-ken,20522,2000.0,20_Nagano-ken,20218,1760_(Municipalities as of 2000) Togura-machi,16845,8168,8677,17372,-527,-3.03,94.13,25.23,667.7,6546,6533,13,6438,108,1.68,16845,16548,297
1760,20_Nagano-ken,20219,,20_Nagano-ken,20219,1761_Tomi-shi,30122,14776,15346,30107,15,0.05,96.29,112.37,268.1,11260,11241,19,11004,256,2.33,30122,29831,291
1761,20_Nagano-ken,20326,2000.0,20_Nagano-ken,20219,1762_(Municipalities as of 2000) Kitamimaki-mura,4690,2309,2381,4966,-276,-5.56,96.98,25.75,182.1,1733,1731,2,1742,-9,-0.52,4690,4624,66
1762,20_Nagano-ken,20343,2000.0,20_Nagano-ken,20219,1763_(Municipalities as of 2000) Tobu-machi,25432,12467,12965,25141,291,1.16,96.16,86.55,293.8,9527,9510,17,9262,265,2.86,25432,25207,225
1763,20_Nagano-ken,20220,,20_Nagano-ken,20220,1764_Azumino-shi,94222,45398,48824,95282,-1060,-1.11,92.98,331.78,284.0,36491,36429,62,34732,1759,5.06,94222,92473,1749
1764,20_Nagano-ken,20441,2000.0,20_Nagano-ken,20220,1765_(Municipalities as of 2000) Akashina-machi,7659,3627,4032,8285,-626,-7.56,89.96,42.12,181.8,2856,2850,6,2922,-66,-2.26,7659,7520,139
1765,20_Nagano-ken,20461,2000.0,20_Nagano-ken,20220,1766_(Municipalities as of 2000) Toyoshina-machi,27362,13138,14224,27524,-162,-0.59,92.37,39.11,699.6,11015,10993,22,10535,480,4.56,27362,26645,717
1766,20_Nagano-ken,20462,2000.0,20_Nagano-ken,20220,1767_(Municipalities as of 2000) Hotaka-machi,32529,15737,16792,32480,49,0.15,93.72,145.42,223.7,12797,12776,21,11951,846,7.08,32529,32203,326
1767,20_Nagano-ken,20466,2000.0,20_Nagano-ken,20220,1768_(Municipalities as of 2000) Misato-mura,18026,8684,9342,18043,-17,-0.09,92.96,40.21,448.3,6631,6622,9,6260,371,5.93,18026,17557,469
1768,20_Nagano-ken,20467,2000.0,20_Nagano-ken,20220,1769_(Municipalities as of 2000) Horigane-mura,8646,4212,4434,8950,-304,-3.40,94.99,64.96,133.1,3192,3188,4,3064,128,4.18,8646,8548,98
1769,20_Nagano-ken,20303,2000.0,20_Nagano-ken,20303,1770_Koumi-machi,4353,2140,2213,4713,-360,-7.64,96.70,114.2,38.1,1788,1776,12,1873,-85,-4.54,4353,4222,131
1770,20_Nagano-ken,20304,2000.0,20_Nagano-ken,20304,1771_Kawakami-mura,4344,2591,1753,4607,-263,-5.71,147.80,209.61,20.7,1257,1257,NULL,1205,52,4.32,4344,4344,NULL
1771,20_Nagano-ken,20305,2000.0,20_Nagano-ken,20305,1772_Minamimaki-mura,3242,1807,1435,3408,-166,-4.87,125.92,133.09,24.4,1075,1072,3,1036,39,3.76,3242,3149,93
1772,20_Nagano-ken,20306,2000.0,20_Nagano-ken,20306,1773_Minamiaiki-mura,962,473,489,1005,-43,-4.28,96.73,66.05,14.6,406,404,2,428,-22,-5.14,962,952,10
1773,20_Nagano-ken,20307,2000.0,20_Nagano-ken,20307,1774_Kitaaiki-mura,752,378,374,774,-22,-2.84,101.07,56.32,13.4,342,330,12,333,9,2.70,752,712,40
1774,20_Nagano-ken,20309,,20_Nagano-ken,20309,1775_Sakuho-machi,10218,4966,5252,11186,-968,-8.65,94.55,188.15,54.3,3922,3912,10,4014,-92,-2.29,10218,9985,233
1775,20_Nagano-ken,20302,2000.0,20_Nagano-ken,20309,1776_(Municipalities as of 2000) Saku-machi,6745,3276,3469,7351,-606,-8.24,94.44,122.11,55.2,2561,2551,10,2629,-68,-2.59,6745,6512,233
1776,20_Nagano-ken,20308,2000.0,20_Nagano-ken,20309,1777_(Municipalities as of 2000) Yachiho-mura,3473,1690,1783,3835,-362,-9.44,94.78,66.02,52.6,1361,1361,NULL,1385,-24,-1.73,3473,3473,NULL
1777,20_Nagano-ken,20321,2000.0,20_Nagano-ken,20321,1778_Karuizawa-machi,19188,9178,10010,18994,194,1.02,91.69,156.03,123.0,8586,8564,22,8247,339,4.11,19188,18664,524
1778,20_Nagano-ken,20323,2000.0,20_Nagano-ken,20323,1779_Miyota-machi,15555,7703,7852,15184,371,2.44,98.10,58.79,264.6,6711,6698,13,6118,593,9.69,15555,15226,329
1779,20_Nagano-ken,20324,2000.0,20_Nagano-ken,20324,1780_Tateshina-machi,6612,3328,3284,7265,-653,-8.99,101.34,66.87,98.9,2606,2594,12,2682,-76,-2.83,6612,6460,152
1780,20_Nagano-ken,20349,2000.0,20_Nagano-ken,20349,1781_Aoki-mura,4121,1976,2145,4343,-222,-5.11,92.12,57.1,72.2,1553,1549,4,1556,-3,-0.19,4121,4014,107
1781,20_Nagano-ken,20350,,20_Nagano-ken,20350,1782_Nagawa-machi,5600,2774,2826,6166,-566,-9.18,98.16,183.86,30.5,2318,2310,8,2416,-98,-4.06,5600,5525,75
1782,20_Nagano-ken,20342,2000.0,20_Nagano-ken,20350,1783_(Municipalities as of 2000) Nagato-machi,4011,1989,2022,4306,-295,-6.85,98.37,96.14,41.7,1662,1656,6,1704,-42,-2.46,4011,3950,61
1783,20_Nagano-ken,20347,2000.0,20_Nagano-ken,20350,1784_(Municipalities as of 2000) Wada-mura,1589,785,804,1860,-271,-14.57,97.64,87.81,18.1,656,654,2,712,-56,-7.87,1589,1575,14
1784,20_Nagano-ken,20361,2000.0,20_Nagano-ken,20361,1785_Shimosuwa-machi,19155,9238,9917,20236,-1081,-5.34,93.15,66.87,286.5,7847,7831,16,7946,-99,-1.25,19155,18530,625
1785,20_Nagano-ken,20362,2000.0,20_Nagano-ken,20362,1786_Fujimi-machi,14084,6839,7245,14493,-409,-2.82,94.40,144.76,97.3,5610,5600,10,5396,214,3.97,14084,13711,373
1786,20_Nagano-ken,20363,2000.0,20_Nagano-ken,20363,1787_Hara-mura,7680,3771,3909,7566,114,1.51,96.47,43.26,177.5,2895,2885,10,2673,222,8.31,7680,7427,253
1787,20_Nagano-ken,20382,2000.0,20_Nagano-ken,20382,1788_Tatsuno-machi,18555,9016,9539,19770,-1215,-6.15,94.52,169.2,109.7,7258,7244,14,7343,-85,-1.16,18555,18184,371
1788,20_Nagano-ken,20383,2000.0,20_Nagano-ken,20383,1789_Minowa-machi,24989,12511,12478,25241,-252,-1.00,100.26,85.91,290.9,9504,9496,8,9240,264,2.86,24989,24668,321
1789,20_Nagano-ken,20384,2000.0,20_Nagano-ken,20384,1790_Iijima-machi,9004,4392,4612,9530,-526,-5.52,95.23,86.96,103.5,3391,3384,7,3325,66,1.98,9004,8838,166
1790,20_Nagano-ken,20385,2000.0,20_Nagano-ken,20385,1791_Minamiminowa-mura,15797,7851,7946,15063,734,4.87,98.80,40.99,385.4,6445,6435,10,5839,606,10.38,15797,15550,247
1791,20_Nagano-ken,20386,2000.0,20_Nagano-ken,20386,1792_Nakagawa-mura,4651,2189,2462,4850,-199,-4.10,88.91,77.05,60.4,1614,1611,3,1584,30,1.89,4651,4627,24
1792,20_Nagano-ken,20388,2000.0,20_Nagano-ken,20388,1793_Miyada-mura,8569,4162,4407,8821,-252,-2.86,94.44,54.5,157.2,3279,3257,22,3122,157,5.03,8569,8481,88
1793,20_Nagano-ken,20402,2000.0,20_Nagano-ken,20402,1794_Matsukawa-machi,12530,6069,6461,13167,-637,-4.84,93.93,72.79,172.1,4428,4409,19,4355,73,1.68,12530,12242,288
1794,20_Nagano-ken,20403,2000.0,20_Nagano-ken,20403,1795_Takamori-machi,12811,6153,6658,13080,-269,-2.06,92.42,45.36,282.4,4453,4441,12,4247,206,4.85,12811,12513,298
1795,20_Nagano-ken,20404,2000.0,20_Nagano-ken,20404,1796_Anan-cho,4299,2071,2228,4962,-663,-13.36,92.95,123.07,34.9,1611,1579,32,1737,-126,-7.25,4299,3811,488
1796,20_Nagano-ken,20407,,20_Nagano-ken,20407,1797_Achi-mura,6068,2894,3174,6538,-470,-7.19,91.18,214.43,28.3,2152,2142,10,2188,-36,-1.65,6068,5810,258
1797,20_Nagano-ken,20406,2000.0,20_Nagano-ken,20407,1798_(Municipalities as of 2000) Seinaiji-mura,511,244,267,573,-62,-10.82,91.39,44.16,11.6,213,213,NULL,227,-14,-6.17,511,511,NULL
1798,20_Nagano-ken,20407,2000.0,20_Nagano-ken,20407,1799_(Municipalities as of 2000) Achi-mura,5087,2421,2666,5415,-328,-6.06,90.81,113.07,45.0,1730,1721,9,1728,2,0.12,5087,4844,243
1799,20_Nagano-ken,20408,2000.0,20_Nagano-ken,20407,1800_(Municipalities as of 2000) Namiai-mura,470,229,241,550,-80,-14.55,95.02,57.24,8.2,209,208,1,233,-24,-10.30,470,455,15
1800,20_Nagano-ken,20409,2000.0,20_Nagano-ken,20409,1801_Hiraya-mura,387,192,195,484,-97,-20.04,98.46,77.37,5.0,196,195,1,211,-15,-7.11,387,386,1
1801,20_Nagano-ken,20410,2000.0,20_Nagano-ken,20410,1802_Neba-mura,852,411,441,970,-118,-12.16,93.20,89.97,9.5,383,381,2,416,-33,-7.93,852,831,21
1802,20_Nagano-ken,20411,2000.0,20_Nagano-ken,20411,1803_Shimojo-mura,3545,1709,1836,3851,-306,-7.95,93.08,38.12,93.0,1160,1158,2,1159,1,0.09,3545,3441,104
1803,20_Nagano-ken,20412,2000.0,20_Nagano-ken,20412,1804_Urugi-mura,548,252,296,575,-27,-4.70,85.14,43.43,12.6,279,277,2,270,9,3.33,548,538,10
1804,20_Nagano-ken,20413,2000.0,20_Nagano-ken,20413,1805_Tenryu-mura,1178,558,620,1365,-187,-13.70,90.00,109.44,10.8,563,558,5,651,-88,-13.52,1178,1063,115
1805,20_Nagano-ken,20414,2000.0,20_Nagano-ken,20414,1806_Yasuoka-mura,1542,726,816,1702,-160,-9.40,88.97,64.59,23.9,595,590,5,639,-44,-6.89,1542,1455,87
1806,20_Nagano-ken,20415,2000.0,20_Nagano-ken,20415,1807_Takagi-mura,5973,2908,3065,6310,-337,-5.34,94.88,66.61,89.7,2036,2024,12,2029,7,0.35,5973,5821,152
1807,20_Nagano-ken,20416,2000.0,20_Nagano-ken,20416,1808_Toyooka-mura,6426,3185,3241,6592,-166,-2.52,98.27,76.79,83.7,2122,2119,3,2054,68,3.31,6426,6370,56
1808,20_Nagano-ken,20417,2000.0,20_Nagano-ken,20417,1809_Oshika-mura,1023,539,484,1023,0,0.00,111.36,248.28,4.1,532,438,94,475,57,12.00,1023,911,112
1809,20_Nagano-ken,20422,2000.0,20_Nagano-ken,20422,1810_Agematsu-machi,4131,2044,2087,4670,-539,-11.54,97.94,168.42,24.5,1785,1773,12,1864,-79,-4.24,4131,3928,203
1810,20_Nagano-ken,20423,2000.0,20_Nagano-ken,20423,1811_Nagiso-machi,3915,1896,2019,4313,-398,-9.23,93.91,215.93,18.1,1630,1625,5,1713,-83,-4.85,3915,3828,87
1811,20_Nagano-ken,20425,2000.0,20_Nagano-ken,20425,1812_Kiso-mura,2692,1235,1457,2926,-234,-8.00,84.76,140.5,19.2,1013,1012,1,1045,-32,-3.06,2692,2620,72
1812,20_Nagano-ken,20429,2000.0,20_Nagano-ken,20429,1813_Otaki-mura,715,340,375,839,-124,-14.78,90.67,310.82,2.3,371,371,NULL,398,-27,-6.78,715,715,NULL
1813,20_Nagano-ken,20430,2000.0,20_Nagano-ken,20430,1814_Okuwa-mura,3439,1682,1757,3825,-386,-10.09,95.73,234.47,14.7,1477,1475,2,1522,-45,-2.96,3439,3420,19
1814,20_Nagano-ken,20432,,20_Nagano-ken,20432,1815_Kiso-machi,10584,5155,5429,11826,-1242,-10.50,94.95,476.03,22.2,4680,4657,23,4942,-262,-5.30,10584,10255,329
1815,20_Nagano-ken,20421,2000.0,20_Nagano-ken,20432,1816_(Municipalities as of 2000) Kisofukushima-machi,5878,2865,3013,6470,-592,-9.15,95.09,149.97,39.2,2677,2659,18,2823,-146,-5.17,5878,5690,188
1816,20_Nagano-ken,20426,2000.0,20_Nagano-ken,20432,1817_(Municipalities as of 2000) Hiyoshi-mura,2112,1030,1082,2354,-242,-10.28,95.19,56.63,37.3,889,886,3,907,-18,-1.98,2112,2075,37
1817,20_Nagano-ken,20427,2000.0,20_Nagano-ken,20432,1818_(Municipalities as of 2000) Kaida-mura,1439,717,722,1636,-197,-12.04,99.31,149.54,9.6,630,629,1,671,-41,-6.11,1439,1391,48
1818,20_Nagano-ken,20428,2000.0,20_Nagano-ken,20432,1819_(Municipalities as of 2000) Mitake-mura,1155,543,612,1366,-211,-15.45,88.73,119.92,9.6,484,483,1,541,-57,-10.54,1155,1099,56
1819,20_Nagano-ken,20446,2000.0,20_Nagano-ken,20446,1820_Omi-mura,2593,1219,1374,2788,-195,-6.99,88.72,34.38,75.4,971,968,3,1001,-30,-3.00,2593,2461,132
1820,20_Nagano-ken,20448,2000.0,20_Nagano-ken,20448,1821_Ikusaka-mura,1639,818,821,1843,-204,-11.07,99.63,39.05,42.0,665,664,1,698,-33,-4.73,1639,1630,9
1821,20_Nagano-ken,20450,2000.0,20_Nagano-ken,20450,1822_Yamagata-mura,8400,4103,4297,8395,5,0.06,95.49,24.98,336.3,3012,3009,3,2725,287,10.53,8400,8277,123
1822,20_Nagano-ken,20451,2000.0,20_Nagano-ken,20451,1823_Asahi-mura,4279,2110,2169,4462,-183,-4.10,97.28,70.62,60.6,1474,1471,3,1412,62,4.39,4279,4239,40
1823,20_Nagano-ken,20452,,20_Nagano-ken,20452,1824_Chikuhoku-mura,4149,2046,2103,4730,-581,-12.28,97.29,99.47,41.7,1687,1683,4,1780,-93,-5.22,4149,4093,56
1824,20_Nagano-ken,20444,2000.0,20_Nagano-ken,20452,1825_(Municipalities as of 2000) Honjo-mura,1561,764,797,1731,-170,-9.82,95.86,32.32,48.3,624,622,2,633,-9,-1.42,1561,1512,49
1825,20_Nagano-ken,20445,2000.0,20_Nagano-ken,20452,1826_(Municipalities as of 2000) Sakakita-mura,1528,753,775,1712,-184,-10.75,97.16,29.77,51.3,635,634,1,679,-44,-6.48,1528,1522,6
1826,20_Nagano-ken,20447,2000.0,20_Nagano-ken,20452,1827_(Municipalities as of 2000) Sakai-mura,1060,529,531,1287,-227,-17.64,99.62,37.41,28.3,428,427,1,468,-40,-8.55,1060,1059,1
1827,20_Nagano-ken,20481,2000.0,20_Nagano-ken,20481,1828_Ikeda-machi,9382,4552,4830,9926,-544,-5.48,94.24,40.16,233.6,3543,3533,10,3518,25,0.71,9382,9060,322
1828,20_Nagano-ken,20482,2000.0,20_Nagano-ken,20482,1829_Matsukawa-mura,9599,4605,4994,9948,-349,-3.51,92.21,47.07,203.9,3577,3565,12,3497,80,2.29,9599,9318,281
1829,20_Nagano-ken,20485,2000.0,20_Nagano-ken,20485,1830_Hakuba-mura,8575,4257,4318,8929,-354,-3.96,98.59,189.36,45.3,3709,3696,13,3477,232,6.67,8575,8366,209
1830,20_Nagano-ken,20486,2000.0,20_Nagano-ken,20486,1831_Otari-mura,2647,1367,1280,2904,-257,-8.85,106.80,267.91,9.9,1145,1117,28,1195,-50,-4.18,2647,2598,49
1831,20_Nagano-ken,20521,2000.0,20_Nagano-ken,20521,1832_Sakaki-machi,14004,6909,7095,14871,-867,-5.83,97.38,53.64,261.1,5461,5452,9,5473,-12,-0.22,14004,13732,272
1832,20_Nagano-ken,20541,2000.0,20_Nagano-ken,20541,1833_Obuse-machi,10660,5122,5538,10702,-42,-0.39,92.49,19.12,557.5,3680,3673,7,3528,152,4.31,10660,10508,152
1833,20_Nagano-ken,20543,2000.0,20_Nagano-ken,20543,1834_Takayama-mura,6617,3242,3375,7033,-416,-5.91,96.06,98.56,67.1,2321,2318,3,2291,30,1.31,6617,6456,161
1834,20_Nagano-ken,20561,2000.0,20_Nagano-ken,20561,1835_Yamanouchi-machi,11352,5519,5833,12429,-1077,-8.67,94.62,265.9,42.7,4419,4415,4,4465,-46,-1.03,11352,11216,136
1835,20_Nagano-ken,20562,2000.0,20_Nagano-ken,20562,1836_Kijimadaira-mura,4375,2114,2261,4658,-283,-6.08,93.50,99.32,44.0,1567,1563,4,1564,3,0.19,4375,4242,133
1836,20_Nagano-ken,20563,2000.0,20_Nagano-ken,20563,1837_Nozawaonsen-mura,3279,1571,1708,3479,-200,-5.75,91.98,57.96,56.6,1153,1151,2,1159,-6,-0.52,3279,3213,66
1837,20_Nagano-ken,20583,2000.0,20_Nagano-ken,20583,1838_Shinano-machi,7739,3812,3927,8469,-730,-8.62,97.07,149.3,51.8,3062,3058,4,3157,-95,-3.01,7739,7625,114
1838,20_Nagano-ken,20588,2000.0,20_Nagano-ken,20588,1839_Ogawa-mura,2215,1100,1115,2665,-450,-16.89,98.65,58.11,38.1,965,963,2,1086,-121,-11.14,2215,2208,7
1839,20_Nagano-ken,20590,,20_Nagano-ken,20590,1840_Iizuna-machi,10296,5019,5277,11063,-767,-6.93,95.11,75.0,137.3,3767,3756,11,3769,-2,-0.05,10296,10085,211
1840,20_Nagano-ken,20584,2000.0,20_Nagano-ken,20590,1841_(Municipalities as of 2000) Mure-mura,6151,2941,3210,6569,-418,-6.36,91.62,39.85,154.4,2299,2294,5,2298,1,0.04,6151,6018,133
1841,20_Nagano-ken,20585,2000.0,20_Nagano-ken,20590,1842_(Municipalities as of 2000) Samizu-mura,4145,2078,2067,4494,-349,-7.77,100.53,35.46,116.9,1468,1462,6,1471,-3,-0.20,4145,4067,78
1842,20_Nagano-ken,20602,2000.0,20_Nagano-ken,20602,1843_Sakae-mura,1660,800,860,1953,-293,-15.00,93.02,271.66,6.1,692,691,1,775,-83,-10.71,1660,1571,89
1843,21_Gifu-ken,21000,2000.0,21_Gifu-ken,21000,1844_Gifu-ken,1978742,960436,1018306,2031903,-53161,-2.62,94.32,10621.29,186.3,780730,779029,1701,753212,27518,3.65,1978742,1937236,41506
1844,21_Gifu-ken,21201,,21_Gifu-ken,21201,1845_Gifu-shi,402557,191679,210878,406735,-4178,-1.03,90.90,203.6,1977.2,173386,173032,354,165443,7943,4.80,402557,393562,8995
1845,21_Gifu-ken,21201,2000.0,21_Gifu-ken,21201,1846_(Municipalities as of 2000) Gifu-shi,388748,185042,203706,393086,-4338,-1.10,90.84,195.12,1992.4,167749,167412,337,160210,7539,4.71,388748,380201,8547
1846,21_Gifu-ken,21304,2000.0,21_Gifu-ken,21201,1847_(Municipalities as of 2000) Yanaizu-cho,13809,6637,7172,13649,160,1.17,92.54,7.77,1777.2,5637,5620,17,5233,404,7.72,13809,13361,448
1847,21_Gifu-ken,21202,,21_Gifu-ken,21202,1848_Ogaki-shi,158286,76994,81292,159879,-1593,-1.00,94.71,206.57,766.3,62277,62189,88,60085,2192,3.65,158286,155337,2949
1848,21_Gifu-ken,21202,2000.0,21_Gifu-ken,21202,1849_(Municipalities as of 2000) Ogaki-shi,148607,72292,76315,149655,-1048,-0.70,94.73,79.75,1863.4,58819,58736,83,56625,2194,3.87,148607,145819,2788
1849,21_Gifu-ken,21342,2000.0,21_Gifu-ken,21202,1850_(Municipalities as of 2000) Kamiishizu-cho,4980,2390,2590,5569,-589,-10.58,92.28,123.38,40.4,1762,1759,3,1823,-61,-3.35,4980,4863,117
1850,21_Gifu-ken,21384,2000.0,21_Gifu-ken,21202,1851_(Municipalities as of 2000) Sunomata-cho,4699,2312,2387,4655,44,0.95,96.86,3.39,1386.1,1696,1694,2,1637,59,3.60,4699,4655,44
1851,21_Gifu-ken,21203,,21_Gifu-ken,21203,1852_Takayama-shi,84419,40483,43936,89182,-4763,-5.34,92.14,2177.61,38.8,32748,32634,114,32670,78,0.24,84419,82317,2102
1852,21_Gifu-ken,21203,2000.0,21_Gifu-ken,21203,1853_(Municipalities as of 2000) Takayama-shi,59639,28454,31185,62318,-2679,-4.30,91.24,139.57,427.3,24353,24281,72,24055,298,1.24,59639,58338,1301
1853,21_Gifu-ken,21601,2000.0,21_Gifu-ken,21203,1854_(Municipalities as of 2000) Nyukawa-mura,3983,1972,2011,4251,-268,-6.30,98.06,227.15,17.5,1243,1238,5,1251,-8,-0.64,3983,3903,80
1854,21_Gifu-ken,21602,2000.0,21_Gifu-ken,21203,1855_(Municipalities as of 2000) Kiyomi-mura,2166,1085,1081,2363,-197,-8.34,100.37,359.16,6.0,774,773,1,785,-11,-1.40,2166,2149,17
1855,21_Gifu-ken,21603,2000.0,21_Gifu-ken,21203,1856_(Municipalities as of 2000) Shokawa-mura,1010,497,513,1240,-230,-18.55,96.88,323.28,3.1,399,399,NULL,537,-138,-25.70,1010,1010,NULL
1856,21_Gifu-ken,21605,2000.0,21_Gifu-ken,21203,1857_(Municipalities as of 2000) Miya-mura,2355,1120,1235,2484,-129,-5.19,90.69,51.89,45.4,760,760,NULL,754,6,0.80,2355,2355,NULL
1857,21_Gifu-ken,21606,2000.0,21_Gifu-ken,21203,1858_(Municipalities as of 2000) Kuguno-cho,3184,1497,1687,3539,-355,-10.03,88.74,106.1,30.0,997,986,11,1007,-10,-0.99,3184,3082,102
1858,21_Gifu-ken,21607,2000.0,21_Gifu-ken,21203,1859_(Municipalities as of 2000) Asahi-mura,1435,694,741,1652,-217,-13.14,93.66,187.37,7.7,523,520,3,542,-19,-3.51,1435,1424,11
1859,21_Gifu-ken,21608,2000.0,21_Gifu-ken,21203,1860_(Municipalities as of 2000) Takane-mura,281,148,133,338,-57,-16.86,111.28,220.66,1.3,154,154,NULL,182,-28,-15.38,281,281,NULL
1860,21_Gifu-ken,21622,2000.0,21_Gifu-ken,21203,1861_(Municipalities as of 2000) Kokufu-cho,7537,3641,3896,7743,-206,-2.66,93.45,89.05,84.6,2352,2333,19,2268,84,3.70,7537,7021,516
1861,21_Gifu-ken,21626,2000.0,21_Gifu-ken,21203,1862_(Municipalities as of 2000) Kamitakara-mura,2829,1375,1454,3254,-425,-13.06,94.57,475.12,6.0,1193,1190,3,1289,-96,-7.45,2829,2754,75
1862,21_Gifu-ken,21204,,21_Gifu-ken,21204,1863_Tajimi-shi,106732,51437,55295,110441,-3709,-3.36,93.02,91.25,1169.7,42656,42571,85,41446,1210,2.92,106732,104479,2253
1863,21_Gifu-ken,21204,2000.0,21_Gifu-ken,21204,1864_(Municipalities as of 2000) Tajimi-shi,97477,46953,50524,100793,-3316,-3.29,92.93,77.79,1253.1,38988,38912,76,37895,1093,2.88,97477,95382,2095
1864,21_Gifu-ken,21541,2000.0,21_Gifu-ken,21204,1865_(Municipalities as of 2000) Kasahara-cho,9255,4484,4771,9648,-393,-4.07,93.98,13.45,688.1,3668,3659,9,3551,117,3.29,9255,9097,158
1865,21_Gifu-ken,21205,,21_Gifu-ken,21205,1866_Seki-shi,85283,41657,43626,89153,-3870,-4.34,95.49,472.33,180.6,33438,33358,80,32827,611,1.86,85283,83201,2082
1866,21_Gifu-ken,21205,2000.0,21_Gifu-ken,21205,1867_(Municipalities as of 2000) Seki-shi,72854,35675,37179,75198,-2344,-3.12,95.95,102.51,710.7,28831,28774,57,27995,836,2.99,72854,71321,1533
1867,21_Gifu-ken,21461,2000.0,21_Gifu-ken,21205,1868_(Municipalities as of 2000) Horado-mura,1783,837,946,1930,-147,-7.62,88.48,40.08,44.5,634,631,3,658,-24,-3.65,1783,1663,120
1868,21_Gifu-ken,21462,2000.0,21_Gifu-ken,21205,1869_(Municipalities as of 2000) Itadori-mura,916,440,476,1116,-200,-17.92,92.44,187.35,4.9,444,444,NULL,493,-49,-9.94,916,916,NULL
1869,21_Gifu-ken,21463,2000.0,21_Gifu-ken,21205,1870_(Municipalities as of 2000) Mugegawa-cho,5539,2681,2858,6023,-484,-8.04,93.81,28.31,195.7,1898,1880,18,1915,-17,-0.89,5539,5212,327
1870,21_Gifu-ken,21464,2000.0,21_Gifu-ken,21205,1871_(Municipalities as of 2000) Mugi-cho,2840,1352,1488,3281,-441,-13.44,90.86,65.27,43.5,1064,1062,2,1146,-82,-7.16,2840,2738,102
1871,21_Gifu-ken,21465,2000.0,21_Gifu-ken,21205,1872_(Municipalities as of 2000) Kaminoho-mura,1351,672,679,1605,-254,-15.83,98.97,49.32,27.4,567,567,NULL,620,-53,-8.55,1351,1351,NULL
1872,21_Gifu-ken,21206,,21_Gifu-ken,21206,1873_Nakatsugawa-shi,76570,37414,39156,78883,-2313,-2.93,95.55,676.45,113.2,29690,29636,54,28438,1252,4.40,76570,75235,1335
1873,21_Gifu-ken,21206,2000.0,21_Gifu-ken,21206,1874_(Municipalities as of 2000) Nakatsugawa-shi,52897,26023,26874,53368,-471,-0.88,96.83,275.98,191.7,21437,21394,43,20006,1431,7.15,52897,51901,996
1874,21_Gifu-ken,21561,2000.0,21_Gifu-ken,21206,1875_(Municipalities as of 2000) Sakashita-cho,4305,2077,2228,4690,-385,-8.21,93.22,29.77,144.6,1582,1580,2,1653,-71,-4.30,4305,4223,82
1875,21_Gifu-ken,21562,2000.0,21_Gifu-ken,21206,1876_(Municipalities as of 2000) Kawaue-mura,719,359,360,799,-80,-10.01,99.72,29.33,24.5,274,274,NULL,292,-18,-6.16,719,719,NULL
1876,21_Gifu-ken,21563,2000.0,21_Gifu-ken,21206,1877_(Municipalities as of 2000) Kashimo-mura,2498,1218,1280,2815,-317,-11.26,95.16,114.16,21.9,904,904,NULL,953,-49,-5.14,2498,2498,NULL
1877,21_Gifu-ken,21564,2000.0,21_Gifu-ken,21206,1878_(Municipalities as of 2000) Tsukechi-cho,5332,2564,2768,5725,-393,-6.86,92.63,73.36,72.7,1758,1755,3,1801,-43,-2.39,5332,5178,154
1878,21_Gifu-ken,21565,2000.0,21_Gifu-ken,21206,1879_(Municipalities as of 2000) Fukuoka-cho,6197,2952,3245,6529,-332,-5.09,90.97,84.29,73.5,2155,2150,5,2130,25,1.17,6197,6095,102
1879,21_Gifu-ken,21566,2000.0,21_Gifu-ken,21206,1880_(Municipalities as of 2000) Hirukawa-mura,3078,1475,1603,3234,-156,-4.82,92.01,44.82,68.7,1004,1003,1,996,8,0.80,3078,3077,1
1880,20_Nagano-ken,20431,2000.0,21_Gifu-ken,21206,1881_(Municipalities as of 2000) Yamaguchi-mura,1544,746,798,1723,-179,-10.39,93.48,24.67,62.6,576,576,NULL,607,-31,-5.11,1544,1544,NULL
1881,21_Gifu-ken,21207,2000.0,21_Gifu-ken,21207,1882_Mino-shi,19247,9289,9958,20760,-1513,-7.29,93.28,117.01,164.5,7452,7445,7,7508,-56,-0.75,19247,18960,287
1882,21_Gifu-ken,21208,2000.0,21_Gifu-ken,21208,1883_Mizunami-shi,37150,18156,18994,38730,-1580,-4.08,95.59,174.86,212.5,14521,14456,65,13904,617,4.44,37150,35549,1601
1883,21_Gifu-ken,21209,2000.0,21_Gifu-ken,21209,1884_Hashima-shi,65649,32303,33346,67337,-1688,-2.51,96.87,53.66,1223.4,24842,24789,53,23948,894,3.73,65649,64608,1041
1884,21_Gifu-ken,21210,,21_Gifu-ken,21210,1885_Ena-shi,47774,23138,24636,51073,-3299,-6.46,93.92,504.24,94.7,18158,18067,91,18106,52,0.29,47774,46797,977
1885,21_Gifu-ken,21210,2000.0,21_Gifu-ken,21210,1886_(Municipalities as of 2000) Ena-shi,32082,15602,16480,33548,-1466,-4.37,94.67,172.56,185.9,12302,12265,37,12057,245,2.03,32082,31450,632
1886,21_Gifu-ken,21567,2000.0,21_Gifu-ken,21210,1887_(Municipalities as of 2000) Iwamura-cho,4672,2239,2433,5058,-386,-7.63,92.03,34.36,136.0,1699,1650,49,1714,-15,-0.88,4672,4499,173
1887,21_Gifu-ken,21568,2000.0,21_Gifu-ken,21210,1888_(Municipalities as of 2000) Yamaoka-cho,3773,1828,1945,4232,-459,-10.85,93.98,60.96,61.9,1390,1389,1,1421,-31,-2.18,3773,3755,18
1888,21_Gifu-ken,21569,2000.0,21_Gifu-ken,21210,1889_(Municipalities as of 2000) Akechi-cho,4903,2358,2545,5489,-586,-10.68,92.65,67.13,73.0,1838,1835,3,1903,-65,-3.42,4903,4816,87
1889,21_Gifu-ken,21570,2000.0,21_Gifu-ken,21210,1890_(Municipalities as of 2000) Kushihara-mura,696,337,359,786,-90,-11.45,93.87,38.22,18.2,281,281,NULL,291,-10,-3.44,696,696,NULL
1890,21_Gifu-ken,21571,2000.0,21_Gifu-ken,21210,1891_(Municipalities as of 2000) Kamiyahagi-cho,1648,774,874,1960,-312,-15.92,88.56,130.96,12.6,648,647,1,720,-72,-10.00,1648,1581,67
1891,21_Gifu-ken,21211,2000.0,21_Gifu-ken,21211,1892_Minokamo-shi,56689,28141,28548,55384,1305,2.36,98.57,74.81,757.8,21880,21849,31,20501,1379,6.73,56689,55636,1053
1892,21_Gifu-ken,21212,2000.0,21_Gifu-ken,21212,1893_Toki-shi,55348,26803,28545,57827,-2479,-4.29,93.90,116.02,477.1,21359,21333,26,21039,320,1.52,55348,54418,930
1893,21_Gifu-ken,21213,,21_Gifu-ken,21213,1894_Kakamigahara-shi,144521,71220,73301,144690,-169,-0.12,97.16,87.81,1645.8,57129,57049,80,53470,3659,6.84,144521,141968,2553
1894,21_Gifu-ken,21213,2000.0,21_Gifu-ken,21213,1895_(Municipalities as of 2000) Kakamigahara-shi,132908,65452,67456,133485,-577,-0.43,97.03,79.75,1666.6,52969,52894,75,49729,3240,6.52,132908,130509,2399
1895,21_Gifu-ken,21301,2000.0,21_Gifu-ken,21213,1896_(Municipalities as of 2000) Kawashima-cho,11613,5768,5845,11205,408,3.64,98.68,8.02,1448.0,4160,4155,5,3741,419,11.20,11613,11459,154
1896,21_Gifu-ken,21214,,21_Gifu-ken,21214,1897_Kani-shi,99968,49202,50766,98695,1273,1.29,96.92,87.57,1141.6,39996,39951,45,37171,2825,7.60,99968,98654,1314
1897,21_Gifu-ken,21214,2000.0,21_Gifu-ken,21214,1898_(Municipalities as of 2000) Kani-shi,98743,48623,50120,97366,1377,1.41,97.01,84.99,1161.8,39484,39439,45,36656,2828,7.71,98743,97429,1314
1898,21_Gifu-ken,21523,2000.0,21_Gifu-ken,21214,1899_(Municipalities as of 2000) Kaneyama-cho,1225,579,646,1329,-104,-7.83,89.63,2.61,469.3,512,512,NULL,515,-3,-0.58,1225,1225,NULL
1899,21_Gifu-ken,21215,,21_Gifu-ken,21215,1900_Yamagata-shi,25280,12184,13096,27114,-1834,-6.76,93.04,221.98,113.9,9511,9486,25,9640,-129,-1.34,25280,24526,754
1900,21_Gifu-ken,21441,2000.0,21_Gifu-ken,21215,1901_(Municipalities as of 2000) Takatomi-cho,16355,7861,8494,17336,-981,-5.66,92.55,39.22,417.0,6151,6140,11,6217,-66,-1.06,16355,15967,388
1901,21_Gifu-ken,21442,2000.0,21_Gifu-ken,21215,1902_(Municipalities as of 2000) Ijira-mura,3051,1489,1562,3229,-178,-5.51,95.33,24.82,122.9,1023,1011,12,996,27,2.71,3051,2741,310
1902,21_Gifu-ken,21443,2000.0,21_Gifu-ken,21215,1903_(Municipalities as of 2000) Miyama-cho,5874,2834,3040,6549,-675,-10.31,93.22,158.0,37.2,2337,2335,2,2427,-90,-3.71,5874,5818,56
1903,21_Gifu-ken,21216,,21_Gifu-ken,21216,1904_Mizuho-shi,56388,28105,28283,54354,2034,3.74,99.37,28.19,2000.3,22502,22476,26,21011,1491,7.10,56388,55657,731
1904,21_Gifu-ken,21423,2000.0,21_Gifu-ken,21216,1905_(Municipalities as of 2000) Hozumi-cho,42700,21478,21222,40734,1966,4.83,101.21,16.44,2597.3,17733,17711,22,16481,1252,7.60,42700,42116,584
1905,21_Gifu-ken,21424,2000.0,21_Gifu-ken,21216,1906_(Municipalities as of 2000) Sunami-cho,13688,6627,7061,13620,68,0.50,93.85,11.77,1163.0,4769,4765,4,4530,239,5.28,13688,13541,147
1906,21_Gifu-ken,21217,,21_Gifu-ken,21217,1907_Hida-shi,22538,10860,11678,24696,-2158,-8.74,93.00,792.53,28.4,8196,8174,22,8509,-313,-3.68,22538,21859,679
1907,21_Gifu-ken,21621,2000.0,21_Gifu-ken,21217,1908_(Municipalities as of 2000) Furukawa-cho,13681,6583,7098,14594,-913,-6.26,92.74,97.44,140.4,4597,4584,13,4598,-1,-0.02,13681,13219,462
1908,21_Gifu-ken,21623,2000.0,21_Gifu-ken,21217,1909_(Municipalities as of 2000) Kawai-mura,848,413,435,1017,-169,-16.62,94.94,184.57,4.6,281,280,1,312,-31,-9.94,848,839,9
1909,21_Gifu-ken,21624,2000.0,21_Gifu-ken,21217,1910_(Municipalities as of 2000) Miyagawa-mura,559,264,295,680,-121,-17.79,89.49,199.94,2.8,214,213,1,249,-35,-14.06,559,550,9
1910,21_Gifu-ken,21625,2000.0,21_Gifu-ken,21217,1911_(Municipalities as of 2000) Kamioka-cho,7450,3600,3850,8405,-955,-11.36,93.51,310.36,24.0,3104,3097,7,3350,-246,-7.34,7450,7251,199
1911,21_Gifu-ken,21218,,21_Gifu-ken,21218,1912_Motosu-shi,32928,15936,16992,33995,-1067,-3.14,93.79,374.65,87.9,11720,11697,23,11346,374,3.30,32928,32044,884
1912,21_Gifu-ken,21422,2000.0,21_Gifu-ken,21218,1913_(Municipalities as of 2000) Motosu-cho,7143,3381,3762,7650,-507,-6.63,89.87,51.25,139.4,2587,2581,6,2510,77,3.07,7143,6789,354
1913,21_Gifu-ken,21425,2000.0,21_Gifu-ken,21218,1914_(Municipalities as of 2000) Shinsei-cho,13140,6488,6652,13300,-160,-1.20,97.53,11.63,1129.8,4433,4422,11,4320,113,2.62,13140,12775,365
1914,21_Gifu-ken,21426,2000.0,21_Gifu-ken,21218,1915_(Municipalities as of 2000) Itonuki-cho,11460,5511,5949,11660,-200,-1.72,92.64,15.86,722.6,4152,4147,5,3904,248,6.35,11460,11298,162
1915,21_Gifu-ken,21427,2000.0,21_Gifu-ken,21218,1916_(Municipalities as of 2000) Neo-mura,1185,556,629,1385,-200,-14.44,88.39,295.83,4.0,548,547,1,612,-64,-10.46,1185,1182,3
1916,21_Gifu-ken,21219,,21_Gifu-ken,21219,1917_Gujo-shi,38997,19051,19946,42090,-3093,-7.35,95.51,1030.75,37.8,14562,14463,99,14610,-48,-0.33,38997,37838,1159
1917,21_Gifu-ken,21481,2000.0,21_Gifu-ken,21219,1918_(Municipalities as of 2000) Hachiman-cho,12532,6115,6417,13625,-1093,-8.02,95.29,242.31,51.7,5043,5025,18,5119,-76,-1.48,12532,12289,243
1918,21_Gifu-ken,21482,2000.0,21_Gifu-ken,21219,1919_(Municipalities as of 2000) Yamato-cho,6096,2988,3108,6459,-363,-5.62,96.14,152.48,40.0,2148,2095,53,2026,122,6.02,6096,5946,150
1919,21_Gifu-ken,21483,2000.0,21_Gifu-ken,21219,1920_(Municipalities as of 2000) Shirotori-cho,10431,5067,5364,11131,-700,-6.29,94.46,197.43,52.8,3838,3827,11,3819,19,0.50,10431,10118,313
1920,21_Gifu-ken,21484,2000.0,21_Gifu-ken,21219,1921_(Municipalities as of 2000) Takasu-mura,2866,1398,1468,3065,-199,-6.49,95.23,103.71,27.6,1076,1076,NULL,1130,-54,-4.78,2866,2866,NULL
1921,21_Gifu-ken,21485,2000.0,21_Gifu-ken,21219,1922_(Municipalities as of 2000) Minami-mura,4090,2004,2086,4395,-305,-6.94,96.07,79.81,51.2,1281,1267,14,1297,-16,-1.23,4090,3644,446
1922,21_Gifu-ken,21486,2000.0,21_Gifu-ken,21219,1923_(Municipalities as of 2000) Meiho-mura,1446,724,722,1670,-224,-13.41,100.28,154.86,9.3,520,520,NULL,537,-17,-3.17,1446,1446,NULL
1923,21_Gifu-ken,21487,2000.0,21_Gifu-ken,21219,1924_(Municipalities as of 2000) Wara-mura,1536,755,781,1745,-209,-11.98,96.67,100.19,15.3,656,653,3,682,-26,-3.81,1536,1529,7
1924,21_Gifu-ken,21220,,21_Gifu-ken,21220,1925_Gero-shi,30428,14471,15957,33585,-3157,-9.40,90.69,851.21,35.7,11686,11656,30,12140,-454,-3.74,30428,29627,801
1925,21_Gifu-ken,21581,2000.0,21_Gifu-ken,21220,1926_(Municipalities as of 2000) Hagiwara-cho,9939,4744,5195,10687,-748,-7.00,91.32,143.15,69.4,3440,3426,14,3461,-21,-0.61,9939,9554,385
1926,21_Gifu-ken,21582,2000.0,21_Gifu-ken,21220,1927_(Municipalities as of 2000) Osaka-cho,2789,1355,1434,3166,-377,-11.91,94.49,247.5,11.3,1073,1070,3,1178,-105,-8.91,2789,2746,43
1927,21_Gifu-ken,21583,2000.0,21_Gifu-ken,21220,1928_(Municipalities as of 2000) Gero-cho,11234,5323,5911,12378,-1144,-9.24,90.05,194.11,57.9,4542,4534,8,4692,-150,-3.20,11234,10981,253
1928,21_Gifu-ken,21584,2000.0,21_Gifu-ken,21220,1929_(Municipalities as of 2000) Kanayama-cho,5415,2545,2870,6178,-763,-12.35,88.68,167.84,32.3,2256,2253,3,2429,-173,-7.12,5415,5333,82
1929,21_Gifu-ken,21585,2000.0,21_Gifu-ken,21220,1930_(Municipalities as of 2000) Maze-mura,1051,504,547,1176,-125,-10.63,92.14,98.46,10.7,375,373,2,380,-5,-1.32,1051,1013,38
1930,21_Gifu-ken,21221,,21_Gifu-ken,21221,1931_Kaizu-shi,32735,16045,16690,35206,-2471,-7.02,96.14,112.03,292.2,11600,11572,28,11513,87,0.76,32735,32048,687
1931,21_Gifu-ken,21321,2000.0,21_Gifu-ken,21221,1932_(Municipalities as of 2000) Kaizu-cho,12096,5973,6123,12967,-871,-6.72,97.55,44.21,273.6,4237,4221,16,4147,90,2.17,12096,11779,317
1932,21_Gifu-ken,21322,2000.0,21_Gifu-ken,21221,1933_(Municipalities as of 2000) Hirata-cho,6676,3232,3444,7122,-446,-6.26,93.84,16.29,409.8,2333,2330,3,2264,69,3.05,6676,6627,49
1933,21_Gifu-ken,21323,2000.0,21_Gifu-ken,21221,1934_(Municipalities as of 2000) Nanno-cho,13963,6840,7123,15117,-1154,-7.63,96.03,51.81,269.5,5030,5021,9,5102,-72,-1.41,13963,13642,321
1934,21_Gifu-ken,21302,2000.0,21_Gifu-ken,21302,1935_Ginan-cho,25881,12664,13217,24622,1259,5.11,95.82,7.91,3271.9,10585,10568,17,9560,1025,10.72,25881,25432,449
1935,21_Gifu-ken,21303,2000.0,21_Gifu-ken,21303,1936_Kasamatsu-cho,22208,10513,11695,22750,-542,-2.38,89.89,10.3,2156.1,8595,8578,17,8191,404,4.93,22208,21373,835
1936,21_Gifu-ken,21341,2000.0,21_Gifu-ken,21341,1937_Yoro-cho,26882,13116,13766,29029,-2147,-7.40,95.28,72.29,371.9,9405,9380,25,9378,27,0.29,26882,26429,453
1937,21_Gifu-ken,21361,2000.0,21_Gifu-ken,21361,1938_Tarui-cho,26402,12985,13417,27556,-1154,-4.19,96.78,57.09,462.5,9580,9556,24,9374,206,2.20,26402,25522,880
1938,21_Gifu-ken,21362,2000.0,21_Gifu-ken,21362,1939_Sekigahara-cho,6610,3202,3408,7419,-809,-10.90,93.96,49.28,134.1,2507,2503,4,2625,-118,-4.50,6610,6484,126
1939,21_Gifu-ken,21381,2000.0,21_Gifu-ken,21381,1940_Godo-cho,18585,9099,9486,19282,-697,-3.61,95.92,18.78,989.6,6810,6802,8,6572,238,3.62,18585,18338,247
1940,21_Gifu-ken,21382,2000.0,21_Gifu-ken,21382,1941_Wanouchi-cho,9654,4807,4847,9973,-319,-3.20,99.17,22.33,432.3,3439,3420,19,3138,301,9.59,9654,9436,218
1941,21_Gifu-ken,21383,2000.0,21_Gifu-ken,21383,1942_Anpachi-cho,14355,7036,7319,14752,-397,-2.69,96.13,18.16,790.5,5013,5008,5,4713,300,6.37,14355,14158,197
1942,21_Gifu-ken,21401,,21_Gifu-ken,21401,1943_Ibigawa-cho,19529,9366,10163,21503,-1974,-9.18,92.16,803.44,24.3,7067,7046,21,7269,-202,-2.78,19529,19100,429
1943,21_Gifu-ken,21401,2000.0,21_Gifu-ken,21401,1944_(Municipalities as of 2000) Ibigawa-cho,14872,7161,7711,16073,-1201,-7.47,92.87,46.32,321.1,5209,5195,14,5232,-23,-0.44,14872,14585,287
1944,21_Gifu-ken,21402,2000.0,21_Gifu-ken,21401,1945_(Municipalities as of 2000) Tanigumi-mura,2695,1280,1415,3042,-347,-11.41,90.46,72.85,37.0,937,933,4,967,-30,-3.10,2695,2600,95
1945,21_Gifu-ken,21405,2000.0,21_Gifu-ken,21401,1946_(Municipalities as of 2000) Kasuga-mura,761,367,394,932,-171,-18.35,93.15,112.44,6.8,366,366,NULL,419,-53,-12.65,761,761,NULL
1946,21_Gifu-ken,21406,2000.0,21_Gifu-ken,21401,1947_(Municipalities as of 2000) Kuze-mura,709,322,387,867,-158,-18.22,83.20,94.33,7.5,306,306,NULL,351,-45,-12.82,709,709,NULL
1947,21_Gifu-ken,21407,2000.0,21_Gifu-ken,21401,1948_(Municipalities as of 2000) Fujihashi-mura,212,113,99,239,-27,-11.30,114.14,324.48,0.7,99,96,3,118,-19,-16.10,212,165,47
1948,21_Gifu-ken,21408,2000.0,21_Gifu-ken,21401,1949_(Municipalities as of 2000) Sakauchi-mura,280,123,157,350,-70,-20.00,78.34,153.26,1.8,150,150,NULL,182,-32,-17.58,280,280,NULL
1949,21_Gifu-ken,21403,2000.0,21_Gifu-ken,21403,1950_Ono-cho,22041,10778,11263,23453,-1412,-6.02,95.69,34.2,644.5,7547,7517,30,7366,181,2.46,22041,21391,650
1950,21_Gifu-ken,21404,2000.0,21_Gifu-ken,21404,1951_Ikeda-cho,23360,11425,11935,24347,-987,-4.05,95.73,38.8,602.1,8395,8371,24,7897,498,6.31,23360,22918,442
1951,21_Gifu-ken,21421,2000.0,21_Gifu-ken,21421,1952_Kitagata-cho,18139,8652,9487,18169,-30,-0.17,91.20,5.18,3501.7,7418,7412,6,7139,279,3.91,18139,17967,172
1952,21_Gifu-ken,21501,2000.0,21_Gifu-ken,21501,1953_Sakahogi-cho,8071,4168,3903,8202,-131,-1.60,106.79,12.87,627.1,3200,3195,5,3111,89,2.86,8071,7893,178
1953,21_Gifu-ken,21502,2000.0,21_Gifu-ken,21502,1954_Tomika-cho,5626,2705,2921,5564,62,1.11,92.61,16.82,334.5,1967,1954,13,1834,133,7.25,5626,5450,176
1954,21_Gifu-ken,21503,2000.0,21_Gifu-ken,21503,1955_Kawabe-cho,9860,4865,4995,10197,-337,-3.30,97.40,41.16,239.6,3702,3697,5,3561,141,3.96,9860,9763,97
1955,21_Gifu-ken,21504,2000.0,21_Gifu-ken,21504,1956_Hichiso-cho,3402,1608,1794,3876,-474,-12.23,89.63,90.47,37.6,1312,1310,2,1381,-69,-5.00,3402,3369,33
1956,21_Gifu-ken,21505,2000.0,21_Gifu-ken,21505,1957_Yaotsu-cho,10195,4905,5290,11027,-832,-7.55,92.72,128.79,79.2,3879,3868,11,3892,-13,-0.33,10195,9942,253
1957,21_Gifu-ken,21506,2000.0,21_Gifu-ken,21506,1958_Shirakawa-cho,7412,3485,3927,8392,-980,-11.68,88.74,237.9,31.2,2872,2856,16,3002,-130,-4.33,7412,7161,251
1958,21_Gifu-ken,21507,2000.0,21_Gifu-ken,21507,1959_Higashishirakawa-mura,2016,964,1052,2261,-245,-10.84,91.63,87.09,23.1,780,776,4,817,-37,-4.53,2016,1997,19
1959,21_Gifu-ken,21521,2000.0,21_Gifu-ken,21521,1960_Mitake-cho,17516,8770,8746,18111,-595,-3.29,100.27,56.69,309.0,6768,6757,11,6514,254,3.90,17516,17311,205
1960,21_Gifu-ken,21604,2000.0,21_Gifu-ken,21604,1961_Shirakawa-mura,1511,755,756,1609,-98,-6.09,99.87,356.64,4.2,580,572,8,553,27,4.88,1511,1482,29
1961,22_Shizuoka-ken,22000,2000.0,22_Shizuoka-ken,22000,1962_Shizuoka-ken,3633202,1791118,1842084,3700305,-67103,-1.81,97.23,7777.35,467.2,1483472,1480969,2503,1429600,53872,3.77,3633202,3551043,82159
1962,22_Shizuoka-ken,22201,,22_Shizuoka-ken,22100,1963_Shizuoka-shi,693389,337812,355577,704989,-11600,-1.65,95.00,1411.83,491.1,297421,296944,477,286013,11408,3.99,693389,678083,15306
1963,22_Shizuoka-ken,22201,2000.0,22_Shizuoka-ken,22100,1964_(Municipalities as of 2000) Shizuoka-shi,462323,225130,237193,466012,-3689,-0.79,94.91,1146.19,403.4,201561,201232,329,192304,9257,4.81,462323,451729,10594
1964,22_Shizuoka-ken,22204,2000.0,22_Shizuoka-ken,22100,1965_(Municipalities as of 2000) Shimizu-shi,213081,103918,109163,219374,-6293,-2.87,95.20,227.66,936.0,88844,88703,141,86495,2349,2.72,213081,208582,4499
1965,22_Shizuoka-ken,22382,2000.0,22_Shizuoka-ken,22100,1966_(Municipalities as of 2000) Kambara-cho,10606,5231,5375,11360,-754,-6.64,97.32,14.69,722.0,4218,4213,5,4349,-131,-3.01,10606,10500,106
1966,22_Shizuoka-ken,22383,2000.0,22_Shizuoka-ken,22100,1967_(Municipalities as of 2000) Yui-cho,7379,3533,3846,8243,-864,-10.48,91.86,23.03,320.4,2798,2796,2,2865,-67,-2.34,7379,7272,107
1967,22_Shizuoka-ken,22101,,22_Shizuoka-ken,22101,1968_Shizuoka-shi Aoi-ku,249297,119984,129313,253593,-4296,-1.69,92.79,1073.75,232.2,105124,104937,187,101673,3451,3.39,249297,242706,6591
1968,22_Shizuoka-ken,22102,,22_Shizuoka-ken,22102,1969_Shizuoka-shi Suruga-ku,213026,105146,107880,212419,607,0.29,97.47,73.06,2915.8,96437,96295,142,90631,5806,6.41,213026,209023,4003
1969,22_Shizuoka-ken,22103,,22_Shizuoka-ken,22103,1970_Shizuoka-shi Shimizu-ku,231066,112682,118384,238977,-7911,-3.31,95.18,265.02,871.9,95860,95712,148,93709,2151,2.30,231066,226354,4712
1970,22_Shizuoka-ken,22202,,22_Shizuoka-ken,22130,1971_Hamamatsu-shi,790718,392900,397818,797980,-7262,-0.91,98.76,1558.06,507.5,320749,320221,528,309227,11522,3.73,790718,771591,19127
1971,22_Shizuoka-ken,22202,2000.0,22_Shizuoka-ken,22130,1972_(Municipalities as of 2000) Hamamatsu-shi,593001,295497,297504,596716,-3715,-0.62,99.33,256.74,2309.7,248387,248024,363,239705,8682,3.62,593001,580010,12991
1972,22_Shizuoka-ken,22217,2000.0,22_Shizuoka-ken,22130,1973_(Municipalities as of 2000) Tenryu-shi,17815,8692,9123,19155,-1340,-7.00,95.28,181.65,98.1,6462,6442,20,6537,-75,-1.15,17815,16682,1133
1973,22_Shizuoka-ken,22218,2000.0,22_Shizuoka-ken,22130,1974_(Municipalities as of 2000) Hamakita-shi,98779,49066,49713,95900,2879,3.00,98.70,66.64,1482.3,35421,35368,53,32493,2928,9.01,98779,96444,2335
1974,22_Shizuoka-ken,22462,2000.0,22_Shizuoka-ken,22130,1975_(Municipalities as of 2000) Haruno-cho,3780,1794,1986,4529,-749,-16.54,90.33,252.17,15.0,1553,1548,5,1725,-172,-9.97,3780,3648,132
1975,22_Shizuoka-ken,22486,2000.0,22_Shizuoka-ken,22130,1976_(Municipalities as of 2000) Tatsuyama-mura,488,244,244,639,-151,-23.63,100.00,70.23,6.9,254,254,NULL,304,-50,-16.45,488,488,NULL
1976,22_Shizuoka-ken,22487,2000.0,22_Shizuoka-ken,22130,1977_(Municipalities as of 2000) Sakuma-cho,2853,1371,1482,3805,-952,-25.02,92.51,168.53,16.9,1455,1453,2,1820,-365,-20.05,2853,2801,52
1977,22_Shizuoka-ken,22488,2000.0,22_Shizuoka-ken,22130,1978_(Municipalities as of 2000) Misakubo-cho,1790,845,945,2164,-374,-17.28,89.42,271.28,6.6,916,890,26,1045,-129,-12.34,1790,1715,75
1978,22_Shizuoka-ken,22502,2000.0,22_Shizuoka-ken,22130,1979_(Municipalities as of 2000) Maisaka-cho,11120,5611,5509,11625,-505,-4.34,101.85,4.63,2401.7,4541,4535,6,4470,71,1.59,11120,10965,155
1979,22_Shizuoka-ken,22505,2000.0,22_Shizuoka-ken,22130,1980_(Municipalities as of 2000) Yuto-cho,14836,7319,7517,15036,-200,-1.33,97.37,8.15,1820.4,5546,5534,12,5290,256,4.84,14836,14624,212
1980,22_Shizuoka-ken,22521,2000.0,22_Shizuoka-ken,22130,1981_(Municipalities as of 2000) Hosoe-cho,20360,9907,10453,20800,-440,-2.12,94.78,34.18,595.7,7275,7253,22,6952,323,4.65,20360,19210,1150
1981,22_Shizuoka-ken,22522,2000.0,22_Shizuoka-ken,22130,1982_(Municipalities as of 2000) Inasa-cho,12391,6023,6368,13236,-845,-6.38,94.58,121.32,102.1,4296,4285,11,4303,-7,-0.16,12391,11944,447
1982,22_Shizuoka-ken,22523,2000.0,22_Shizuoka-ken,22130,1983_(Municipalities as of 2000) Mikkabi-cho,13505,6531,6974,14375,-870,-6.05,93.65,75.65,178.5,4643,4635,8,4583,60,1.31,13505,13060,445
1983,22_Shizuoka-ken,22131,,22_Shizuoka-ken,22131,1984_Hamamatsu-shi Naka-ku,235240,117377,117863,237443,-2203,-0.93,99.59,44.34,5305.4,108259,108123,136,106191,2068,1.95,235240,231643,3597
1984,22_Shizuoka-ken,22132,,22_Shizuoka-ken,22132,1985_Hamamatsu-shi Higashi-ku,129356,64357,64999,128555,801,0.62,99.01,46.29,2794.5,52387,52325,62,50106,2281,4.55,129356,127216,2140
1985,22_Shizuoka-ken,22133,,22_Shizuoka-ken,22133,1986_Hamamatsu-shi Nishi-ku,108160,53482,54678,111353,-3193,-2.87,97.81,114.71,942.9,39828,39740,88,38730,1098,2.84,108160,104027,4133
1986,22_Shizuoka-ken,22134,,22_Shizuoka-ken,22134,1987_Hamamatsu-shi Minami-ku,99769,50016,49753,100870,-1101,-1.09,100.53,46.84,2130.0,40191,40151,40,38259,1932,5.05,99769,98290,1479
1987,22_Shizuoka-ken,22135,,22_Shizuoka-ken,22135,1988_Hamamatsu-shi Kita-ku,92688,45656,47032,93567,-879,-0.94,97.07,295.54,313.6,34023,33927,96,32017,2006,6.27,92688,88637,4051
1988,22_Shizuoka-ken,22136,,22_Shizuoka-ken,22136,1989_Hamamatsu-shi Hamakita-ku,98779,49066,49713,95900,2879,3.00,98.70,66.5,1485.4,35421,35368,53,32493,2928,9.01,98779,96444,2335
1989,22_Shizuoka-ken,22137,,22_Shizuoka-ken,22137,1990_Hamamatsu-shi Tenryu-ku,26726,12946,13780,30292,-3566,-11.77,93.95,943.84,28.3,10640,10587,53,11431,-791,-6.92,26726,25334,1392
1990,22_Shizuoka-ken,22203,,22_Shizuoka-ken,22203,1991_Numazu-shi,189386,93046,96340,195633,-6247,-3.19,96.58,186.96,1013.0,83438,83299,139,80798,2640,3.27,189386,184641,4745
1991,22_Shizuoka-ken,22203,2000.0,22_Shizuoka-ken,22203,1992_(Municipalities as of 2000) Numazu-shi,186939,91810,95129,192807,-5868,-3.04,96.51,152.17,1228.5,82199,82060,139,79431,2768,3.48,186939,182194,4745
1992,22_Shizuoka-ken,22323,2000.0,22_Shizuoka-ken,22203,1993_(Municipalities as of 2000) Heda-mura,2447,1236,1211,2826,-379,-13.41,102.06,34.92,70.1,1239,1239,NULL,1367,-128,-9.36,2447,2447,NULL
1993,22_Shizuoka-ken,22205,2000.0,22_Shizuoka-ken,22205,1994_Atami-shi,34208,15438,18770,37544,-3336,-8.89,82.25,61.78,553.7,18440,18380,60,18846,-406,-2.15,34208,33130,1078
1994,22_Shizuoka-ken,22206,2000.0,22_Shizuoka-ken,22206,1995_Mishima-shi,107783,52421,55362,110046,-2263,-2.06,94.69,62.02,1737.9,46106,46047,59,45218,888,1.96,107783,105780,2003
1995,22_Shizuoka-ken,22207,,22_Shizuoka-ken,22207,1996_Fujinomiya-shi,128105,63364,64741,130770,-2665,-2.04,97.87,389.08,329.3,51425,51315,110,49004,2421,4.94,128105,125635,2470
1996,22_Shizuoka-ken,22207,2000.0,22_Shizuoka-ken,22207,1997_(Municipalities as of 2000) Fujinomiya-shi,120193,59533,60660,122120,-1927,-1.58,98.14,314.81,381.8,48545,48439,106,46080,2465,5.35,120193,117887,2306
1997,22_Shizuoka-ken,22361,2000.0,22_Shizuoka-ken,22207,1998_(Municipalities as of 2000) Shibakawa-cho,7912,3831,4081,8650,-738,-8.53,93.87,74.18,106.7,2880,2876,4,2924,-44,-1.50,7912,7748,164
1998,22_Shizuoka-ken,22208,2000.0,22_Shizuoka-ken,22208,1999_Ito-shi,65491,30668,34823,68345,-2854,-4.18,88.07,124.1,527.7,30820,30756,64,30478,342,1.12,65491,63674,1817
1999,22_Shizuoka-ken,22209,,22_Shizuoka-ken,22209,2000_Shimada-shi,95719,46725,48994,98112,-2393,-2.44,95.37,315.7,303.2,35395,35344,51,34310,1085,3.16,95719,94028,1691
2000,22_Shizuoka-ken,22209,2000.0,22_Shizuoka-ken,22209,2001_(Municipalities as of 2000) Shimada-shi,73349,35868,37481,74281,-932,-1.25,95.70,131.04,559.7,27530,27494,36,26401,1129,4.28,73349,72300,1049
2001,22_Shizuoka-ken,22425,2000.0,22_Shizuoka-ken,22209,2002_(Municipalities as of 2000) Kanaya-cho,18137,8801,9336,18962,-825,-4.35,94.27,64.36,281.8,6297,6284,13,6248,49,0.78,18137,17563,574
2002,22_Shizuoka-ken,22426,2000.0,22_Shizuoka-ken,22209,2003_(Municipalities as of 2000) Kawane-cho,4233,2056,2177,4869,-636,-13.06,94.44,120.48,35.1,1568,1566,2,1661,-93,-5.60,4233,4165,68
2003,22_Shizuoka-ken,22210,,22_Shizuoka-ken,22210,2004_Fuji-shi,245392,120694,124698,248399,-3007,-1.21,96.79,244.95,1001.8,97333,97177,156,92581,4752,5.13,245392,240828,4564
2004,22_Shizuoka-ken,22210,2000.0,22_Shizuoka-ken,22210,2005_(Municipalities as of 2000) Fuji-shi,230641,113562,117079,232648,-2007,-0.86,97.00,214.09,1077.3,91703,91554,149,86950,4753,5.47,230641,226368,4273
2005,22_Shizuoka-ken,22381,2000.0,22_Shizuoka-ken,22210,2006_(Municipalities as of 2000) Fujikawa-cho,14751,7132,7619,15751,-1000,-6.35,93.61,30.92,477.1,5630,5623,7,5631,-1,-0.02,14751,14460,291
2006,22_Shizuoka-ken,22211,,22_Shizuoka-ken,22211,2007_Iwata-shi,166672,83980,82692,167210,-538,-0.32,101.56,163.45,1019.7,65059,64969,90,61346,3713,6.05,166672,163572,3100
2007,22_Shizuoka-ken,22211,2000.0,22_Shizuoka-ken,22211,2008_(Municipalities as of 2000) Iwata-shi,90352,45669,44683,89863,489,0.54,102.21,64.27,1405.8,36744,36698,46,34502,2242,6.50,90352,88865,1487
2008,22_Shizuoka-ken,22482,2000.0,22_Shizuoka-ken,22211,2009_(Municipalities as of 2000) Fukude-cho,17141,8599,8542,17947,-806,-4.49,100.67,16.59,1033.2,6410,6398,12,6169,241,3.91,17141,16766,375
2009,22_Shizuoka-ken,22483,2000.0,22_Shizuoka-ken,22211,2010_(Municipalities as of 2000) Ryuyo-cho,17987,8994,8993,18426,-439,-2.38,100.01,23.62,761.5,6899,6890,9,6602,297,4.50,17987,17689,298
2010,22_Shizuoka-ken,22484,2000.0,22_Shizuoka-ken,22211,2011_(Municipalities as of 2000) Toyoda-cho,30483,15314,15169,29999,484,1.61,100.96,19.82,1538.0,11432,11418,14,10701,731,6.83,30483,29885,598
2011,22_Shizuoka-ken,22485,2000.0,22_Shizuoka-ken,22211,2012_(Municipalities as of 2000) Toyooka-mura,10709,5404,5305,10975,-266,-2.42,101.87,39.78,269.2,3574,3565,9,3372,202,5.99,10709,10367,342
2012,22_Shizuoka-ken,22212,,22_Shizuoka-ken,22212,2013_Yaizu-shi,136845,66952,69893,139462,-2617,-1.88,95.79,70.31,1946.3,53243,53171,72,50648,2595,5.12,136845,134538,2307
2013,22_Shizuoka-ken,22212,2000.0,22_Shizuoka-ken,22212,2014_(Municipalities as of 2000) Yaizu-shi,115758,56452,59306,117550,-1792,-1.52,95.19,45.87,2523.6,45842,45790,52,43554,2288,5.25,115758,113881,1877
2014,22_Shizuoka-ken,22402,2000.0,22_Shizuoka-ken,22212,2015_(Municipalities as of 2000) Oigawa-cho,21087,10500,10587,21912,-825,-3.77,99.18,24.54,859.3,7401,7381,20,7094,307,4.33,21087,20657,430
2015,22_Shizuoka-ken,22213,,22_Shizuoka-ken,22213,2016_Kakegawa-shi,114954,57655,57299,114602,352,0.31,100.62,265.69,432.7,43770,43682,88,41050,2720,6.63,114954,112688,2266
2016,22_Shizuoka-ken,22213,2000.0,22_Shizuoka-ken,22213,2017_(Municipalities as of 2000) Kakegawa-shi,85972,43164,42808,84192,1780,2.11,100.83,185.79,462.7,33398,33339,59,30838,2560,8.30,85972,84291,1681
2017,22_Shizuoka-ken,22442,2000.0,22_Shizuoka-ken,22213,2018_(Municipalities as of 2000) Osuka-cho,10324,5065,5259,10795,-471,-4.36,96.31,33.71,306.3,3713,3692,21,3580,133,3.72,10324,10031,293
2018,22_Shizuoka-ken,22447,2000.0,22_Shizuoka-ken,22213,2019_(Municipalities as of 2000) Daito-cho,18658,9426,9232,19615,-957,-4.88,102.10,46.13,404.5,6659,6651,8,6632,27,0.41,18658,18366,292
2019,22_Shizuoka-ken,22214,,22_Shizuoka-ken,22214,2020_Fujieda-shi,141342,68793,72549,143605,-2263,-1.58,94.82,194.06,728.3,53974,53920,54,52315,1659,3.17,141342,139157,2185
2020,22_Shizuoka-ken,22214,2000.0,22_Shizuoka-ken,22214,2021_(Municipalities as of 2000) Fujieda-shi,130860,63702,67158,132445,-1585,-1.20,94.85,140.74,929.8,50156,50105,51,48493,1663,3.43,130860,128853,2007
2021,22_Shizuoka-ken,22401,2000.0,22_Shizuoka-ken,22214,2022_(Municipalities as of 2000) Okabe-cho,10482,5091,5391,11160,-678,-6.08,94.44,53.29,196.7,3818,3815,3,3822,-4,-0.10,10482,10304,178
2022,22_Shizuoka-ken,22215,2000.0,22_Shizuoka-ken,22215,2023_Gotemba-shi,86614,44454,42160,88078,-1464,-1.66,105.44,194.9,444.4,33529,33406,123,31610,1919,6.07,86614,82111,4503
2023,22_Shizuoka-ken,22216,,22_Shizuoka-ken,22216,2024_Fukuroi-shi,87864,44534,43330,85789,2075,2.42,102.78,108.33,811.1,34072,34018,54,31453,2619,8.33,87864,86408,1456
2024,22_Shizuoka-ken,22216,2000.0,22_Shizuoka-ken,22216,2025_(Municipalities as of 2000) Fukuroi-shi,69738,35237,34501,67160,2578,3.84,102.13,80.1,870.6,27200,27153,47,24854,2346,9.44,69738,68410,1328
2025,22_Shizuoka-ken,22481,2000.0,22_Shizuoka-ken,22216,2026_(Municipalities as of 2000) Asaba-cho,18126,9297,8829,18629,-503,-2.70,105.30,28.46,636.9,6872,6865,7,6599,273,4.14,18126,17998,128
2026,22_Shizuoka-ken,22219,2000.0,22_Shizuoka-ken,22219,2027_Shimoda-shi,20183,9675,10508,22916,-2733,-11.93,92.07,104.38,193.4,9641,9629,12,10397,-756,-7.27,20183,19721,462
2027,22_Shizuoka-ken,22220,2000.0,22_Shizuoka-ken,22220,2028_Susono-shi,50911,25773,25138,52737,-1826,-3.46,102.53,138.12,368.6,20717,20694,23,20792,-75,-0.36,50911,49861,1050
2028,22_Shizuoka-ken,22221,,22_Shizuoka-ken,22221,2029_Kosai-shi,57885,29625,28260,59789,-1904,-3.18,104.83,86.56,668.7,23005,22984,21,22546,459,2.04,57885,57172,713
2029,22_Shizuoka-ken,22221,2000.0,22_Shizuoka-ken,22221,2030_(Municipalities as of 2000) Kosai-shi,42148,21663,20485,43251,-1103,-2.55,105.75,55.08,765.2,16815,16799,16,16404,411,2.51,42148,41692,456
2030,22_Shizuoka-ken,22503,2000.0,22_Shizuoka-ken,22221,2031_(Municipalities as of 2000) Arai-cho,15737,7962,7775,16538,-801,-4.84,102.41,13.47,1168.3,6190,6185,5,6142,48,0.78,15737,15480,257
2031,22_Shizuoka-ken,22222,,22_Shizuoka-ken,22222,2032_Izu-shi,28190,13342,14848,31317,-3127,-9.98,89.86,363.97,77.5,11449,11423,26,12158,-709,-5.83,28190,27055,1135
2032,22_Shizuoka-ken,22322,2000.0,22_Shizuoka-ken,22222,2033_(Municipalities as of 2000) Shuzenji-cho,13191,6251,6940,14317,-1126,-7.86,90.07,69.4,190.1,5242,5233,9,5481,-239,-4.36,13191,12760,431
2033,22_Shizuoka-ken,22324,2000.0,22_Shizuoka-ken,22222,2034_(Municipalities as of 2000) Toi-cho,3056,1439,1617,3734,-678,-18.16,88.99,49.41,61.8,1432,1429,3,1669,-237,-14.20,3056,2950,106
2034,22_Shizuoka-ken,22328,2000.0,22_Shizuoka-ken,22222,2035_(Municipalities as of 2000) Amagiyugashima-cho,5506,2520,2986,6119,-613,-10.02,84.39,135.14,40.7,2114,2108,6,2248,-134,-5.96,5506,5160,346
2035,22_Shizuoka-ken,22329,2000.0,22_Shizuoka-ken,22222,2036_(Municipalities as of 2000) Nakaizu-cho,6437,3132,3305,7147,-710,-9.93,94.77,110.02,58.5,2661,2653,8,2760,-99,-3.59,6437,6185,252
2036,22_Shizuoka-ken,22223,,22_Shizuoka-ken,22223,2037_Omaezaki-shi,31103,15803,15300,32578,-1475,-4.53,103.29,65.56,474.4,11500,11484,16,11345,155,1.37,31103,30466,637
2037,22_Shizuoka-ken,22421,2000.0,22_Shizuoka-ken,22223,2038_(Municipalities as of 2000) Omaezaki-cho,9448,4651,4797,9931,-483,-4.86,96.96,12.18,775.7,3120,3114,6,3119,1,0.03,9448,9192,256
2038,22_Shizuoka-ken,22444,2000.0,22_Shizuoka-ken,22223,2039_(Municipalities as of 2000) Hamaoka-cho,21655,11152,10503,22647,-992,-4.38,106.18,53.57,404.2,8380,8370,10,8226,154,1.87,21655,21274,381
2039,22_Shizuoka-ken,22224,,22_Shizuoka-ken,22224,2040_Kikugawa-shi,47789,24173,23616,46763,1026,2.19,102.36,94.19,507.4,17759,17732,27,16095,1664,10.34,47789,47039,750
2040,22_Shizuoka-ken,22445,2000.0,22_Shizuoka-ken,22224,2041_(Municipalities as of 2000) Ogasa-cho,14642,7425,7217,14336,306,2.13,102.88,30.36,482.3,5225,5210,15,4702,523,11.12,14642,14340,302
2041,22_Shizuoka-ken,22446,2000.0,22_Shizuoka-ken,22224,2042_(Municipalities as of 2000) Kikugawa-cho,33147,16748,16399,32427,720,2.22,102.13,63.88,518.9,12534,12522,12,11393,1141,10.01,33147,32699,448
2042,22_Shizuoka-ken,22225,,22_Shizuoka-ken,22225,2043_Izunokuni-shi,46804,22459,24345,48152,-1348,-2.80,92.25,94.62,494.7,19085,19051,34,18677,408,2.18,46804,45743,1061
2043,22_Shizuoka-ken,22321,2000.0,22_Shizuoka-ken,22225,2044_(Municipalities as of 2000) Izunagaoka-cho,13947,6543,7404,14466,-519,-3.59,88.37,16.52,844.2,5911,5892,19,5847,64,1.09,13947,13463,484
2044,22_Shizuoka-ken,22326,2000.0,22_Shizuoka-ken,22225,2045_(Municipalities as of 2000) Nirayama-cho,19014,9199,9815,19349,-335,-1.73,93.72,34.63,549.1,7648,7639,9,7347,301,4.10,19014,18688,326
2045,22_Shizuoka-ken,22327,2000.0,22_Shizuoka-ken,22225,2046_(Municipalities as of 2000) Ohito-cho,13843,6717,7126,14337,-494,-3.45,94.26,43.56,317.8,5526,5520,6,5483,43,0.78,13843,13592,251
2046,22_Shizuoka-ken,22226,,22_Shizuoka-ken,22226,2047_Makinohara-shi,43502,21414,22088,45547,-2045,-4.49,96.95,111.69,389.5,15904,15881,23,15416,488,3.17,43502,42782,720
2047,22_Shizuoka-ken,22422,2000.0,22_Shizuoka-ken,22226,2048_(Municipalities as of 2000) Sagara-cho,21204,10467,10737,22564,-1360,-6.03,97.49,58.05,365.3,7658,7647,11,7475,183,2.45,21204,20863,341
2048,22_Shizuoka-ken,22423,2000.0,22_Shizuoka-ken,22226,2049_(Municipalities as of 2000) Haibara-cho,22298,10947,11351,22983,-685,-2.98,96.44,53.36,417.9,8246,8234,12,7941,305,3.84,22298,21919,379
2049,22_Shizuoka-ken,22301,2000.0,22_Shizuoka-ken,22301,2050_Higashiizu-cho,11488,5440,6048,12624,-1136,-9.00,89.95,77.81,147.6,5502,5486,16,5620,-118,-2.10,11488,10952,536
2050,22_Shizuoka-ken,22302,2000.0,22_Shizuoka-ken,22302,2051_Kawazu-cho,6870,3317,3553,7303,-433,-5.93,93.36,100.69,68.2,2936,2933,3,2919,17,0.58,6870,6595,275
2051,22_Shizuoka-ken,22304,2000.0,22_Shizuoka-ken,22304,2052_Minamiizu-cho,7877,3722,4155,8524,-647,-7.59,89.58,109.94,71.6,3314,3305,9,3435,-121,-3.52,7877,7324,553
2052,22_Shizuoka-ken,22305,2000.0,22_Shizuoka-ken,22305,2053_Matsuzaki-cho,6038,2837,3201,6837,-799,-11.69,88.63,85.19,70.9,2663,2660,3,2832,-169,-5.97,6038,5907,131
2053,22_Shizuoka-ken,22306,,22_Shizuoka-ken,22306,2054_Nishiizu-cho,7090,3352,3738,8234,-1144,-13.89,89.67,105.54,67.2,3400,3397,3,3673,-273,-7.43,7090,6976,114
2054,22_Shizuoka-ken,22306,2000.0,22_Shizuoka-ken,22306,2055_(Municipalities as of 2000) Nishiizu-cho,4802,2256,2546,5592,-790,-14.13,88.61,65.88,72.9,2314,2313,1,2508,-194,-7.74,4802,4764,38
2055,22_Shizuoka-ken,22307,2000.0,22_Shizuoka-ken,22306,2056_(Municipalities as of 2000) Kamo-mura,2288,1096,1192,2642,-354,-13.40,91.95,39.64,57.7,1086,1084,2,1165,-79,-6.78,2288,2212,76
2056,22_Shizuoka-ken,22325,2000.0,22_Shizuoka-ken,22325,2057_Kannami-cho,36794,17916,18878,37661,-867,-2.30,94.90,65.16,564.7,14780,14757,23,14317,463,3.23,36794,35712,1082
2057,22_Shizuoka-ken,22341,2000.0,22_Shizuoka-ken,22341,2058_Shimizu-cho,31710,15388,16322,32118,-408,-1.27,94.28,8.81,3599.3,12973,12956,17,12363,610,4.93,31710,30993,717
2058,22_Shizuoka-ken,22342,2000.0,22_Shizuoka-ken,22342,2059_Nagaizumi-cho,43336,21434,21902,42331,1005,2.37,97.86,26.63,1627.3,17482,17455,27,16427,1055,6.42,43336,42481,855
2059,22_Shizuoka-ken,22344,2000.0,22_Shizuoka-ken,22344,2060_Oyama-cho,18568,9845,8723,19497,-929,-4.76,112.86,135.74,136.8,6442,6367,75,6431,11,0.17,18568,16548,2020
2060,22_Shizuoka-ken,22424,2000.0,22_Shizuoka-ken,22424,2061_Yoshida-cho,28919,14413,14506,29093,-174,-0.60,99.36,20.73,1395.0,11265,11259,6,10244,1021,9.97,28919,28570,349
2061,22_Shizuoka-ken,22429,,22_Shizuoka-ken,22429,2062_Kawanehon-cho,6206,3055,3151,7192,-986,-13.71,96.95,496.88,12.5,2639,2632,7,2883,-244,-8.46,6206,6060,146
2062,22_Shizuoka-ken,22427,2000.0,22_Shizuoka-ken,22429,2063_(Municipalities as of 2000) Nakakawane-cho,4243,2055,2188,4898,-655,-13.37,93.92,121.37,35.0,1676,1670,6,1845,-169,-9.16,4243,4119,124
2063,22_Shizuoka-ken,22428,2000.0,22_Shizuoka-ken,22429,2064_(Municipalities as of 2000) Honkawane-cho,1963,1000,963,2294,-331,-14.43,103.84,375.35,5.2,963,962,1,1038,-75,-7.23,1963,1941,22
2064,22_Shizuoka-ken,22461,2000.0,22_Shizuoka-ken,22461,2065_Mori-machi,17457,8699,8758,18528,-1071,-5.78,99.33,133.91,130.4,6242,6235,7,6133,109,1.78,17457,17222,235
2065,23_Aichi-ken,23000,2000.0,23_Aichi-ken,23000,2066_Aichi-ken,7542415,3761502,3780913,7483128,59287,0.79,99.49,5173.07,1458.0,3238301,3233126,5175,3063833,174468,5.69,7542415,7412091,130324
2066,23_Aichi-ken,23100,2000.0,23_Aichi-ken,23100,2067_Nagoya-shi,2332176,1146669,1185507,2295638,36538,1.59,96.72,326.5,7143.0,1122103,1119847,2256,1058497,63606,6.01,2332176,2285792,46384
2067,23_Aichi-ken,23101,2000.0,23_Aichi-ken,23101,2068_Nagoya-shi Chikusa-ku,165245,80239,85006,164696,549,0.33,94.39,18.18,9089.4,86281,86205,76,85028,1253,1.47,165245,163279,1966
2068,23_Aichi-ken,23102,2000.0,23_Aichi-ken,23102,2069_Nagoya-shi Higashi-ku,84392,40483,43909,78043,6349,8.14,92.20,7.71,10945.8,45762,45719,43,41311,4451,10.77,84392,83209,1183
2069,23_Aichi-ken,23103,2000.0,23_Aichi-ken,23103,2070_Nagoya-shi Kita-ku,162956,79185,83771,163579,-623,-0.38,94.53,17.53,9295.8,79169,79067,102,75428,3741,4.96,162956,160050,2906
2070,23_Aichi-ken,23104,2000.0,23_Aichi-ken,23104,2071_Nagoya-shi Nishi-ku,151082,74787,76295,149098,1984,1.33,98.02,17.93,8426.2,74257,74170,87,70078,4179,5.96,151082,148773,2309
2071,23_Aichi-ken,23105,2000.0,23_Aichi-ken,23105,2072_Nagoya-shi Nakamura-ku,138599,70094,68505,133206,5393,4.05,102.32,16.3,8503.0,74793,74572,221,66039,8754,13.26,138599,135103,3496
2072,23_Aichi-ken,23106,2000.0,23_Aichi-ken,23106,2073_Nagoya-shi Naka-ku,93100,46086,47014,83203,9897,11.90,98.03,9.38,9925.4,63159,63022,137,53533,9626,17.98,93100,91682,1418
2073,23_Aichi-ken,23107,2000.0,23_Aichi-ken,23107,2074_Nagoya-shi Showa-ku,107599,52961,54638,107170,429,0.40,96.93,10.94,9835.4,55059,54971,88,55108,-49,-0.09,107599,105445,2154
2074,23_Aichi-ken,23108,2000.0,23_Aichi-ken,23108,2075_Nagoya-shi Mizuho-ku,108332,51984,56348,105357,2975,2.82,92.26,11.22,9655.3,51641,51581,60,48629,3012,6.19,108332,106781,1551
2075,23_Aichi-ken,23109,2000.0,23_Aichi-ken,23109,2076_Nagoya-shi Atsuta-ku,66957,33400,33557,65895,1062,1.61,99.53,8.2,8165.5,33791,33741,50,31884,1907,5.98,66957,65649,1308
2076,23_Aichi-ken,23110,2000.0,23_Aichi-ken,23110,2077_Nagoya-shi Nakagawa-ku,220728,108929,111799,220281,447,0.20,97.43,32.02,6893.4,101148,101018,130,95495,5653,5.92,220728,216739,3989
2077,23_Aichi-ken,23111,2000.0,23_Aichi-ken,23111,2078_Nagoya-shi Minato-ku,143715,72197,71518,146745,-3030,-2.06,100.95,45.69,3145.4,63885,63790,95,61713,2172,3.52,143715,140508,3207
2078,23_Aichi-ken,23112,2000.0,23_Aichi-ken,23112,2079_Nagoya-shi Minami-ku,134510,68355,66155,136935,-2425,-1.77,103.33,18.46,7286.6,62606,62270,336,61064,1542,2.53,134510,131305,3205
2079,23_Aichi-ken,23113,2000.0,23_Aichi-ken,23113,2080_Nagoya-shi Moriyama-ku,176587,86087,90500,172845,3742,2.16,95.12,34.01,5192.2,74939,74701,238,69687,5252,7.54,176587,170067,6520
2080,23_Aichi-ken,23114,2000.0,23_Aichi-ken,23114,2081_Nagoya-shi Midori-ku,248802,121993,126809,241822,6980,2.89,96.20,37.91,6563.0,101566,101206,360,95210,6356,6.68,248802,244862,3940
2081,23_Aichi-ken,23115,2000.0,23_Aichi-ken,23115,2082_Nagoya-shi Meito-ku,164755,78867,85888,164080,675,0.41,91.83,19.45,8470.7,75958,75864,94,73922,2036,2.75,164755,161592,3163
2082,23_Aichi-ken,23116,2000.0,23_Aichi-ken,23116,2083_Nagoya-shi Tempaku-ku,164817,81022,83795,162683,2134,1.31,96.69,21.58,7637.5,78089,77950,139,74368,3721,5.00,164817,160748,4069
2083,23_Aichi-ken,23201,2000.0,23_Aichi-ken,23201,2084_Toyohashi-shi,371920,186160,185760,374765,-2845,-0.76,100.22,261.86,1420.3,151377,151163,214,144222,7155,4.96,371920,364748,7172
2084,23_Aichi-ken,23202,,23_Aichi-ken,23202,2085_Okazaki-shi,384654,193719,190935,381051,3603,0.95,101.46,387.2,993.4,156619,156422,197,147418,9201,6.24,384654,379431,5223
2085,23_Aichi-ken,23202,2000.0,23_Aichi-ken,23202,2086_(Municipalities as of 2000) Okazaki-shi,377123,190037,187086,372942,4181,1.12,101.58,226.97,1661.6,154038,153847,191,144819,9219,6.37,377123,372166,4957
2086,23_Aichi-ken,23502,2000.0,23_Aichi-ken,23202,2087_(Municipalities as of 2000) Nukata-cho,7531,3682,3849,8109,-578,-7.13,95.66,160.27,47.0,2581,2575,6,2599,-18,-0.69,7531,7265,266
2087,23_Aichi-ken,23203,,23_Aichi-ken,23203,2088_Ichinomiya-shi,380073,184934,195139,380868,-795,-0.21,94.77,113.82,3339.2,152075,151843,232,142480,9595,6.73,380073,373627,6446
2088,23_Aichi-ken,23203,2000.0,23_Aichi-ken,23203,2089_(Municipalities as of 2000) Ichinomiya-shi,288304,140262,148042,289132,-828,-0.29,94.74,82.39,3499.3,116576,116426,150,109311,7265,6.65,288304,283585,4719
2089,23_Aichi-ken,23218,2000.0,23_Aichi-ken,23203,2090_(Municipalities as of 2000) Bisai-shi,57865,28078,29787,58194,-329,-0.57,94.26,22.01,2629.0,22181,22112,69,20885,1296,6.21,57865,56535,1330
2090,23_Aichi-ken,23381,2000.0,23_Aichi-ken,23203,2091_(Municipalities as of 2000) Kisogawa-cho,33904,16594,17310,33542,362,1.08,95.86,9.51,3565.1,13318,13305,13,12284,1034,8.42,33904,33507,397
2091,23_Aichi-ken,23204,2000.0,23_Aichi-ken,23204,2092_Seto-shi,127792,62586,65206,129046,-1254,-0.97,95.98,111.4,1147.1,52273,52184,89,50327,1946,3.87,127792,125350,2442
2092,23_Aichi-ken,23205,2000.0,23_Aichi-ken,23205,2093_Handa-shi,117884,59364,58520,116908,976,0.83,101.44,47.42,2486.0,49006,48938,68,46281,2725,5.89,117884,115930,1954
2093,23_Aichi-ken,23206,2000.0,23_Aichi-ken,23206,2094_Kasugai-shi,308681,152320,156361,306508,2173,0.71,97.42,92.78,3327.0,131000,130809,191,124291,6709,5.40,308681,303053,5628
2094,23_Aichi-ken,23207,,23_Aichi-ken,23207,2095_Toyokawa-shi,184661,91964,92697,182436,2225,1.22,99.21,161.14,1146.0,72220,72002,218,67976,4244,6.24,184661,180464,4197
2095,23_Aichi-ken,23207,2000.0,23_Aichi-ken,23207,2096_(Municipalities as of 2000) Toyokawa-shi,124997,62344,62653,122806,2191,1.78,99.51,65.44,1910.1,50244,50077,167,47217,3027,6.41,124997,122112,2885
2096,23_Aichi-ken,23601,2000.0,23_Aichi-ken,23207,2097_(Municipalities as of 2000) Otowa-cho,8685,4244,4441,8847,-162,-1.83,95.56,29.65,292.9,3048,3042,6,2946,102,3.46,8685,8433,252
2097,23_Aichi-ken,23602,2000.0,23_Aichi-ken,23207,2098_(Municipalities as of 2000) Ichinomiya-cho,16295,8218,8077,16087,208,1.29,101.75,36.61,445.1,5793,5766,27,5416,377,6.96,16295,15777,518
2098,23_Aichi-ken,23603,2000.0,23_Aichi-ken,23207,2099_(Municipalities as of 2000) Kozakai-cho,21509,10659,10850,21497,12,0.06,98.24,9.92,2168.2,8272,8259,13,7819,453,5.79,21509,21138,371
2099,23_Aichi-ken,23604,2000.0,23_Aichi-ken,23207,2100_(Municipalities as of 2000) Mito-cho,13175,6499,6676,13199,-24,-0.18,97.35,18.73,703.4,4863,4858,5,4578,285,6.23,13175,13004,171
2100,23_Aichi-ken,23208,2000.0,23_Aichi-ken,23208,2101_Tsushima-shi,60942,29664,31278,63431,-2489,-3.92,94.84,25.09,2428.9,24258,24212,46,23833,425,1.78,60942,59343,1599
2101,23_Aichi-ken,23209,2000.0,23_Aichi-ken,23209,2102_Hekinan-shi,72458,37286,35172,71346,1112,1.56,106.01,36.68,1975.4,28277,28258,19,26477,1800,6.80,72458,71666,792
2102,23_Aichi-ken,23210,2000.0,23_Aichi-ken,23210,2103_Kariya-shi,153834,80203,73631,149765,4069,2.72,108.93,50.39,3052.9,67708,67646,62,62476,5232,8.37,153834,151798,2036
2103,23_Aichi-ken,23211,,23_Aichi-ken,23211,2104_Toyota-shi,422330,220716,201614,422542,-212,-0.05,109.47,918.32,459.9,176840,176644,196,169598,7242,4.27,422330,416945,5385
2104,23_Aichi-ken,23211,2000.0,23_Aichi-ken,23211,2105_(Municipalities as of 2000) Toyota-shi,384488,201910,182578,382293,2195,0.57,110.59,290.11,1325.3,163184,163016,168,156001,7183,4.60,384488,379785,4703
2105,23_Aichi-ken,23522,2000.0,23_Aichi-ken,23211,2106_(Municipalities as of 2000) Fujioka-cho,18864,9572,9292,19097,-233,-1.22,103.01,65.58,287.6,6561,6551,10,6299,262,4.16,18864,18610,254
2106,23_Aichi-ken,23523,2000.0,23_Aichi-ken,23211,2107_(Municipalities as of 2000) Obara-mura,3317,1623,1694,3716,-399,-10.74,95.81,74.54,44.5,1213,1204,9,1239,-26,-2.10,3317,3109,208
2107,23_Aichi-ken,23541,2000.0,23_Aichi-ken,23211,2108_(Municipalities as of 2000) Asuke-cho,7108,3442,3666,7892,-784,-9.93,93.89,193.27,36.8,2520,2515,5,2601,-81,-3.11,7108,6948,160
2108,23_Aichi-ken,23543,2000.0,23_Aichi-ken,23211,2109_(Municipalities as of 2000) Shimoyama-mura,3997,1967,2030,4484,-487,-10.86,96.90,114.18,35.0,1457,1457,NULL,1503,-46,-3.06,3997,3997,NULL
2109,23_Aichi-ken,23544,2000.0,23_Aichi-ken,23211,2110_(Municipalities as of 2000) Asahi-cho,2450,1188,1262,2692,-242,-8.99,94.14,82.16,29.8,981,979,2,999,-18,-1.80,2450,2424,26
2110,23_Aichi-ken,23566,2000.0,23_Aichi-ken,23211,2111_(Municipalities as of 2000) Inabu-cho,2106,1014,1092,2368,-262,-11.06,92.86,98.63,21.4,924,922,2,956,-32,-3.35,2106,2072,34
2111,23_Aichi-ken,23212,2000.0,23_Aichi-ken,23212,2112_Anjo-shi,187990,96093,91897,184140,3850,2.09,104.57,86.05,2184.7,75310,75253,57,70862,4448,6.28,187990,186325,1665
2112,23_Aichi-ken,23213,,23_Aichi-ken,23213,2113_Nishio-shi,169046,85594,83452,167990,1056,0.63,102.57,161.22,1048.5,62024,61910,114,58951,3073,5.21,169046,166692,2354
2113,23_Aichi-ken,23213,2000.0,23_Aichi-ken,23213,2114_(Municipalities as of 2000) Nishio-shi,113523,58044,55479,111167,2356,2.12,104.62,75.78,1498.1,42873,42790,83,40618,2255,5.55,113523,111722,1801
2114,23_Aichi-ken,23481,2000.0,23_Aichi-ken,23213,2115_(Municipalities as of 2000) Isshiki-cho,22671,11210,11461,23231,-560,-2.41,97.81,22.44,1010.3,7730,7719,11,7368,362,4.91,22671,22420,251
2115,23_Aichi-ken,23482,2000.0,23_Aichi-ken,23213,2116_(Municipalities as of 2000) Kira-cho,21705,10840,10865,21916,-211,-0.96,99.77,35.98,603.3,7503,7490,13,7180,323,4.50,21705,21530,175
2116,23_Aichi-ken,23483,2000.0,23_Aichi-ken,23213,2117_(Municipalities as of 2000) Hazu-cho,11147,5500,5647,11676,-529,-4.53,97.40,26.04,428.1,3918,3911,7,3785,133,3.51,11147,11020,127
2117,23_Aichi-ken,23214,2000.0,23_Aichi-ken,23214,2118_Gamagori-shi,79538,39336,40202,81100,-1562,-1.93,97.85,56.92,1397.4,30970,30879,91,29950,1020,3.41,79538,77491,2047
2118,23_Aichi-ken,23215,2000.0,23_Aichi-ken,23215,2119_Inuyama-shi,73090,36240,36850,74308,-1218,-1.64,98.34,74.9,975.8,29453,29394,59,28269,1184,4.19,73090,71397,1693
2119,23_Aichi-ken,23216,2000.0,23_Aichi-ken,23216,2120_Tokoname-shi,58710,28575,30135,56547,2163,3.83,94.82,55.9,1050.3,24566,24537,29,22506,2060,9.15,58710,58039,671
2120,23_Aichi-ken,23217,2000.0,23_Aichi-ken,23217,2121_Konan-shi,98255,47920,50335,98359,-104,-0.11,95.20,30.2,3253.5,38697,38655,42,37130,1567,4.22,98255,96850,1405
2121,23_Aichi-ken,23219,2000.0,23_Aichi-ken,23219,2122_Komaki-shi,148831,75290,73541,149462,-631,-0.42,102.38,62.81,2369.5,62633,62568,65,59383,3250,5.47,148831,146234,2597
2122,23_Aichi-ken,23220,,23_Aichi-ken,23220,2123_Inazawa-shi,134751,66415,68336,136867,-2116,-1.55,97.19,79.35,1698.2,52005,51909,96,49986,2019,4.04,134751,132550,2201
2123,23_Aichi-ken,23220,2000.0,23_Aichi-ken,23220,2124_(Municipalities as of 2000) Inazawa-shi,102052,50275,51777,102646,-594,-0.58,97.10,48.35,2110.7,40291,40220,71,38653,1638,4.24,102052,100729,1323
2124,23_Aichi-ken,23401,2000.0,23_Aichi-ken,23220,2125_(Municipalities as of 2000) Sobue-cho,20387,10096,10291,21328,-941,-4.41,98.11,22.12,921.7,7375,7363,12,7073,302,4.27,20387,20017,370
2125,23_Aichi-ken,23402,2000.0,23_Aichi-ken,23220,2126_(Municipalities as of 2000) Heiwa-cho,12312,6044,6268,12893,-581,-4.51,96.43,8.83,1394.3,4339,4326,13,4260,79,1.85,12312,11804,508
2126,23_Aichi-ken,23221,,23_Aichi-ken,23221,2127_Shinshiro-shi,44355,22002,22353,47133,-2778,-5.89,98.43,499.23,88.8,16633,16593,40,16454,179,1.09,44355,43318,1037
2127,23_Aichi-ken,23221,2000.0,23_Aichi-ken,23221,2128_(Municipalities as of 2000) Shinshiro-shi,32200,16129,16071,33668,-1468,-4.36,100.36,117.94,273.0,12112,12086,26,11723,389,3.32,32200,31742,458
2128,23_Aichi-ken,23581,2000.0,23_Aichi-ken,23221,2129_(Municipalities as of 2000) Horai-cho,9916,4800,5116,11029,-1113,-10.09,93.82,263.66,37.6,3616,3604,12,3821,-205,-5.37,9916,9357,559
2129,23_Aichi-ken,23582,2000.0,23_Aichi-ken,23221,2130_(Municipalities as of 2000) Tsukude-mura,2239,1073,1166,2436,-197,-8.09,92.02,117.4,19.1,905,903,2,910,-5,-0.55,2239,2219,20
2130,23_Aichi-ken,23222,2000.0,23_Aichi-ken,23222,2131_Tokai-shi,113787,59158,54629,111944,1843,1.65,108.29,43.43,2620.0,49077,49045,32,46371,2706,5.84,113787,112690,1097
2131,23_Aichi-ken,23223,2000.0,23_Aichi-ken,23223,2132_Obu-shi,93123,47374,45749,89157,3966,4.45,103.55,33.66,2766.6,38310,38274,36,35669,2641,7.40,93123,91801,1322
2132,23_Aichi-ken,23224,2000.0,23_Aichi-ken,23224,2133_Chita-shi,84364,42346,42018,84617,-253,-0.30,100.78,45.9,1838.0,34025,33994,31,33009,1016,3.08,84364,83243,1121
2133,23_Aichi-ken,23225,2000.0,23_Aichi-ken,23225,2134_Chiryu-shi,72193,38127,34066,70501,1692,2.40,111.92,16.31,4426.3,31694,31671,23,29312,2382,8.13,72193,71574,619
2134,23_Aichi-ken,23226,2000.0,23_Aichi-ken,23226,2135_Owariasahi-shi,83144,40453,42691,80787,2357,2.92,94.76,21.03,3953.6,33977,33925,52,31806,2171,6.83,83144,81982,1162
2135,23_Aichi-ken,23227,2000.0,23_Aichi-ken,23227,2136_Takahama-shi,46106,23790,22316,46236,-130,-0.28,106.61,13.11,3516.9,18239,18225,14,17684,555,3.14,46106,45577,529
2136,23_Aichi-ken,23228,2000.0,23_Aichi-ken,23228,2137_Iwakura-shi,47983,23866,24117,47562,421,0.89,98.96,10.47,4582.9,21498,21478,20,20390,1108,5.43,47983,47476,507
2137,23_Aichi-ken,23229,2000.0,23_Aichi-ken,23229,2138_Toyoake-shi,69295,35061,34234,69127,168,0.24,102.42,23.22,2984.3,29101,29069,32,27504,1597,5.81,69295,67719,1576
2138,23_Aichi-ken,23230,2000.0,23_Aichi-ken,23230,2139_Nisshin-shi,91520,45149,46371,87977,3543,4.03,97.36,34.91,2621.6,36460,36416,44,34210,2250,6.58,91520,90049,1471
2139,23_Aichi-ken,23231,,23_Aichi-ken,23231,2140_Tahara-shi,59360,30138,29222,62364,-3004,-4.82,103.13,191.12,310.6,21300,21272,28,21640,-340,-1.57,59360,58443,917
2140,23_Aichi-ken,23621,2000.0,23_Aichi-ken,23231,2141_(Municipalities as of 2000) Tahara-cho,36793,19255,17538,37928,-1135,-2.99,109.79,82.86,444.0,14082,14061,21,14318,-236,-1.65,36793,36150,643
2141,23_Aichi-ken,23622,2000.0,23_Aichi-ken,23231,2142_(Municipalities as of 2000) Akabane-cho,5091,2444,2647,5406,-315,-5.83,92.33,23.54,216.3,1587,1585,2,1547,40,2.59,5091,5042,49
2142,23_Aichi-ken,23623,2000.0,23_Aichi-ken,23231,2143_(Municipalities as of 2000) Atsumi-cho,17476,8439,9037,19030,-1554,-8.17,93.38,82.18,212.7,5631,5626,5,5775,-144,-2.49,17476,17251,225
2143,23_Aichi-ken,23232,,23_Aichi-ken,23232,2144_Aisai-shi,60829,29536,31293,63088,-2259,-3.58,94.39,66.68,912.3,21718,21690,28,21131,587,2.78,60829,59965,864
2144,23_Aichi-ken,23429,2000.0,23_Aichi-ken,23232,2145_(Municipalities as of 2000) Saya-cho,28230,13758,14472,28936,-706,-2.44,95.07,18.65,1513.7,10253,10245,8,9872,381,3.86,28230,27915,315
2145,23_Aichi-ken,23430,2000.0,23_Aichi-ken,23232,2146_(Municipalities as of 2000) Tatsuta-mura,6920,3358,3562,7405,-485,-6.55,94.27,24.67,280.5,2251,2248,3,2233,18,0.81,6920,6809,111
2146,23_Aichi-ken,23431,2000.0,23_Aichi-ken,23232,2147_(Municipalities as of 2000) Hachikai-mura,4314,2090,2224,4519,-205,-4.54,93.97,12.19,353.9,1339,1334,5,1313,26,1.98,4314,4121,193
2147,23_Aichi-ken,23432,2000.0,23_Aichi-ken,23232,2148_(Municipalities as of 2000) Saori-cho,21365,10330,11035,22228,-863,-3.88,93.61,11.12,1921.3,7875,7863,12,7713,162,2.10,21365,21120,245
2148,23_Aichi-ken,23233,,23_Aichi-ken,23233,2149_Kiyosu-shi,67352,33520,33832,67327,25,0.04,99.08,17.35,3882.0,28929,28907,22,27056,1873,6.92,67352,66314,1038
2149,23_Aichi-ken,23341,2000.0,23_Aichi-ken,23233,2150_(Municipalities as of 2000) Nishibiwajima-cho,17602,8860,8742,17315,287,1.66,101.35,3.36,5238.7,7955,7952,3,7336,619,8.44,17602,17499,103
2150,23_Aichi-ken,23345,2000.0,23_Aichi-ken,23233,2151_(Municipalities as of 2000) Haruhi-cho,8530,4362,4168,8493,37,0.44,104.65,4.01,2127.2,3249,3240,9,3001,248,8.26,8530,7882,648
2151,23_Aichi-ken,23346,2000.0,23_Aichi-ken,23233,2152_(Municipalities as of 2000) Kiyosu-cho,23317,11465,11852,22768,549,2.41,96.73,5.25,4441.3,9920,9915,5,9240,680,7.36,23317,23153,164
2152,23_Aichi-ken,23347,2000.0,23_Aichi-ken,23233,2153_(Municipalities as of 2000) Shinkawa-cho,17903,8833,9070,18751,-848,-4.52,97.39,4.7,3809.1,7805,7800,5,7479,326,4.36,17903,17780,123
2153,23_Aichi-ken,23234,,23_Aichi-ken,23234,2154_Kitanagoya-shi,86385,43041,43344,84133,2252,2.68,99.30,18.37,4702.5,36117,36085,32,33742,2375,7.04,86385,85379,1006
2154,23_Aichi-ken,23343,2000.0,23_Aichi-ken,23234,2155_(Municipalities as of 2000) Shikatsu-cho,48079,23790,24289,46793,1286,2.75,97.95,8.39,5730.5,19665,19648,17,18337,1328,7.24,48079,47543,536
2155,23_Aichi-ken,23344,2000.0,23_Aichi-ken,23234,2156_(Municipalities as of 2000) Nishiharu-cho,38306,19251,19055,37340,966,2.59,101.03,9.98,3838.3,16452,16437,15,15405,1047,6.80,38306,37836,470
2156,23_Aichi-ken,23235,,23_Aichi-ken,23235,2157_Yatomi-shi,43025,21465,21560,43269,-244,-0.56,99.56,49.11,876.1,17066,17038,28,16050,1016,6.33,43025,42372,653
2157,23_Aichi-ken,23426,2000.0,23_Aichi-ken,23235,2158_(Municipalities as of 2000) Jushiyama-mura,5104,2457,2647,5355,-251,-4.69,92.82,9.97,511.9,1718,1711,7,1656,62,3.74,5104,4897,207
2158,23_Aichi-ken,23428,2000.0,23_Aichi-ken,23235,2159_(Municipalities as of 2000) Yatomi-cho,37921,19008,18913,37914,7,0.02,100.50,38.82,976.8,15348,15327,21,14394,954,6.63,37921,37475,446
2159,23_Aichi-ken,23521,,23_Aichi-ken,23236,2160_Miyoshi-shi,61952,32105,29847,61810,142,0.23,107.57,32.19,1924.6,24129,24094,35,22552,1577,6.99,61952,59782,2170
2160,23_Aichi-ken,23521,2000.0,23_Aichi-ken,23236,2161_(Municipalities as of 2000) Miyoshi-cho,61952,32105,29847,61810,142,0.23,107.57,32.11,1929.4,24129,24094,35,22552,1577,6.99,61952,59782,2170
2161,23_Aichi-ken,23237,,23_Aichi-ken,23237,2162_Ama-shi,86126,42561,43565,86898,-772,-0.89,97.70,27.49,3133.0,34041,34012,29,33190,851,2.56,86126,85010,1116
2162,23_Aichi-ken,23421,2000.0,23_Aichi-ken,23237,2163_(Municipalities as of 2000) Shippo-cho,21567,10598,10969,22300,-733,-3.29,96.62,8.33,2589.1,8486,8475,11,8418,68,0.81,21567,21210,357
2163,23_Aichi-ken,23422,2000.0,23_Aichi-ken,23237,2164_(Municipalities as of 2000) Miwa-cho,23308,11443,11865,23773,-465,-1.96,96.44,9.92,2349.6,9049,9044,5,8753,296,3.38,23308,23120,188
2164,23_Aichi-ken,23423,2000.0,23_Aichi-ken,23237,2165_(Municipalities as of 2000) Jimokuji-cho,41251,20520,20731,40825,426,1.04,98.98,9.33,4421.3,16506,16493,13,16019,487,3.04,41251,40680,571
2165,23_Aichi-ken,23304,,23_Aichi-ken,23238,2166_Nagakute-shi,60162,29144,31018,57598,2564,4.45,93.96,21.55,2791.7,26304,26278,26,25069,1235,4.93,60162,59334,828
2166,23_Aichi-ken,23304,2000.0,23_Aichi-ken,23238,2167_(Municipalities as of 2000) Nagakute-cho,60162,29144,31018,57598,2564,4.45,93.96,21.54,2793.0,26304,26278,26,25069,1235,4.93,60162,59334,828
2167,23_Aichi-ken,23302,2000.0,23_Aichi-ken,23302,2168_Togo-cho,43903,21931,21972,42858,1045,2.44,99.81,18.03,2435.0,16823,16795,28,15766,1057,6.70,43903,42728,1175
2168,23_Aichi-ken,23342,2000.0,23_Aichi-ken,23342,2169_Toyoyama-cho,15613,7937,7676,15177,436,2.87,103.40,6.18,2526.4,6598,6584,14,6181,417,6.75,15613,15489,124
2169,23_Aichi-ken,23361,2000.0,23_Aichi-ken,23361,2170_Oguchi-cho,24305,12261,12044,23274,1031,4.43,101.80,13.61,1785.8,9150,9137,13,8316,834,10.03,24305,23663,642
2170,23_Aichi-ken,23362,2000.0,23_Aichi-ken,23362,2171_Fuso-cho,34133,16839,17294,33806,327,0.97,97.37,11.19,3050.3,13509,13494,15,12679,830,6.55,34133,33780,353
2171,23_Aichi-ken,23424,2000.0,23_Aichi-ken,23424,2172_Oharu-cho,32399,16304,16095,30990,1409,4.55,101.30,6.59,4916.4,13468,13440,28,12105,1363,11.26,32399,32136,263
2172,23_Aichi-ken,23425,2000.0,23_Aichi-ken,23425,2173_Kanie-cho,37338,18428,18910,37085,253,0.68,97.45,11.09,3366.8,16104,16080,24,14971,1133,7.57,37338,36832,506
2173,23_Aichi-ken,23427,2000.0,23_Aichi-ken,23427,2174_Tobishima-mura,4575,2251,2324,4397,178,4.05,96.86,22.42,204.1,1506,1503,3,1259,247,19.62,4575,4390,185
2174,23_Aichi-ken,23441,2000.0,23_Aichi-ken,23441,2175_Agui-cho,28383,13965,14418,27747,636,2.29,96.86,23.8,1192.6,10134,10118,16,9627,507,5.27,28383,27822,561
2175,23_Aichi-ken,23442,2000.0,23_Aichi-ken,23442,2176_Higashiura-cho,49596,24726,24870,49230,366,0.74,99.42,31.14,1592.7,19406,19373,33,18524,882,4.76,49596,48575,1021
2176,23_Aichi-ken,23445,2000.0,23_Aichi-ken,23445,2177_Minamichita-cho,16617,8079,8538,18707,-2090,-11.17,94.62,38.37,433.1,6533,6519,14,6981,-448,-6.42,16617,16213,404
2177,23_Aichi-ken,23446,2000.0,23_Aichi-ken,23446,2178_Mihama-cho,22496,11213,11283,23575,-1079,-4.58,99.38,46.2,486.9,9530,9488,42,9314,216,2.32,22496,22125,371
2178,23_Aichi-ken,23447,2000.0,23_Aichi-ken,23447,2179_Taketoyo-cho,43535,22116,21419,42473,1062,2.50,103.25,26.38,1650.3,18122,18109,13,16724,1398,8.36,43535,43050,485
2179,23_Aichi-ken,23501,2000.0,23_Aichi-ken,23501,2180_Kota-cho,42449,21504,20945,39549,2900,7.33,102.67,56.72,748.4,15810,15786,24,13693,2117,15.46,42449,41622,827
2180,23_Aichi-ken,23561,,23_Aichi-ken,23561,2181_Shitara-cho,4437,2165,2272,5074,-637,-12.55,95.29,273.94,16.2,1845,1837,8,2015,-170,-8.44,4437,4182,255
2181,23_Aichi-ken,23561,2000.0,23_Aichi-ken,23561,2182_(Municipalities as of 2000) Shitara-cho,3426,1674,1752,3883,-457,-11.77,95.55,220.83,15.5,1408,1400,8,1518,-110,-7.25,3426,3171,255
2182,23_Aichi-ken,23565,2000.0,23_Aichi-ken,23561,2183_(Municipalities as of 2000) Tsugu-mura,1011,491,520,1191,-180,-15.11,94.42,53.13,19.0,437,437,NULL,497,-60,-12.07,1011,1011,NULL
2183,23_Aichi-ken,23562,2000.0,23_Aichi-ken,23562,2184_Toei-cho,2942,1417,1525,3446,-504,-14.63,92.92,123.38,23.8,1294,1289,5,1436,-142,-9.89,2942,2783,159
2184,23_Aichi-ken,23563,,23_Aichi-ken,23563,2185_Toyone-mura,1017,482,535,1135,-118,-10.40,90.09,155.88,6.5,437,435,2,490,-53,-10.82,1017,948,69
2185,23_Aichi-ken,23563,2000.0,23_Aichi-ken,23563,2186_(Municipalities as of 2000) Toyone-mura,955,450,505,1052,-97,-9.22,89.11,121.13,7.9,405,403,2,446,-41,-9.19,955,886,69
2186,23_Aichi-ken,23564,2000.0,23_Aichi-ken,23563,2187_(Municipalities as of 2000) Tomiyama-mura,62,32,30,83,-21,-25.30,106.67,34.78,1.8,32,32,NULL,44,-12,-27.27,62,62,NULL
2187,24_Mie-ken,24000,2000.0,24_Mie-ken,24000,2188_Mie-ken,1770254,864475,905779,1815865,-45611,-2.51,95.44,5774.49,306.6,742598,741183,1415,720292,22306,3.10,1770254,1728038,42216
2188,24_Mie-ken,24201,,24_Mie-ken,24201,2189_Tsu-shi,274537,133537,141000,279886,-5349,-1.91,94.71,711.19,386.0,117663,117385,278,114679,2984,2.60,274537,265670,8867
2189,24_Mie-ken,24201,2000.0,24_Mie-ken,24201,2190_(Municipalities as of 2000) Tsu-shi,157279,76674,80605,159379,-2100,-1.32,95.12,101.86,1544.1,70751,70594,157,68375,2376,3.47,157279,152711,4568
2190,24_Mie-ken,24213,2000.0,24_Mie-ken,24201,2191_(Municipalities as of 2000) Hisai-shi,44642,22057,22585,44389,253,0.57,97.66,68.2,654.6,18202,18148,54,17598,604,3.43,44642,42446,2196
2191,24_Mie-ken,24381,2000.0,24_Mie-ken,24201,2192_(Municipalities as of 2000) Kawage-cho,18024,8661,9363,18457,-433,-2.35,92.50,18.79,959.2,7160,7150,10,7183,-23,-0.32,18024,17775,249
2192,24_Mie-ken,24382,2000.0,24_Mie-ken,24201,2193_(Municipalities as of 2000) Geino-cho,8479,4155,4324,8427,52,0.62,96.09,64.57,131.3,3366,3360,6,3121,245,7.85,8479,8229,250
2193,24_Mie-ken,24383,2000.0,24_Mie-ken,24201,2194_(Municipalities as of 2000) Misato-mura,3138,1481,1657,3466,-328,-9.46,89.38,50.31,62.4,1184,1181,3,1237,-53,-4.28,3138,3065,73
2194,24_Mie-ken,24384,2000.0,24_Mie-ken,24201,2195_(Municipalities as of 2000) Ano-cho,10176,4825,5351,10508,-332,-3.16,90.17,36.93,275.5,3810,3800,10,3793,17,0.45,10176,9783,393
2195,24_Mie-ken,24402,2000.0,24_Mie-ken,24201,2196_(Municipalities as of 2000) Karasu-cho,4306,2082,2224,4584,-278,-6.06,93.62,3.9,1104.1,1697,1694,3,1670,27,1.62,4306,4218,88
2196,24_Mie-ken,24403,2000.0,24_Mie-ken,24201,2197_(Municipalities as of 2000) Ichishi-cho,14621,6971,7650,14743,-122,-0.83,91.12,47.66,306.8,5693,5679,14,5516,177,3.21,14621,14309,312
2197,24_Mie-ken,24404,2000.0,24_Mie-ken,24201,2198_(Municipalities as of 2000) Hakusan-cho,10232,4940,5292,11438,-1206,-10.54,93.35,111.86,91.5,4003,3988,15,4136,-133,-3.22,10232,9581,651
2198,24_Mie-ken,24406,2000.0,24_Mie-ken,24201,2199_(Municipalities as of 2000) Misugi-mura,3640,1691,1949,4495,-855,-19.02,86.76,206.7,17.6,1797,1791,6,2050,-253,-12.34,3640,3553,87
2199,24_Mie-ken,24202,,24_Mie-ken,24202,2200_Yokkaichi-shi,305424,152669,152755,311031,-5607,-1.80,99.94,206.52,1478.9,133331,133143,188,128309,5022,3.91,305424,300966,4458
2200,24_Mie-ken,24202,2000.0,24_Mie-ken,24202,2201_(Municipalities as of 2000) Yokkaichi-shi,295259,147597,147662,300312,-5053,-1.68,99.96,197.37,1496.0,128987,128802,185,124062,4925,3.97,295259,290874,4385
2201,24_Mie-ken,24342,2000.0,24_Mie-ken,24202,2202_(Municipalities as of 2000) Kusu-cho,10165,5072,5093,10719,-554,-5.17,99.59,7.76,1309.9,4344,4341,3,4247,97,2.28,10165,10092,73
2202,24_Mie-ken,24203,,24_Mie-ken,24203,2203_Ise-shi,122765,58161,64604,127817,-5052,-3.95,90.03,208.35,589.2,51580,51470,110,50938,642,1.26,122765,119571,3194
2203,24_Mie-ken,24203,2000.0,24_Mie-ken,24203,2204_(Municipalities as of 2000) Ise-shi,85157,40030,45127,90285,-5128,-5.68,88.71,178.97,475.8,36468,36387,81,36655,-187,-0.51,85157,82898,2259
2204,24_Mie-ken,24462,2000.0,24_Mie-ken,24203,2205_(Municipalities as of 2000) Futami-cho,8168,3863,4305,8747,-579,-6.62,89.73,11.94,684.1,3201,3196,5,3199,2,0.06,8168,7992,176
2205,24_Mie-ken,24463,2000.0,24_Mie-ken,24203,2206_(Municipalities as of 2000) Obata-cho,20713,10076,10637,19858,855,4.31,94.73,11.56,1791.8,8167,8150,17,7502,665,8.86,20713,20144,569
2206,24_Mie-ken,24468,2000.0,24_Mie-ken,24203,2207_(Municipalities as of 2000) Misono-mura,8727,4192,4535,8927,-200,-2.24,92.44,6.05,1442.5,3744,3737,7,3582,162,4.52,8727,8537,190
2207,24_Mie-ken,24204,,24_Mie-ken,24204,2208_Matsusaka-shi,159145,76360,82785,163863,-4718,-2.88,92.24,623.58,255.2,65481,65361,120,63948,1533,2.40,159145,155025,4120
2208,24_Mie-ken,24204,2000.0,24_Mie-ken,24204,2209_(Municipalities as of 2000) Matsusaka-shi,117569,56454,61115,121036,-3467,-2.86,92.37,209.65,560.8,48794,48697,97,47837,957,2.00,117569,114251,3318
2209,24_Mie-ken,24405,2000.0,24_Mie-ken,24204,2210_(Municipalities as of 2000) Ureshino-cho,19127,9141,9986,19483,-356,-1.83,91.54,77.99,245.2,7677,7671,6,7459,218,2.92,19127,18845,282
2210,24_Mie-ken,24407,2000.0,24_Mie-ken,24204,2211_(Municipalities as of 2000) Mikumo-cho,15107,7273,7834,14866,241,1.62,92.84,18.89,799.7,6009,6001,8,5437,572,10.52,15107,14881,226
2211,24_Mie-ken,24421,2000.0,24_Mie-ken,24204,2212_(Municipalities as of 2000) Iinan-cho,4211,2018,2193,4774,-563,-11.79,92.02,76.33,55.2,1620,1616,4,1693,-73,-4.31,4211,4050,161
2212,24_Mie-ken,24422,2000.0,24_Mie-ken,24204,2213_(Municipalities as of 2000) Iitaka-cho,3131,1474,1657,3704,-573,-15.47,88.96,240.94,13.0,1381,1376,5,1522,-141,-9.26,3131,2998,133
2213,24_Mie-ken,24205,,24_Mie-ken,24205,2214_Kuwana-shi,138613,68084,70529,140303,-1690,-1.20,96.53,136.68,1014.1,56362,56285,77,53741,2621,4.88,138613,136430,2183
2214,24_Mie-ken,24205,2000.0,24_Mie-ken,24205,2215_(Municipalities as of 2000) Kuwana-shi,113432,55831,57601,113733,-301,-0.26,96.93,57.3,1979.6,47069,47017,52,44628,2441,5.47,113432,112178,1254
2215,24_Mie-ken,24301,2000.0,24_Mie-ken,24205,2216_(Municipalities as of 2000) Tado-cho,10665,5183,5482,11225,-560,-4.99,94.55,47.58,224.1,3804,3795,9,3699,105,2.84,10665,10304,361
2216,24_Mie-ken,24302,2000.0,24_Mie-ken,24205,2217_(Municipalities as of 2000) Nagashima-cho,14516,7070,7446,15345,-829,-5.40,94.95,31.73,457.5,5489,5473,16,5414,75,1.39,14516,13948,568
2217,24_Mie-ken,24207,2000.0,24_Mie-ken,24207,2218_Suzuka-shi,195670,97350,98320,196403,-733,-0.37,99.01,194.46,1006.2,82158,82048,110,77725,4433,5.70,195670,192228,3442
2218,24_Mie-ken,24208,2000.0,24_Mie-ken,24208,2219_Nabari-shi,76387,36853,39534,78795,-2408,-3.06,93.22,129.77,588.6,31466,31398,68,30595,871,2.85,76387,74713,1674
2219,24_Mie-ken,24209,2000.0,24_Mie-ken,24209,2220_Owase-shi,16252,7562,8690,18009,-1757,-9.76,87.02,192.71,84.3,8153,8133,20,8660,-507,-5.85,16252,15754,498
2220,24_Mie-ken,24210,,24_Mie-ken,24210,2221_Kameyama-shi,49835,25161,24674,50254,-419,-0.83,101.97,191.04,260.9,20617,20582,35,19945,672,3.37,49835,49076,759
2221,24_Mie-ken,24210,2000.0,24_Mie-ken,24210,2222_(Municipalities as of 2000) Kameyama-shi,43469,21952,21517,43432,37,0.09,102.02,111.03,391.5,17868,17836,32,17098,770,4.50,43469,42775,694
2222,24_Mie-ken,24361,2000.0,24_Mie-ken,24210,2223_(Municipalities as of 2000) Seki-cho,6366,3209,3157,6822,-456,-6.68,101.65,79.88,79.7,2749,2746,3,2847,-98,-3.44,6366,6301,65
2223,24_Mie-ken,24211,2000.0,24_Mie-ken,24211,2224_Toba-shi,17525,8255,9270,19448,-1923,-9.89,89.05,107.34,163.3,7382,7360,22,7730,-348,-4.50,17525,16769,756
2224,24_Mie-ken,24212,,24_Mie-ken,24212,2225_Kumano-shi,15965,7384,8581,17322,-1357,-7.83,86.05,373.35,42.8,7751,7733,18,8151,-400,-4.91,15965,15234,731
2225,24_Mie-ken,24212,2000.0,24_Mie-ken,24212,2226_(Municipalities as of 2000) Kumano-shi,14945,6920,8025,16150,-1205,-7.46,86.23,259.96,57.5,7210,7193,17,7539,-329,-4.36,14945,14296,649
2226,24_Mie-ken,24563,2000.0,24_Mie-ken,24212,2227_(Municipalities as of 2000) Kiwa-cho,1020,464,556,1172,-152,-12.97,83.45,113.67,9.0,541,540,1,612,-71,-11.60,1020,938,82
2227,24_Mie-ken,24214,,24_Mie-ken,24214,2228_Inabe-shi,44973,23106,21867,45815,-842,-1.84,105.67,219.83,204.6,18075,18043,32,17106,969,5.66,44973,44040,933
2228,24_Mie-ken,24321,2000.0,24_Mie-ken,24214,2229_(Municipalities as of 2000) Hokusei-cho,13326,6719,6607,13782,-456,-3.31,101.70,88.78,150.1,5100,5089,11,4852,248,5.11,13326,12786,540
2229,24_Mie-ken,24322,2000.0,24_Mie-ken,24214,2230_(Municipalities as of 2000) Inabe-cho,9513,5097,4416,9082,431,4.75,115.42,23.83,399.2,3929,3925,4,3330,599,17.99,9513,9472,41
2230,24_Mie-ken,24323,2000.0,24_Mie-ken,24214,2231_(Municipalities as of 2000) Daian-cho,16417,8524,7893,16809,-392,-2.33,107.99,44.6,368.1,6924,6909,15,6822,102,1.50,16417,16188,229
2231,24_Mie-ken,24325,2000.0,24_Mie-ken,24214,2232_(Municipalities as of 2000) Fujiwara-cho,5717,2766,2951,6142,-425,-6.92,93.73,62.37,91.7,2122,2120,2,2102,20,0.95,5717,5594,123
2232,24_Mie-ken,24215,,24_Mie-ken,24215,2233_Shima-shi,46057,21206,24851,50341,-4284,-8.51,85.33,178.95,257.4,19568,19523,45,20057,-489,-2.44,46057,44661,1396
2233,24_Mie-ken,24521,2000.0,24_Mie-ken,24215,2234_(Municipalities as of 2000) Hamajima-cho,3718,1726,1992,4346,-628,-14.45,86.65,27.64,134.5,1634,1632,2,1794,-160,-8.92,3718,3704,14
2234,24_Mie-ken,24522,2000.0,24_Mie-ken,24215,2235_(Municipalities as of 2000) Daio-cho,5562,2447,3115,6227,-665,-10.68,78.56,12.9,431.2,2497,2489,8,2628,-131,-4.98,5562,5321,241
2235,24_Mie-ken,24523,2000.0,24_Mie-ken,24215,2236_(Municipalities as of 2000) Shima-cho,9112,4160,4952,10555,-1443,-13.67,84.01,17.01,535.7,3992,3987,5,4297,-305,-7.10,9112,9004,108
2236,24_Mie-ken,24524,2000.0,24_Mie-ken,24215,2237_(Municipalities as of 2000) Ago-cho,20812,9675,11137,21692,-880,-4.06,86.87,43.88,474.3,8463,8437,26,8338,125,1.50,20812,19890,922
2237,24_Mie-ken,24525,2000.0,24_Mie-ken,24215,2238_(Municipalities as of 2000) Isobe-cho,6853,3198,3655,7521,-668,-8.88,87.50,78.2,87.6,2982,2978,4,3000,-18,-0.60,6853,6742,111
2238,24_Mie-ken,24216,,24_Mie-ken,24216,2239_Iga-shi,88766,43446,45320,90581,-1815,-2.00,95.86,558.23,159.0,36615,36538,77,33651,2964,8.81,88766,86256,2510
2239,24_Mie-ken,24206,2000.0,24_Mie-ken,24216,2240_(Municipalities as of 2000) Ueno-shi,57189,28296,28893,57076,113,0.20,97.93,195.26,292.9,24469,24410,59,21904,2565,11.71,57189,55277,1912
2240,24_Mie-ken,24481,2000.0,24_Mie-ken,24216,2241_(Municipalities as of 2000) Iga-cho,9436,4624,4812,9791,-355,-3.63,96.09,62.01,152.2,3880,3875,5,3663,217,5.92,9436,9293,143
2241,24_Mie-ken,24482,2000.0,24_Mie-ken,24216,2242_(Municipalities as of 2000) Shimagahara-mura,1994,928,1066,2230,-236,-10.58,87.05,22.95,86.9,703,702,1,725,-22,-3.03,1994,1993,1
2242,24_Mie-ken,24483,2000.0,24_Mie-ken,24216,2243_(Municipalities as of 2000) Ayama-cho,6399,3062,3337,6937,-538,-7.76,91.76,72.97,87.7,2291,2290,1,2203,88,3.99,6399,6313,86
2243,24_Mie-ken,24484,2000.0,24_Mie-ken,24216,2244_(Municipalities as of 2000) Oyamada-mura,4718,2240,2478,4978,-260,-5.22,90.40,95.98,49.2,1696,1694,2,1613,83,5.15,4718,4604,114
2244,24_Mie-ken,24501,2000.0,24_Mie-ken,24216,2245_(Municipalities as of 2000) Aoyama-cho,9030,4296,4734,9569,-539,-5.63,90.75,109.0,82.8,3576,3567,9,3543,33,0.93,9030,8776,254
2245,24_Mie-ken,24303,2000.0,24_Mie-ken,24303,2246_Kisosaki-cho,6023,3032,2991,6357,-334,-5.25,101.37,15.74,382.7,2208,2204,4,2174,34,1.56,6023,5874,149
2246,24_Mie-ken,24324,2000.0,24_Mie-ken,24324,2247_Toin-cho,25784,12614,13170,25344,440,1.74,95.78,22.68,1136.9,9539,9522,17,8863,676,7.63,25784,25026,758
2247,24_Mie-ken,24341,2000.0,24_Mie-ken,24341,2248_Komono-cho,40559,19868,20691,40210,349,0.87,96.02,107.01,379.0,15382,15351,31,14423,959,6.65,40559,39651,908
2248,24_Mie-ken,24343,2000.0,24_Mie-ken,24343,2249_Asahi-cho,11021,5488,5533,10560,461,4.37,99.19,5.99,1839.9,4112,4109,3,3852,260,6.75,11021,10877,144
2249,24_Mie-ken,24344,2000.0,24_Mie-ken,24344,2250_Kawagoe-cho,15123,7798,7325,14752,371,2.51,106.46,8.73,1732.3,6602,6595,7,6023,579,9.61,15123,14949,174
2250,24_Mie-ken,24441,,24_Mie-ken,24441,2251_Taki-cho,14021,6753,7268,14878,-857,-5.76,92.91,103.06,136.0,5124,5108,16,5160,-36,-0.70,14021,13544,477
2251,24_Mie-ken,24441,2000.0,24_Mie-ken,24441,2252_(Municipalities as of 2000) Taki-cho,9669,4716,4953,10161,-492,-4.84,95.22,49.59,195.0,3598,3584,14,3604,-6,-0.17,9669,9323,346
2252,24_Mie-ken,24444,2000.0,24_Mie-ken,24441,2253_(Municipalities as of 2000) Seiwa-mura,4352,2037,2315,4717,-365,-7.74,87.99,53.58,81.2,1526,1524,2,1556,-30,-1.93,4352,4221,131
2253,24_Mie-ken,24442,2000.0,24_Mie-ken,24442,2254_Meiwa-cho,22445,10666,11779,22586,-141,-0.62,90.55,41.04,546.9,8067,8041,26,7697,370,4.81,22445,21687,758
2254,24_Mie-ken,24443,,24_Mie-ken,24443,2255_Odai-cho,8668,4103,4565,9557,-889,-9.30,89.88,362.86,23.9,3639,3628,11,3778,-139,-3.68,8668,8263,405
2255,24_Mie-ken,24443,2000.0,24_Mie-ken,24443,2256_(Municipalities as of 2000) Odai-cho,5939,2831,3108,6402,-463,-7.23,91.09,55.4,107.2,2498,2493,5,2529,-31,-1.23,5939,5855,84
2256,24_Mie-ken,24445,2000.0,24_Mie-ken,24443,2257_(Municipalities as of 2000) Miyagawa-mura,2729,1272,1457,3155,-426,-13.50,87.30,307.54,8.9,1141,1135,6,1249,-108,-8.65,2729,2408,321
2257,24_Mie-ken,24461,2000.0,24_Mie-ken,24461,2258_Tamaki-cho,15041,7184,7857,15431,-390,-2.53,91.43,40.91,367.7,5404,5391,13,5260,144,2.74,15041,14595,446
2258,24_Mie-ken,24470,2000.0,24_Mie-ken,24470,2259_Watarai-cho,7847,3798,4049,8309,-462,-5.56,93.80,134.98,58.1,2689,2683,6,2626,63,2.40,7847,7565,282
2259,24_Mie-ken,24471,,24_Mie-ken,24471,2260_Taiki-cho,7815,3652,4163,8939,-1124,-12.57,87.73,233.32,33.5,3404,3391,13,3691,-287,-7.78,7815,7345,470
2260,24_Mie-ken,24466,2000.0,24_Mie-ken,24471,2261_(Municipalities as of 2000) Omiya-cho,3869,1811,2058,4384,-515,-11.75,88.00,100.68,38.4,1579,1570,9,1689,-110,-6.51,3869,3656,213
2261,24_Mie-ken,24467,2000.0,24_Mie-ken,24471,2262_(Municipalities as of 2000) Kisei-cho,2734,1279,1455,3231,-497,-15.38,87.90,68.13,40.1,1325,1323,2,1464,-139,-9.49,2734,2662,72
2262,24_Mie-ken,24469,2000.0,24_Mie-ken,24471,2263_(Municipalities as of 2000) Ouchiyama-mura,1212,562,650,1324,-112,-8.46,86.46,64.73,18.7,500,498,2,538,-38,-7.06,1212,1027,185
2263,24_Mie-ken,24472,,24_Mie-ken,24472,2264_Minamiise-cho,10989,5095,5894,12788,-1799,-14.07,86.44,241.89,45.4,4977,4963,14,5432,-455,-8.38,10989,10611,378
2264,24_Mie-ken,24464,2000.0,24_Mie-ken,24472,2265_(Municipalities as of 2000) Nansei-cho,6573,3016,3557,7496,-923,-12.31,84.79,109.83,59.8,2848,2840,8,3039,-191,-6.28,6573,6316,257
2265,24_Mie-ken,24465,2000.0,24_Mie-ken,24472,2266_(Municipalities as of 2000) Nanto-cho,4416,2079,2337,5292,-876,-16.55,88.96,133.04,33.2,2129,2123,6,2393,-264,-11.03,4416,4295,121
2266,24_Mie-ken,24543,,24_Mie-ken,24543,2267_Kihoku-cho,14604,6758,7846,16338,-1734,-10.61,86.13,256.54,56.9,6814,6779,35,7269,-455,-6.26,14604,13781,823
2267,24_Mie-ken,24541,2000.0,24_Mie-ken,24543,2268_(Municipalities as of 2000) Kiinagashima-cho,7413,3478,3935,8310,-897,-10.79,88.39,110.48,67.1,3545,3529,16,3759,-214,-5.69,7413,7158,255
2268,24_Mie-ken,24542,2000.0,24_Mie-ken,24543,2269_(Municipalities as of 2000) Miyama-cho,7191,3280,3911,8028,-837,-10.43,83.87,146.35,49.1,3269,3250,19,3510,-241,-6.87,7191,6623,568
2269,24_Mie-ken,24561,2000.0,24_Mie-ken,24561,2270_Mihama-cho,8079,3765,4314,8741,-662,-7.57,87.27,88.13,91.7,3711,3700,11,3862,-151,-3.91,8079,7780,299
2270,24_Mie-ken,24562,,24_Mie-ken,24562,2271_Kiho-cho,10321,4767,5554,11207,-886,-7.91,85.83,79.62,129.6,4724,4716,8,4947,-223,-4.51,10321,10097,224
2271,24_Mie-ken,24562,2000.0,24_Mie-ken,24562,2272_(Municipalities as of 2000) Kiho-cho,6560,3033,3527,6922,-362,-5.23,85.99,76.78,85.4,2970,2963,7,3077,-107,-3.48,6560,6337,223
2272,24_Mie-ken,24564,2000.0,24_Mie-ken,24562,2273_(Municipalities as of 2000) Udono-mura,3761,1734,2027,4285,-524,-12.23,85.55,2.88,1305.9,1754,1753,1,1870,-116,-6.20,3761,3760,1
2273,25_Shiga-ken,25000,2000.0,25_Shiga-ken,25000,2274_Shiga-ken,1413610,697429,716181,1412916,694,0.05,97.38,4017.38,351.9,571374,570529,845,537550,33824,6.29,1413610,1391113,22497
2274,25_Shiga-ken,25201,,25_Shiga-ken,25201,2275_Otsu-shi,345070,166673,178397,340973,4097,1.20,93.43,464.51,742.9,146088,145891,197,136153,9935,7.30,345070,338928,6142
2275,25_Shiga-ken,25201,2000.0,25_Shiga-ken,25201,2276_(Municipalities as of 2000) Otsu-shi,324071,156582,167489,319148,4923,1.54,93.49,302.33,1071.9,137643,137464,179,128102,9541,7.45,324071,318270,5801
2276,25_Shiga-ken,25301,2000.0,25_Shiga-ken,25201,2277_(Municipalities as of 2000) Shiga-cho,20999,10091,10908,21825,-826,-3.78,92.51,71.73,292.8,8445,8427,18,8051,394,4.89,20999,20658,341
2277,25_Shiga-ken,25202,2000.0,25_Shiga-ken,25202,2278_Hikone-shi,113647,56492,57155,113679,-32,-0.03,98.84,196.87,577.3,48212,48137,75,45546,2666,5.85,113647,111769,1878
2278,25_Shiga-ken,25203,,25_Shiga-ken,25203,2279_Nagahama-shi,113636,55406,58230,118193,-4557,-3.86,95.15,681.02,166.9,42570,42513,57,41788,782,1.87,113636,111957,1679
2279,25_Shiga-ken,25203,2000.0,25_Shiga-ken,25203,2280_(Municipalities as of 2000) Nagahama-shi,60255,29692,30563,60900,-645,-1.06,97.15,45.5,1324.3,24488,24462,26,23569,919,3.90,60255,59530,725
2280,25_Shiga-ken,25481,2000.0,25_Shiga-ken,25203,2281_(Municipalities as of 2000) Azai-cho,12237,5937,6300,12980,-743,-5.72,94.24,87.09,140.5,4080,4074,6,4019,61,1.52,12237,12100,137
2281,25_Shiga-ken,25482,2000.0,25_Shiga-ken,25203,2282_(Municipalities as of 2000) Torahime-cho,4628,2237,2391,4840,-212,-4.38,93.56,9.45,489.7,1633,1628,5,1674,-41,-2.45,4628,4533,95
2282,25_Shiga-ken,25483,2000.0,25_Shiga-ken,25203,2283_(Municipalities as of 2000) Kohoku-cho,8049,3884,4165,8583,-534,-6.22,93.25,29.08,276.8,2466,2462,4,2518,-52,-2.07,8049,7851,198
2283,25_Shiga-ken,25484,2000.0,25_Shiga-ken,25203,2284_(Municipalities as of 2000) Biwa-cho,6398,3035,3363,6844,-446,-6.52,90.25,16.98,376.8,1999,1997,2,2006,-7,-0.35,6398,6247,151
2284,25_Shiga-ken,25501,2000.0,25_Shiga-ken,25203,2285_(Municipalities as of 2000) Takatsuki-cho,9227,4529,4698,9749,-522,-5.35,96.40,28.27,326.4,3148,3142,6,3098,50,1.61,9227,9120,107
2285,25_Shiga-ken,25502,2000.0,25_Shiga-ken,25203,2286_(Municipalities as of 2000) Kinomoto-cho,6387,3058,3329,7155,-768,-10.73,91.86,88.44,72.2,2404,2401,3,2539,-135,-5.32,6387,6237,150
2286,25_Shiga-ken,25503,2000.0,25_Shiga-ken,25203,2287_(Municipalities as of 2000) Yogo-cho,2790,1307,1483,3142,-352,-11.20,88.13,167.62,16.6,1084,1082,2,1120,-36,-3.21,2790,2776,14
2287,25_Shiga-ken,25504,2000.0,25_Shiga-ken,25203,2288_(Municipalities as of 2000) Nishiazai-cho,3665,1727,1938,4000,-335,-8.38,89.11,67.05,54.7,1268,1265,3,1245,23,1.85,3665,3563,102
2288,25_Shiga-ken,25204,,25_Shiga-ken,25204,2289_Omihachiman-shi,81122,39676,41446,81312,-190,-0.23,95.73,177.45,457.2,31403,31367,36,29784,1619,5.44,81122,80077,1045
2289,25_Shiga-ken,25204,2000.0,25_Shiga-ken,25204,2290_(Municipalities as of 2000) Omihachiman-shi,68929,33694,35235,68884,45,0.07,95.63,76.97,895.5,27021,26991,30,25528,1493,5.85,68929,67984,945
2290,25_Shiga-ken,25381,2000.0,25_Shiga-ken,25204,2291_(Municipalities as of 2000) Azuchi-cho,12193,5982,6211,12428,-235,-1.89,96.31,24.3,501.8,4382,4376,6,4256,126,2.96,12193,12093,100
2291,25_Shiga-ken,25206,2000.0,25_Shiga-ken,25206,2292_Kusatsu-shi,143913,72646,71267,137247,6666,4.86,101.93,67.82,2122.0,66944,66870,74,60224,6720,11.16,143913,142325,1588
2292,25_Shiga-ken,25207,2000.0,25_Shiga-ken,25207,2293_Moriyama-shi,83236,40872,42364,79859,3377,4.23,96.48,55.74,1493.3,31796,31762,34,29052,2744,9.45,83236,82454,782
2293,25_Shiga-ken,25321,,25_Shiga-ken,25208,2294_Ritto-shi,68820,34110,34710,66749,2071,3.10,98.27,52.69,1306.1,26688,26671,17,24592,2096,8.52,68820,68384,436
2294,25_Shiga-ken,25321,2000.0,25_Shiga-ken,25208,2295_(Municipalities as of 2000) Ritto-cho,68820,34110,34710,66749,2071,3.10,98.27,52.75,1304.6,26688,26671,17,24592,2096,8.52,68820,68384,436
2295,25_Shiga-ken,25209,,25_Shiga-ken,25209,2296_Koka-shi,88358,44014,44344,90901,-2543,-2.80,99.26,481.62,183.5,33641,33553,88,32366,1275,3.94,88358,86349,2009
2296,25_Shiga-ken,25363,2000.0,25_Shiga-ken,25209,2297_(Municipalities as of 2000) Minakuchi-cho,40765,20615,20150,40541,224,0.55,102.31,68.93,591.4,15943,15910,33,14867,1076,7.24,40765,39859,906
2297,25_Shiga-ken,25364,2000.0,25_Shiga-ken,25209,2298_(Municipalities as of 2000) Tsuchiyama-cho,6920,3475,3445,7655,-735,-9.60,100.87,127.14,54.4,2554,2545,9,2598,-44,-1.69,6920,6726,194
2298,25_Shiga-ken,25365,2000.0,25_Shiga-ken,25209,2299_(Municipalities as of 2000) Koka-cho,9471,4559,4912,10235,-764,-7.46,92.81,71.63,132.2,3281,3272,9,3286,-5,-0.15,9471,9331,140
2299,25_Shiga-ken,25366,2000.0,25_Shiga-ken,25209,2300_(Municipalities as of 2000) Konan-cho,20293,9933,10360,20338,-45,-0.22,95.88,49.65,408.7,7497,7484,13,7076,421,5.95,20293,20051,242
2300,25_Shiga-ken,25367,2000.0,25_Shiga-ken,25209,2301_(Municipalities as of 2000) Shigaraki-cho,10909,5432,5477,12132,-1223,-10.08,99.18,164.34,66.4,4366,4342,24,4539,-173,-3.81,10909,10382,527
2301,25_Shiga-ken,25210,,25_Shiga-ken,25210,2302_Yasu-shi,50513,25121,25392,49889,624,1.25,98.93,80.14,630.3,19659,19643,16,18143,1516,8.36,50513,50001,512
2302,25_Shiga-ken,25342,2000.0,25_Shiga-ken,25210,2303_(Municipalities as of 2000) Chuzu-cho,11090,5441,5649,11444,-354,-3.09,96.32,20.94,529.6,3719,3714,5,3508,211,6.01,11090,10917,173
2303,25_Shiga-ken,25343,2000.0,25_Shiga-ken,25210,2304_(Municipalities as of 2000) Yasu-cho,39423,19680,19743,38445,978,2.54,99.68,40.51,973.2,15940,15929,11,14635,1305,8.92,39423,39084,339
2304,25_Shiga-ken,25211,,25_Shiga-ken,25211,2305_Konan-shi,54460,28168,26292,54289,171,0.31,107.14,70.4,773.6,22498,22455,43,21286,1212,5.69,54460,53481,979
2305,25_Shiga-ken,25361,2000.0,25_Shiga-ken,25211,2306_(Municipalities as of 2000) Ishibe-cho,11833,5940,5893,11915,-82,-0.69,100.80,13.33,887.7,4686,4660,26,4521,165,3.65,11833,11339,494
2306,25_Shiga-ken,25362,2000.0,25_Shiga-ken,25211,2307_(Municipalities as of 2000) Kosei-cho,42627,22228,20399,42374,253,0.60,108.97,57.16,745.7,17812,17795,17,16765,1047,6.25,42627,42142,485
2307,25_Shiga-ken,25212,,25_Shiga-ken,25212,2308_Takashima-shi,46377,22762,23615,50025,-3648,-7.29,96.39,693.05,66.9,18037,17983,54,18149,-112,-0.62,46377,44666,1711
2308,25_Shiga-ken,25521,2000.0,25_Shiga-ken,25212,2309_(Municipalities as of 2000) Makino-cho,5230,2515,2715,5712,-482,-8.44,92.63,78.34,66.8,2087,2079,8,2114,-27,-1.28,5230,5020,210
2309,25_Shiga-ken,25522,2000.0,25_Shiga-ken,25212,2310_(Municipalities as of 2000) Imazu-cho,11379,5824,5555,12327,-948,-7.69,104.84,122.74,92.7,4256,4231,25,4357,-101,-2.32,11379,10388,991
2310,25_Shiga-ken,25523,2000.0,25_Shiga-ken,25212,2311_(Municipalities as of 2000) Kutsuki-mura,1545,743,802,1837,-292,-15.90,92.64,165.77,9.3,649,647,2,729,-80,-10.97,1545,1486,59
2311,25_Shiga-ken,25524,2000.0,25_Shiga-ken,25212,2312_(Municipalities as of 2000) Adogawa-cho,12109,5869,6240,12929,-820,-6.34,94.05,48.47,249.8,4845,4839,6,4783,62,1.30,12109,12004,105
2312,25_Shiga-ken,25525,2000.0,25_Shiga-ken,25212,2313_(Municipalities as of 2000) Takashima-cho,5691,2713,2978,6138,-447,-7.28,91.10,63.2,90.0,2113,2109,4,2128,-15,-0.70,5691,5569,122
2313,25_Shiga-ken,25526,2000.0,25_Shiga-ken,25212,2314_(Municipalities as of 2000) Shinasahi-cho,10423,5098,5325,11082,-659,-5.95,95.74,32.84,317.4,4087,4078,9,4038,49,1.21,10423,10199,224
2314,25_Shiga-ken,25213,,25_Shiga-ken,25213,2315_Higashiomi-shi,112819,56296,56523,114180,-1361,-1.19,99.60,388.37,290.5,42899,42817,82,40691,2208,5.43,112819,110755,2064
2315,25_Shiga-ken,25205,2000.0,25_Shiga-ken,25213,2316_(Municipalities as of 2000) Yokaichi-shi,45981,23449,22532,45465,516,1.13,104.07,52.6,874.2,19192,19161,31,17780,1412,7.94,45981,45361,620
2316,25_Shiga-ken,25382,2000.0,25_Shiga-ken,25213,2317_(Municipalities as of 2000) Gamo-cho,14000,6895,7105,14772,-772,-5.23,97.04,34.64,404.2,4904,4899,5,4718,186,3.94,14000,13961,39
2317,25_Shiga-ken,25401,2000.0,25_Shiga-ken,25213,2318_(Municipalities as of 2000) Eigenji-cho,4913,2404,2509,5383,-470,-8.73,95.82,181.27,27.1,1660,1655,5,1726,-66,-3.82,4913,4830,83
2318,25_Shiga-ken,25402,2000.0,25_Shiga-ken,25213,2319_(Municipalities as of 2000) Gokasho-cho,12108,5967,6141,11928,180,1.51,97.17,16.28,743.7,4352,4342,10,4115,237,5.76,12108,11470,638
2319,25_Shiga-ken,25403,2000.0,25_Shiga-ken,25213,2320_(Municipalities as of 2000) Notogawa-cho,22978,11336,11642,23080,-102,-0.44,97.37,31.12,738.4,8627,8616,11,8218,409,4.98,22978,22794,184
2320,25_Shiga-ken,25421,2000.0,25_Shiga-ken,25213,2321_(Municipalities as of 2000) Aito-cho,4636,2233,2403,4990,-354,-7.09,92.93,40.89,113.4,1408,1395,13,1428,-20,-1.40,4636,4298,338
2321,25_Shiga-ken,25422,2000.0,25_Shiga-ken,25213,2322_(Municipalities as of 2000) Koto-cho,8203,4012,4191,8562,-359,-4.19,95.73,26.53,309.2,2756,2749,7,2706,50,1.85,8203,8041,162
2322,25_Shiga-ken,25214,,25_Shiga-ken,25214,2323_Maibara-shi,37225,18051,19174,38719,-1494,-3.86,94.14,250.39,148.7,13385,13369,16,13236,149,1.13,37225,36725,500
2323,25_Shiga-ken,25461,2000.0,25_Shiga-ken,25214,2324_(Municipalities as of 2000) Santo-cho,11542,5512,6030,12217,-675,-5.53,91.41,53.11,217.3,4062,4055,7,3973,89,2.24,11542,11233,309
2324,25_Shiga-ken,25462,2000.0,25_Shiga-ken,25214,2325_(Municipalities as of 2000) Ibuki-cho,4877,2379,2498,5220,-343,-6.57,95.24,109.17,44.7,1691,1689,2,1714,-23,-1.34,4877,4863,14
2325,25_Shiga-ken,25463,2000.0,25_Shiga-ken,25214,2326_(Municipalities as of 2000) Maihara-cho,10888,5304,5584,11191,-303,-2.71,94.99,42.78,254.5,4192,4188,4,4191,1,0.02,10888,10757,131
2326,25_Shiga-ken,25464,2000.0,25_Shiga-ken,25214,2327_(Municipalities as of 2000) Omi-cho,9918,4856,5062,10091,-173,-1.71,95.93,18.04,549.8,3440,3437,3,3358,82,2.44,9918,9872,46
2327,25_Shiga-ken,25383,2000.0,25_Shiga-ken,25383,2328_Hino-cho,20964,10555,10409,21873,-909,-4.16,101.40,117.6,178.3,7932,7918,14,7728,204,2.64,20964,20564,400
2328,25_Shiga-ken,25384,2000.0,25_Shiga-ken,25384,2329_Ryuo-cho,11789,6192,5597,12434,-645,-5.19,110.63,44.55,264.6,4435,4425,10,4266,169,3.96,11789,11681,108
2329,25_Shiga-ken,25425,,25_Shiga-ken,25425,2330_Aisho-cho,20893,10373,10520,20778,115,0.55,98.60,37.97,550.3,7841,7834,7,7209,632,8.77,20893,20698,195
2330,25_Shiga-ken,25423,2000.0,25_Shiga-ken,25425,2331_(Municipalities as of 2000) Hatasho-cho,7663,3726,3937,7800,-137,-1.76,94.64,25.04,306.0,2617,2614,3,2473,144,5.82,7663,7605,58
2331,25_Shiga-ken,25424,2000.0,25_Shiga-ken,25425,2332_(Municipalities as of 2000) Echigawa-cho,13230,6647,6583,12978,252,1.94,100.97,12.94,1022.4,5224,5220,4,4736,488,10.30,13230,13093,137
2332,25_Shiga-ken,25441,2000.0,25_Shiga-ken,25441,2333_Toyosato-cho,7132,3458,3674,7422,-290,-3.91,94.12,7.8,914.4,2629,2610,19,2606,23,0.88,7132,6841,291
2333,25_Shiga-ken,25442,2000.0,25_Shiga-ken,25442,2334_Koura-cho,6362,3060,3302,7039,-677,-9.62,92.67,13.63,466.8,2211,2209,2,2310,-99,-4.29,6362,6352,10
2334,25_Shiga-ken,25443,2000.0,25_Shiga-ken,25443,2335_Taga-cho,7274,3504,3770,7355,-81,-1.10,92.94,135.77,53.6,2506,2502,4,2421,85,3.51,7274,7106,168
2335,26_Kyoto-fu,26000,2000.0,26_Kyoto-fu,26000,2336_Kyoto-fu,2578087,1231468,1346619,2610353,-32266,-1.24,91.45,4612.2,559.0,1190527,1188903,1624,1152902,37625,3.26,2578087,2523758,54329
2336,26_Kyoto-fu,26100,,26_Kyoto-fu,26100,2337_Kyoto-shi,1463723,692279,771444,1475183,-11460,-0.78,89.74,827.83,1768.1,729524,728744,780,705874,23650,3.35,1463723,1434817,28906
2337,26_Kyoto-fu,26100,2000.0,26_Kyoto-fu,26100,2338_(Municipalities as of 2000) Kyoto-shi,1459227,690115,769112,1470056,-10829,-0.74,89.73,610.22,2391.3,727641,726866,775,703907,23734,3.37,1459227,1430530,28697
2338,26_Kyoto-fu,26101,2000.0,26_Kyoto-fu,26101,2339_Kyoto-shi Kita-ku,117165,55738,61427,119474,-2309,-1.93,90.74,94.88,1234.9,57187,57119,68,56804,383,0.67,117165,114942,2223
2339,26_Kyoto-fu,26102,2000.0,26_Kyoto-fu,26102,2340_Kyoto-shi Kamigyo-ku,83832,38518,45314,85113,-1281,-1.51,85.00,7.03,11924.9,48004,47960,44,46849,1155,2.47,83832,82608,1224
2340,26_Kyoto-fu,26103,2000.0,26_Kyoto-fu,26103,2341_Kyoto-shi Sakyo-ku,166039,79943,86096,168266,-2227,-1.32,92.85,246.77,672.8,85726,85624,102,83423,2303,2.76,166039,161836,4203
2341,26_Kyoto-fu,26104,2000.0,26_Kyoto-fu,26104,2342_Kyoto-shi Nakagyo-ku,110488,50549,59939,109341,1147,1.05,84.33,7.41,14910.7,60634,60593,41,59085,1549,2.62,110488,109260,1228
2342,26_Kyoto-fu,26105,2000.0,26_Kyoto-fu,26105,2343_Kyoto-shi Higashiyama-ku,36602,16078,20524,39044,-2442,-6.25,78.34,7.48,4893.3,20562,20523,39,21381,-819,-3.83,36602,35639,963
2343,26_Kyoto-fu,26106,2000.0,26_Kyoto-fu,26106,2344_Kyoto-shi Shimogyo-ku,82784,38121,44663,82668,116,0.14,85.35,6.78,12210.0,48309,48283,26,47206,1103,2.34,82784,81812,972
2344,26_Kyoto-fu,26107,2000.0,26_Kyoto-fu,26107,2345_Kyoto-shi Minami-ku,101970,50617,51353,99927,2043,2.04,98.57,15.81,6449.7,50485,50453,32,47094,3391,7.20,101970,100841,1129
2345,26_Kyoto-fu,26108,,26_Kyoto-fu,26108,2346_Kyoto-shi Ukyo-ku,202047,94873,107174,204262,-2215,-1.08,88.52,292.07,691.8,97849,97755,94,94525,3324,3.52,202047,198773,3274
2346,26_Kyoto-fu,26108,2000.0,26_Kyoto-fu,26108,2347_(Municipalities as of 2000) Kyoto-shi Ukyo-ku,197551,92709,104842,199135,-1584,-0.80,88.43,74.27,2659.9,95966,95877,89,92558,3408,3.68,197551,194486,3065
2347,26_Kyoto-fu,26381,2000.0,26_Kyoto-fu,26108,2348_(Municipalities as of 2000) Keihoku-cho,4496,2164,2332,5127,-631,-12.31,92.80,217.68,20.7,1883,1878,5,1967,-84,-4.27,4496,4287,209
2348,26_Kyoto-fu,26109,2000.0,26_Kyoto-fu,26109,2349_Kyoto-shi Fushimi-ku,277858,133097,144761,280655,-2797,-1.00,91.94,61.66,4506.3,131284,131128,156,125947,5337,4.24,277858,270717,7141
2349,26_Kyoto-fu,26110,2000.0,26_Kyoto-fu,26110,2350_Kyoto-shi Yamashina-ku,135101,63532,71569,135471,-370,-0.27,88.77,28.7,4707.4,64402,64280,122,60451,3951,6.54,135101,130721,4380
2350,26_Kyoto-fu,26111,2000.0,26_Kyoto-fu,26111,2351_Kyoto-shi Nishikyo-ku,149837,71213,78624,150962,-1125,-0.75,90.57,59.24,2529.3,65082,65026,56,63109,1973,3.13,149837,147668,2169
2351,26_Kyoto-fu,26201,,26_Kyoto-fu,26201,2352_Fukuchiyama-shi,77306,38504,38802,78935,-1629,-2.06,99.23,552.54,139.9,33632,33528,104,32170,1462,4.54,77306,74207,3099
2352,26_Kyoto-fu,26201,2000.0,26_Kyoto-fu,26201,2353_(Municipalities as of 2000) Fukuchiyama-shi,67256,33684,33572,67581,-325,-0.48,100.33,264.24,254.5,29400,29310,90,27706,1694,6.11,67256,64585,2671
2353,26_Kyoto-fu,26421,2000.0,26_Kyoto-fu,26201,2354_(Municipalities as of 2000) Miwa-cho,3048,1482,1566,3424,-376,-10.98,94.64,90.53,33.7,1318,1312,6,1353,-35,-2.59,3048,2801,247
2354,26_Kyoto-fu,26422,2000.0,26_Kyoto-fu,26201,2355_(Municipalities as of 2000) Yakuno-cho,3067,1480,1587,3504,-437,-12.47,93.26,100.99,30.4,1297,1294,3,1370,-73,-5.33,3067,2986,81
2355,26_Kyoto-fu,26441,2000.0,26_Kyoto-fu,26201,2356_(Municipalities as of 2000) Oe-cho,3935,1858,2077,4426,-491,-11.09,89.46,96.81,40.6,1617,1612,5,1741,-124,-7.12,3935,3835,100
2356,26_Kyoto-fu,26202,2000.0,26_Kyoto-fu,26202,2357_Maizuru-shi,80336,40244,40092,83990,-3654,-4.35,100.38,342.13,234.8,35188,35098,90,34709,479,1.38,80336,76592,3744
2357,26_Kyoto-fu,26203,2000.0,26_Kyoto-fu,26203,2358_Ayabe-shi,31846,15239,16607,33821,-1975,-5.84,91.76,347.1,91.7,13735,13699,36,13766,-31,-0.23,31846,30848,998
2358,26_Kyoto-fu,26204,2000.0,26_Kyoto-fu,26204,2359_Uji-shi,179630,86301,93329,184678,-5048,-2.73,92.47,67.54,2659.6,73595,73443,152,73317,278,0.38,179630,175987,3643
2359,26_Kyoto-fu,26205,2000.0,26_Kyoto-fu,26205,2360_Miyazu-shi,16758,7942,8816,18426,-1668,-9.05,90.09,172.74,97.0,7292,7270,22,7738,-446,-5.76,16758,16029,729
2360,26_Kyoto-fu,26206,2000.0,26_Kyoto-fu,26206,2361_Kameoka-shi,86174,41654,44520,89479,-3305,-3.69,93.56,224.8,383.3,34431,34370,61,33915,516,1.52,86174,84758,1416
2361,26_Kyoto-fu,26207,2000.0,26_Kyoto-fu,26207,2362_Joyo-shi,74607,35864,38743,76869,-2262,-2.94,92.57,32.71,2280.9,30484,30438,46,29884,600,2.01,74607,73026,1581
2362,26_Kyoto-fu,26208,2000.0,26_Kyoto-fu,26208,2363_Muko-shi,56859,27119,29740,53380,3479,6.52,91.19,7.72,7365.2,23525,23510,15,21356,2169,10.16,56859,56296,563
2363,26_Kyoto-fu,26209,2000.0,26_Kyoto-fu,26209,2364_Nagaokakyo-shi,80608,38793,41815,80090,518,0.65,92.77,19.17,4204.9,33728,33687,41,32491,1237,3.81,80608,79040,1568
2364,26_Kyoto-fu,26210,2000.0,26_Kyoto-fu,26210,2365_Yawata-shi,70433,34030,36403,72664,-2231,-3.07,93.48,24.35,2892.5,30554,30528,26,29259,1295,4.43,70433,69621,812
2365,26_Kyoto-fu,26211,2000.0,26_Kyoto-fu,26211,2366_Kyotanabe-shi,73753,36111,37642,70835,2918,4.12,95.93,42.92,1718.4,31693,31665,28,29693,2000,6.74,73753,72431,1322
2366,26_Kyoto-fu,26212,,26_Kyoto-fu,26212,2367_Kyotango-shi,50860,24357,26503,55054,-4194,-7.62,91.90,501.44,101.4,20138,20093,45,20469,-331,-1.62,50860,49509,1351
2367,26_Kyoto-fu,26481,2000.0,26_Kyoto-fu,26212,2368_(Municipalities as of 2000) Mineyama-cho,11337,5471,5866,12028,-691,-5.74,93.27,67.45,168.1,4789,4777,12,4781,8,0.17,11337,11199,138
2368,26_Kyoto-fu,26482,2000.0,26_Kyoto-fu,26212,2369_(Municipalities as of 2000) Omiya-cho,9575,4605,4970,10122,-547,-5.40,92.66,68.93,138.9,3888,3883,5,3882,6,0.15,9575,9404,171
2369,26_Kyoto-fu,26501,2000.0,26_Kyoto-fu,26212,2370_(Municipalities as of 2000) Amino-cho,11778,5648,6130,12931,-1153,-8.92,92.14,75.07,156.9,4566,4559,7,4701,-135,-2.87,11778,11426,352
2370,26_Kyoto-fu,26502,2000.0,26_Kyoto-fu,26212,2371_(Municipalities as of 2000) Tango-cho,4657,2259,2398,5316,-659,-12.40,94.20,64.96,71.7,1934,1928,6,2073,-139,-6.71,4657,4511,146
2371,26_Kyoto-fu,26503,2000.0,26_Kyoto-fu,26212,2372_(Municipalities as of 2000) Yasaka-cho,4671,2150,2521,5058,-387,-7.65,85.28,80.38,58.1,1748,1741,7,1783,-35,-1.96,4671,4382,289
2372,26_Kyoto-fu,26521,2000.0,26_Kyoto-fu,26212,2373_(Municipalities as of 2000) Kumihama-cho,8842,4224,4618,9599,-757,-7.89,91.47,145.04,61.0,3213,3205,8,3249,-36,-1.11,8842,8587,255
2373,26_Kyoto-fu,26213,,26_Kyoto-fu,26213,2374_Nantan-shi,31629,15392,16237,33145,-1516,-4.57,94.80,616.4,51.3,13195,13134,61,12783,412,3.22,31629,29828,1801
2374,26_Kyoto-fu,26382,2000.0,26_Kyoto-fu,26213,2375_(Municipalities as of 2000) Miyama-cho,3383,1621,1762,3824,-441,-11.53,92.00,340.47,9.9,1423,1414,9,1532,-109,-7.11,3383,3176,207
2375,26_Kyoto-fu,26401,2000.0,26_Kyoto-fu,26213,2376_(Municipalities as of 2000) Sonobe-cho,16575,8321,8254,16766,-191,-1.14,100.81,102.78,161.3,7275,7244,31,6764,511,7.55,16575,15755,820
2376,26_Kyoto-fu,26402,2000.0,26_Kyoto-fu,26213,2377_(Municipalities as of 2000) Yagi-cho,7067,3260,3807,7615,-548,-7.20,85.63,49.56,142.6,2647,2634,13,2642,5,0.19,7067,6587,480
2377,26_Kyoto-fu,26404,2000.0,26_Kyoto-fu,26213,2378_(Municipalities as of 2000) Hiyoshi-cho,4604,2190,2414,4940,-336,-6.80,90.72,123.5,37.3,1850,1842,8,1845,5,0.27,4604,4310,294
2378,26_Kyoto-fu,26214,,26_Kyoto-fu,26214,2379_Kizugawa-shi,77907,37295,40612,72840,5067,6.96,91.83,85.13,915.2,29802,29762,40,26656,3146,11.80,77907,77056,851
2379,26_Kyoto-fu,26361,2000.0,26_Kyoto-fu,26214,2380_(Municipalities as of 2000) Yamashiro-cho,7958,3787,4171,8529,-571,-6.69,90.79,24.53,324.4,2951,2941,10,2979,-28,-0.94,7958,7809,149
2380,26_Kyoto-fu,26362,2000.0,26_Kyoto-fu,26214,2381_(Municipalities as of 2000) Kizu-cho,57253,27493,29760,50625,6628,13.09,92.38,23.62,2423.9,21671,21646,25,18461,3210,17.39,57253,56653,600
2381,26_Kyoto-fu,26363,2000.0,26_Kyoto-fu,26214,2382_(Municipalities as of 2000) Kamo-cho,12696,6015,6681,13686,-990,-7.23,90.03,36.97,343.4,5180,5175,5,5216,-36,-0.69,12696,12594,102
2382,26_Kyoto-fu,26303,2000.0,26_Kyoto-fu,26303,2383_Oyamazaki-cho,15953,7710,8243,15181,772,5.09,93.53,5.97,2672.2,6549,6540,9,5993,556,9.28,15953,15810,143
2383,26_Kyoto-fu,26322,2000.0,26_Kyoto-fu,26322,2384_Kumiyama-cho,15250,7432,7818,15805,-555,-3.51,95.06,13.86,1100.3,6322,6311,11,6216,106,1.71,15250,15011,239
2384,26_Kyoto-fu,26343,2000.0,26_Kyoto-fu,26343,2385_Ide-cho,7406,3594,3812,7910,-504,-6.37,94.28,18.04,410.5,3161,3160,1,3059,102,3.33,7406,7311,95
2385,26_Kyoto-fu,26344,2000.0,26_Kyoto-fu,26344,2386_Ujitawara-cho,8911,4501,4410,9319,-408,-4.38,102.06,58.16,153.2,3421,3416,5,3232,189,5.85,8911,8831,80
2386,26_Kyoto-fu,26364,2000.0,26_Kyoto-fu,26364,2387_Kasagi-cho,1144,541,603,1368,-224,-16.37,89.72,23.52,48.6,522,522,NULL,573,-51,-8.90,1144,1144,NULL
2387,26_Kyoto-fu,26365,2000.0,26_Kyoto-fu,26365,2388_Wazuka-cho,3478,1617,1861,3956,-478,-12.08,86.89,64.93,53.6,1379,1377,2,1445,-66,-4.57,3478,3427,51
2388,26_Kyoto-fu,26366,2000.0,26_Kyoto-fu,26366,2389_Seika-cho,36198,17226,18972,36376,-178,-0.49,90.80,25.68,1409.6,13530,13516,14,12775,755,5.91,36198,35744,454
2389,26_Kyoto-fu,26367,2000.0,26_Kyoto-fu,26367,2390_Minamiyamashiro-mura,2391,1125,1266,2652,-261,-9.84,88.86,64.11,37.3,1023,1023,NULL,1068,-45,-4.21,2391,2391,NULL
2390,26_Kyoto-fu,26407,,26_Kyoto-fu,26407,2391_Kyotamba-cho,12907,6113,6794,14453,-1546,-10.70,89.98,303.09,42.6,5217,5205,12,5448,-231,-4.24,12907,12522,385
2391,26_Kyoto-fu,26403,2000.0,26_Kyoto-fu,26407,2392_(Municipalities as of 2000) Tamba-cho,6583,3110,3473,7280,-697,-9.57,89.55,74.09,88.9,2602,2600,2,2685,-83,-3.09,6583,6429,154
2392,26_Kyoto-fu,26405,2000.0,26_Kyoto-fu,26407,2393_(Municipalities as of 2000) Mizuho-cho,3714,1785,1929,4174,-460,-11.02,92.53,109.73,33.8,1510,1503,7,1560,-50,-3.21,3714,3555,159
2393,26_Kyoto-fu,26406,2000.0,26_Kyoto-fu,26407,2394_(Municipalities as of 2000) Wachi-cho,2610,1218,1392,2999,-389,-12.97,87.50,119.25,21.9,1105,1102,3,1203,-98,-8.15,2610,2538,72
2394,26_Kyoto-fu,26463,2000.0,26_Kyoto-fu,26463,2395_Ine-cho,1928,946,982,2110,-182,-8.63,96.33,61.95,31.1,849,847,2,873,-24,-2.75,1928,1887,41
2395,26_Kyoto-fu,26465,,26_Kyoto-fu,26465,2396_Yosano-cho,20092,9539,10553,21834,-1742,-7.98,90.39,108.38,185.4,8038,8017,21,8140,-102,-1.25,20092,19635,457
2396,26_Kyoto-fu,26461,2000.0,26_Kyoto-fu,26465,2397_(Municipalities as of 2000) Kaya-cho,5932,2791,3141,6581,-649,-9.86,88.86,59.05,100.5,2338,2332,6,2414,-76,-3.15,5932,5764,168
2397,26_Kyoto-fu,26462,2000.0,26_Kyoto-fu,26465,2398_(Municipalities as of 2000) Iwataki-cho,5319,2483,2836,5721,-402,-7.03,87.55,11.99,443.6,2186,2180,6,2213,-27,-1.22,5319,5168,151
2398,26_Kyoto-fu,26464,2000.0,26_Kyoto-fu,26465,2399_(Municipalities as of 2000) Nodagawa-cho,8841,4265,4576,9532,-691,-7.25,93.20,35.9,246.3,3514,3505,9,3513,1,0.03,8841,8703,138
2399,27_Osaka-fu,27000,2000.0,27_Osaka-fu,27000,2400_Osaka-fu,8837685,4235956,4601729,8839469,-1784,-0.02,92.05,1905.32,4638.4,4135879,4126995,8884,3923887,211992,5.40,8837685,8659723,177962
2400,27_Osaka-fu,27100,2000.0,27_Osaka-fu,27100,2401_Osaka-shi,2752412,1326875,1425537,2691185,61227,2.28,93.08,225.32,12215.6,1469718,1464615,5103,1354793,114925,8.48,2752412,2699126,53286
2401,27_Osaka-fu,27102,2000.0,27_Osaka-fu,27102,2402_Osaka-shi Miyakojima-ku,107904,51763,56141,104727,3177,3.03,92.20,6.08,17747.4,56944,56899,45,51549,5395,10.47,107904,105564,2340
2402,27_Osaka-fu,27103,2000.0,27_Osaka-fu,27103,2403_Osaka-shi Fukushima-ku,79328,37633,41695,72484,6844,9.44,90.26,4.67,16986.7,42631,42612,19,37510,5121,13.65,79328,78617,711
2403,27_Osaka-fu,27104,2000.0,27_Osaka-fu,27104,2404_Osaka-shi Konohana-ku,65251,31610,33641,66656,-1405,-2.11,93.96,19.28,3384.4,32318,32292,26,30712,1606,5.23,65251,64266,985
2404,27_Osaka-fu,27106,2000.0,27_Osaka-fu,27106,2405_Osaka-shi Nishi-ku,105862,49586,56276,92430,13432,14.53,88.11,5.21,20319.0,63874,63849,25,52138,11736,22.51,105862,105089,773
2405,27_Osaka-fu,27107,2000.0,27_Osaka-fu,27107,2406_Osaka-shi Minato-ku,80948,39498,41450,82035,-1087,-1.33,95.29,7.86,10298.7,42612,42554,58,40348,2264,5.61,80948,79512,1436
2406,27_Osaka-fu,27108,2000.0,27_Osaka-fu,27108,2407_Osaka-shi Taisho-ku,62083,30164,31919,65141,-3058,-4.69,94.50,9.43,6583.6,29859,29821,38,29209,650,2.23,62083,60895,1188
2407,27_Osaka-fu,27109,2000.0,27_Osaka-fu,27109,2408_Osaka-shi Tennoji-ku,82148,37988,44160,75729,6419,8.48,86.02,4.84,16972.7,42163,42127,36,38058,4105,10.79,82148,81067,1081
2408,27_Osaka-fu,27111,2000.0,27_Osaka-fu,27111,2409_Osaka-shi Naniwa-ku,75504,38393,37111,69766,5738,8.22,103.45,4.39,17199.1,53297,53274,23,47541,5756,12.11,75504,74505,999
2409,27_Osaka-fu,27113,2000.0,27_Osaka-fu,27113,2410_Osaka-shi Nishiyodogawa-ku,95864,47067,48797,95490,374,0.39,96.45,14.21,6746.2,46266,46221,45,42924,3342,7.79,95864,94167,1697
2410,27_Osaka-fu,27114,2000.0,27_Osaka-fu,27114,2411_Osaka-shi Higashiyodogawa-ku,177120,86660,90460,175530,1590,0.91,95.80,13.27,13347.4,99699,99606,93,92536,7163,7.74,177120,173875,3245
2411,27_Osaka-fu,27115,2000.0,27_Osaka-fu,27115,2412_Osaka-shi Higashinari-ku,84906,40341,44565,80563,4343,5.39,90.52,4.54,18701.8,45487,45439,48,39683,5804,14.63,84906,83243,1663
2412,27_Osaka-fu,27116,2000.0,27_Osaka-fu,27116,2413_Osaka-shi Ikuno-ku,127309,60309,67000,130167,-2858,-2.20,90.01,8.37,15210.2,67616,67455,161,63622,3994,6.28,127309,122894,4415
2413,27_Osaka-fu,27117,2000.0,27_Osaka-fu,27117,2414_Osaka-shi Asahi-ku,89670,42676,46994,91608,-1938,-2.12,90.81,6.32,14188.3,45303,45238,65,43700,1603,3.67,89670,87851,1819
2414,27_Osaka-fu,27118,2000.0,27_Osaka-fu,27118,2415_Osaka-shi Joto-ku,169043,80220,88823,164697,4346,2.64,90.31,8.38,20172.2,82712,82645,67,76455,6257,8.18,169043,167079,1964
2415,27_Osaka-fu,27119,2000.0,27_Osaka-fu,27119,2416_Osaka-shi Abeno-ku,110995,51160,59835,107626,3369,3.13,85.50,5.98,18561.0,53649,53578,71,50104,3545,7.08,110995,109181,1814
2416,27_Osaka-fu,27120,2000.0,27_Osaka-fu,27120,2417_Osaka-shi Sumiyoshi-ku,153056,71193,81863,154239,-1183,-0.77,86.97,9.4,16282.6,78098,78022,76,71718,6380,8.90,153056,149773,3283
2417,27_Osaka-fu,27121,2000.0,27_Osaka-fu,27121,2418_Osaka-shi Higashisumiyoshi-ku,127849,60161,67688,126299,1550,1.23,88.88,9.75,13112.7,62025,61907,118,57797,4228,7.32,127849,124012,3837
2418,27_Osaka-fu,27122,2000.0,27_Osaka-fu,27122,2419_Osaka-shi Nishinari-ku,106111,61300,44811,111883,-5772,-5.16,136.80,7.37,14397.7,66379,62769,3610,69225,-2846,-4.11,106111,98605,7506
2419,27_Osaka-fu,27123,2000.0,27_Osaka-fu,27123,2420_Osaka-shi Yodogawa-ku,183444,91327,92117,176201,7243,4.11,99.14,12.64,14513.0,104193,104126,67,94460,9733,10.30,183444,181424,2020
2420,27_Osaka-fu,27124,2000.0,27_Osaka-fu,27124,2421_Osaka-shi Tsurumi-ku,112691,53166,59525,111557,1134,1.02,89.32,8.17,13793.3,48884,48836,48,46358,2526,5.45,112691,110972,1719
2421,27_Osaka-fu,27125,2000.0,27_Osaka-fu,27125,2422_Osaka-shi Suminoe-ku,120072,57611,62461,122988,-2916,-2.37,92.24,20.68,5806.2,59913,59842,71,56920,2993,5.26,120072,117633,2439
2422,27_Osaka-fu,27126,2000.0,27_Osaka-fu,27126,2423_Osaka-shi Hirano-ku,192152,90568,101584,196633,-4481,-2.28,89.16,15.28,12575.4,92872,92747,125,88960,3912,4.40,192152,188014,4138
2423,27_Osaka-fu,27127,2000.0,27_Osaka-fu,27127,2424_Osaka-shi Kita-ku,139376,67805,71571,123667,15709,12.70,94.74,10.34,13479.3,85785,85672,113,74182,11603,15.64,139376,137640,1736
2424,27_Osaka-fu,27128,2000.0,27_Osaka-fu,27128,2425_Osaka-shi Chuo-ku,103726,48676,55050,93069,10657,11.45,88.42,8.87,11694.0,67139,67084,55,59084,8055,13.63,103726,103248,478
2425,27_Osaka-fu,27201,,27_Osaka-fu,27140,2426_Sakai-shi,826161,393961,432200,839310,-13149,-1.57,91.15,149.83,5514.0,366079,365535,544,350301,15778,4.50,826161,807227,18934
2426,27_Osaka-fu,27201,2000.0,27_Osaka-fu,27140,2427_(Municipalities as of 2000) Sakai-shi,788557,375853,412704,800154,-11597,-1.45,91.07,136.79,5764.7,351234,350717,517,335955,15279,4.55,788557,770806,17751
2427,27_Osaka-fu,27385,2000.0,27_Osaka-fu,27140,2428_(Municipalities as of 2000) Mihara-cho,37604,18108,19496,39156,-1552,-3.96,92.88,13.2,2848.8,14845,14818,27,14346,499,3.48,37604,36421,1183
2428,27_Osaka-fu,27141,,27_Osaka-fu,27141,2429_Sakai-shi Sakai-ku,148682,73620,75062,148205,477,0.32,98.08,23.66,6284.1,73809,73687,122,69116,4693,6.79,148682,143910,4772
2429,27_Osaka-fu,27142,,27_Osaka-fu,27142,2430_Sakai-shi Naka-ku,121236,58081,63155,124543,-3307,-2.66,91.97,17.88,6780.5,50213,50101,112,48538,1675,3.45,121236,117458,3778
2430,27_Osaka-fu,27143,,27_Osaka-fu,27143,2431_Sakai-shi Higashi-ku,85043,40398,44645,85189,-146,-0.17,90.49,10.49,8107.1,36889,36839,50,34722,2167,6.24,85043,83657,1386
2431,27_Osaka-fu,27144,,27_Osaka-fu,27144,2432_Sakai-shi Nishi-ku,135375,64546,70829,135746,-371,-0.27,91.13,28.62,4730.1,58120,58032,88,54614,3506,6.42,135375,132998,2377
2432,27_Osaka-fu,27145,,27_Osaka-fu,27145,2433_Sakai-shi Minami-ku,138464,64156,74308,147626,-9162,-6.21,86.34,40.39,3428.2,59706,59639,67,60427,-721,-1.19,138464,135771,2693
2433,27_Osaka-fu,27146,,27_Osaka-fu,27146,2434_Sakai-shi Kita-ku,159757,75052,84705,158845,912,0.57,88.60,15.6,10240.8,72497,72419,78,68538,3959,5.78,159757,157012,2745
2434,27_Osaka-fu,27147,,27_Osaka-fu,27147,2435_Sakai-shi Mihara-ku,37604,18108,19496,39156,-1552,-3.96,92.88,13.2,2848.8,14845,14818,27,14346,499,3.48,37604,36421,1183
2435,27_Osaka-fu,27202,2000.0,27_Osaka-fu,27202,2436_Kishiwada-shi,190658,90424,100234,194911,-4253,-2.18,90.21,72.72,2621.8,79073,78951,122,75247,3826,5.08,190658,186106,4552
2436,27_Osaka-fu,27203,2000.0,27_Osaka-fu,27203,2437_Toyonaka-shi,401558,188931,212627,395479,6079,1.54,88.86,36.39,11034.8,176967,176759,208,170325,6642,3.90,401558,394125,7433
2437,27_Osaka-fu,27204,2000.0,27_Osaka-fu,27204,2438_Ikeda-shi,104993,49992,55001,103069,1924,1.87,90.89,22.14,4742.2,48611,48542,69,45777,2834,6.19,104993,103263,1730
2438,27_Osaka-fu,27205,2000.0,27_Osaka-fu,27205,2439_Suita-shi,385567,185305,200262,374468,11099,2.96,92.53,36.09,10683.5,180099,179962,137,168473,11626,6.90,385567,379876,5691
2439,27_Osaka-fu,27206,2000.0,27_Osaka-fu,27206,2440_Izumiotsu-shi,74412,35224,39188,75897,-1485,-1.96,89.88,14.33,5192.7,32516,32469,47,31090,1426,4.59,74412,73063,1349
2440,27_Osaka-fu,27207,2000.0,27_Osaka-fu,27207,2441_Takatsuki-shi,352698,168081,184617,351829,869,0.25,91.04,105.29,3349.8,152869,152637,232,148048,4821,3.26,352698,346540,6158
2441,27_Osaka-fu,27208,2000.0,27_Osaka-fu,27208,2442_Kaizuka-shi,84443,40482,43961,88694,-4251,-4.79,92.09,43.93,1922.2,33284,33194,90,33355,-71,-0.21,84443,81554,2889
2442,27_Osaka-fu,27209,2000.0,27_Osaka-fu,27209,2443_Moriguchi-shi,143096,69204,73892,143042,54,0.04,93.66,12.71,11258.5,67860,67753,107,64832,3028,4.67,143096,140166,2930
2443,27_Osaka-fu,27210,2000.0,27_Osaka-fu,27210,2444_Hirakata-shi,397289,188191,209098,404152,-6863,-1.70,90.00,65.12,6100.9,172253,172035,218,167418,4835,2.89,397289,388973,8316
2444,27_Osaka-fu,27211,2000.0,27_Osaka-fu,27211,2445_Ibaraki-shi,287730,138658,149072,280033,7697,2.75,93.01,76.49,3761.7,125089,124953,136,116683,8406,7.20,287730,281518,6212
2445,27_Osaka-fu,27212,2000.0,27_Osaka-fu,27212,2446_Yao-shi,264642,125858,138784,268800,-4158,-1.55,90.69,41.72,6343.3,114265,114115,150,110414,3851,3.49,264642,260189,4453
2446,27_Osaka-fu,27213,2000.0,27_Osaka-fu,27213,2447_Izumisano-shi,100131,47828,52303,100966,-835,-0.83,91.44,56.51,1771.9,43864,43783,81,41566,2298,5.53,100131,97569,2562
2447,27_Osaka-fu,27214,2000.0,27_Osaka-fu,27214,2448_Tondabayashi-shi,108699,50919,57780,113984,-5285,-4.64,88.13,39.72,2736.6,45699,45593,106,45613,86,0.19,108699,105946,2753
2448,27_Osaka-fu,27215,2000.0,27_Osaka-fu,27215,2449_Neyagawa-shi,229733,110807,118926,237518,-7785,-3.28,93.17,24.7,9300.9,101538,101408,130,101549,-11,-0.01,229733,225671,4062
2449,27_Osaka-fu,27216,2000.0,27_Osaka-fu,27216,2450_Kawachinagano-shi,101692,47392,54300,106987,-5295,-4.95,87.28,109.63,927.6,42367,42308,59,42144,223,0.53,101692,99358,2334
2450,27_Osaka-fu,27217,2000.0,27_Osaka-fu,27217,2451_Matsubara-shi,117641,56535,61106,120750,-3109,-2.57,92.52,16.66,7061.3,51902,51830,72,49958,1944,3.89,117641,115766,1875
2451,27_Osaka-fu,27218,2000.0,27_Osaka-fu,27218,2452_Daito-shi,119367,57939,61428,123217,-3850,-3.12,94.32,18.27,6533.5,52686,52642,44,51949,737,1.42,119367,117680,1687
2452,27_Osaka-fu,27219,2000.0,27_Osaka-fu,27219,2453_Izumi-shi,184495,88751,95744,186109,-1614,-0.87,92.70,84.98,2171.0,73701,73587,114,71013,2688,3.79,184495,179743,4752
2453,27_Osaka-fu,27220,2000.0,27_Osaka-fu,27220,2454_Minoh-shi,136868,64992,71876,133411,3457,2.59,90.42,47.9,2857.4,58088,58008,80,56829,1259,2.22,136868,133914,2954
2454,27_Osaka-fu,27221,2000.0,27_Osaka-fu,27221,2455_Kashiwara-shi,68775,32955,35820,71112,-2337,-3.29,92.00,25.33,2715.2,30009,29958,51,29009,1000,3.45,68775,67396,1379
2455,27_Osaka-fu,27222,2000.0,27_Osaka-fu,27222,2456_Habikino-shi,108736,51034,57702,112683,-3947,-3.50,88.44,26.45,4111.0,45008,44917,91,44126,882,2.00,108736,105631,3105
2456,27_Osaka-fu,27223,2000.0,27_Osaka-fu,27223,2457_Kadoma-shi,119764,58772,60992,123576,-3812,-3.08,96.36,12.3,9736.9,57379,57320,59,55825,1554,2.78,119764,117868,1896
2457,27_Osaka-fu,27224,2000.0,27_Osaka-fu,27224,2458_Settsu-shi,87456,43166,44290,85007,2449,2.88,97.46,14.87,5881.4,40243,40206,37,36873,3370,9.14,87456,86188,1268
2458,27_Osaka-fu,27225,2000.0,27_Osaka-fu,27225,2459_Takaishi-shi,55635,26336,29299,56529,-894,-1.58,89.89,11.3,4923.5,23130,23099,31,22461,669,2.98,55635,54307,1328
2459,27_Osaka-fu,27226,2000.0,27_Osaka-fu,27226,2460_Fujiidera-shi,63688,29951,33737,65438,-1750,-2.67,88.78,8.89,7164.0,27814,27773,41,27133,681,2.51,63688,62631,1057
2460,27_Osaka-fu,27227,2000.0,27_Osaka-fu,27227,2461_Higashiosaka-shi,493940,240288,253652,502784,-8844,-1.76,94.73,61.78,7995.1,232303,231950,353,223485,8818,3.95,493940,484464,9476
2461,27_Osaka-fu,27228,2000.0,27_Osaka-fu,27228,2462_Sennan-shi,60102,28718,31384,62438,-2336,-3.74,91.51,48.98,1227.1,23123,23053,70,22800,323,1.42,60102,58215,1887
2462,27_Osaka-fu,27229,2000.0,27_Osaka-fu,27229,2463_Shijonawate-shi,55177,26744,28433,56075,-898,-1.60,94.06,18.69,2952.2,22415,22380,35,22089,326,1.48,55177,53846,1331
2463,27_Osaka-fu,27230,2000.0,27_Osaka-fu,27230,2464_Katano-shi,75033,35805,39228,76435,-1402,-1.83,91.27,25.55,2936.7,29569,29517,52,28923,646,2.23,75033,73496,1537
2464,27_Osaka-fu,27231,2000.0,27_Osaka-fu,27231,2465_Osakasayama-shi,58435,27409,31026,57792,643,1.11,88.34,11.92,4902.3,24216,24187,29,22982,1234,5.37,58435,56826,1609
2465,27_Osaka-fu,27232,2000.0,27_Osaka-fu,27232,2466_Hannan-shi,51254,24250,27004,54276,-3022,-5.57,89.80,36.17,1417.0,20774,20732,42,20710,64,0.31,51254,50276,978
2466,27_Osaka-fu,27301,2000.0,27_Osaka-fu,27301,2467_Shimamoto-cho,30927,14604,16323,29983,944,3.15,89.47,16.81,1839.8,12747,12732,15,12012,735,6.12,30927,30585,342
2467,27_Osaka-fu,27321,2000.0,27_Osaka-fu,27321,2468_Toyono-cho,18279,8676,9603,19934,-1655,-8.30,90.35,34.34,532.3,7580,7575,5,7760,-180,-2.32,18279,17983,296
2468,27_Osaka-fu,27322,2000.0,27_Osaka-fu,27322,2469_Nose-cho,9079,4361,4718,10256,-1177,-11.48,92.43,98.75,91.9,3645,3620,25,3717,-72,-1.94,9079,8716,363
2469,27_Osaka-fu,27341,2000.0,27_Osaka-fu,27341,2470_Tadaoka-cho,16567,7965,8602,17298,-731,-4.23,92.59,3.97,4173.0,6749,6733,16,6726,23,0.34,16567,16129,438
2470,27_Osaka-fu,27361,2000.0,27_Osaka-fu,27361,2471_Kumatori-cho,43763,21310,22453,44435,-672,-1.51,94.91,17.24,2538.5,17256,17219,37,16483,773,4.69,43763,42492,1271
2471,27_Osaka-fu,27362,2000.0,27_Osaka-fu,27362,2472_Tajiri-cho,8434,4176,4258,8417,17,0.20,98.07,5.62,1500.7,3734,3729,5,3772,-38,-1.01,8434,8290,144
2472,27_Osaka-fu,27366,2000.0,27_Osaka-fu,27366,2473_Misaki-cho,14741,6816,7925,15938,-1197,-7.51,86.01,49.18,299.7,6273,6256,17,6407,-134,-2.09,14741,14113,628
2473,27_Osaka-fu,27381,2000.0,27_Osaka-fu,27381,2474_Taishi-cho,13009,6331,6678,13748,-739,-5.38,94.80,14.17,918.1,5048,5036,12,5066,-18,-0.36,13009,12713,296
2474,27_Osaka-fu,27382,2000.0,27_Osaka-fu,27382,2475_Kanan-cho,15697,7621,8076,16126,-429,-2.66,94.37,25.26,621.4,6392,6384,8,6115,277,4.53,15697,15363,334
2475,27_Osaka-fu,27383,2000.0,27_Osaka-fu,27383,2476_Chihayaakasaka-mura,4909,2319,2590,5378,-469,-8.72,89.54,37.3,131.6,1944,1940,4,2036,-92,-4.52,4909,4822,87
2476,28_Hyogo-ken,28000,2000.0,28_Hyogo-ken,28000,2477_Hyogo-ken,5465002,2599756,2865246,5534800,-69798,-1.26,90.73,8401.02,650.5,2402484,2399358,3126,2315200,87284,3.77,5465002,5355504,109498
2477,28_Hyogo-ken,28100,2000.0,28_Hyogo-ken,28100,2478_Kobe-shi,1525152,716452,808700,1537272,-12120,-0.79,88.59,557.02,2738.1,734920,734091,829,705459,29461,4.18,1525152,1495103,30049
2478,28_Hyogo-ken,28101,2000.0,28_Hyogo-ken,28101,2479_Kobe-shi Higashinada-ku,213562,99420,114142,213634,-72,-0.03,87.10,34.02,6277.5,102465,102396,69,97265,5200,5.35,213562,210760,2802
2479,28_Hyogo-ken,28102,2000.0,28_Hyogo-ken,28102,2480_Kobe-shi Nada-ku,136747,63549,73198,136088,659,0.48,86.82,32.66,4187.0,70009,69950,59,67407,2602,3.86,136747,134217,2530
2480,28_Hyogo-ken,28105,2000.0,28_Hyogo-ken,28105,2481_Kobe-shi Hyogo-ku,109144,52901,56243,106956,2188,2.05,94.06,14.67,7439.9,61186,61091,95,57875,3311,5.72,109144,107198,1946
2481,28_Hyogo-ken,28106,2000.0,28_Hyogo-ken,28106,2482_Kobe-shi Nagata-ku,94791,44662,50129,97912,-3121,-3.19,89.09,11.36,8344.3,49601,49539,62,48780,821,1.68,94791,92816,1975
2482,28_Hyogo-ken,28107,2000.0,28_Hyogo-ken,28107,2483_Kobe-shi Suma-ku,158719,73064,85655,162468,-3749,-2.31,85.30,28.93,5486.3,74352,74269,83,73278,1074,1.47,158719,156015,2704
2483,28_Hyogo-ken,28108,2000.0,28_Hyogo-ken,28108,2484_Kobe-shi Tarumi-ku,215302,100260,115042,219474,-4172,-1.90,87.15,28.11,7659.3,97680,97579,101,95473,2207,2.31,215302,211479,3823
2484,28_Hyogo-ken,28109,2000.0,28_Hyogo-ken,28109,2485_Kobe-shi Kita-ku,210492,99465,111027,219805,-9313,-4.24,89.59,240.29,876.0,88489,88319,170,87126,1363,1.56,210492,204459,6033
2485,28_Hyogo-ken,28110,2000.0,28_Hyogo-ken,28110,2486_Kobe-shi Chuo-ku,147518,68236,79282,135153,12365,9.15,86.07,28.97,5092.1,90870,90807,63,81022,9848,12.15,147518,145698,1820
2486,28_Hyogo-ken,28111,2000.0,28_Hyogo-ken,28111,2487_Kobe-shi Nishi-ku,238877,114895,123982,245782,-6905,-2.81,92.67,138.01,1730.9,100268,100141,127,97233,3035,3.12,238877,232461,6416
2487,28_Hyogo-ken,28201,,28_Hyogo-ken,28201,2488_Himeji-shi,530495,256616,273879,535664,-5169,-0.96,93.70,534.56,992.4,224106,223793,313,212801,11305,5.31,530495,520793,9702
2488,28_Hyogo-ken,28201,2000.0,28_Hyogo-ken,28201,2489_(Municipalities as of 2000) Himeji-shi,486958,235612,251346,488459,-1501,-0.31,93.74,275.73,1766.1,207238,206957,281,195835,11403,5.82,486958,478317,8641
2489,28_Hyogo-ken,28421,2000.0,28_Hyogo-ken,28201,2490_(Municipalities as of 2000) Ieshima-cho,4079,2013,2066,4898,-819,-16.72,97.43,20.26,201.3,1801,1800,1,1974,-173,-8.76,4079,4030,49
2490,28_Hyogo-ken,28422,2000.0,28_Hyogo-ken,28201,2491_(Municipalities as of 2000) Yumesaki-cho,16796,8148,8648,18548,-1752,-9.45,94.22,146.18,114.9,6266,6247,19,6351,-85,-1.34,16796,16104,692
2491,28_Hyogo-ken,28444,2000.0,28_Hyogo-ken,28201,2492_(Municipalities as of 2000) Kodera-cho,18002,8614,9388,18735,-733,-3.91,91.76,31.52,571.1,6996,6988,8,6848,148,2.16,18002,17785,217
2492,28_Hyogo-ken,28522,2000.0,28_Hyogo-ken,28201,2493_(Municipalities as of 2000) Yasutomi-cho,4660,2229,2431,5024,-364,-7.25,91.69,60.3,77.3,1805,1801,4,1793,12,0.67,4660,4557,103
2493,28_Hyogo-ken,28202,2000.0,28_Hyogo-ken,28202,2494_Amagasaki-shi,459593,222293,237300,452563,7030,1.55,93.68,50.72,9061.4,221404,221148,256,210433,10971,5.21,459593,452058,7535
2494,28_Hyogo-ken,28203,2000.0,28_Hyogo-ken,28203,2495_Akashi-shi,303601,146746,156855,293409,10192,3.47,93.56,49.42,6143.3,133647,133488,159,121890,11757,9.65,303601,298049,5552
2495,28_Hyogo-ken,28204,2000.0,28_Hyogo-ken,28204,2496_Nishinomiya-shi,485587,226105,259482,487850,-2263,-0.46,87.14,99.96,4857.8,215651,215454,197,210965,4686,2.22,485587,478248,7339
2496,28_Hyogo-ken,28205,,28_Hyogo-ken,28205,2497_Sumoto-shi,41236,19635,21601,44258,-3022,-6.83,90.90,182.38,226.1,17792,17736,56,18081,-289,-1.60,41236,40003,1233
2497,28_Hyogo-ken,28205,2000.0,28_Hyogo-ken,28205,2498_(Municipalities as of 2000) Sumoto-shi,32634,15520,17114,34684,-2050,-5.91,90.69,124.24,262.7,14470,14425,45,14610,-140,-0.96,32634,31721,913
2498,28_Hyogo-ken,28685,2000.0,28_Hyogo-ken,28205,2499_(Municipalities as of 2000) Goshiki-cho,8602,4115,4487,9574,-972,-10.15,91.71,58.21,147.8,3322,3311,11,3471,-149,-4.29,8602,8282,320
2499,28_Hyogo-ken,28206,2000.0,28_Hyogo-ken,28206,2500_Ashiya-shi,93922,42008,51914,95350,-1428,-1.50,80.92,18.47,5085.1,42522,42475,47,41881,641,1.53,93922,92648,1274
2500,28_Hyogo-ken,28207,2000.0,28_Hyogo-ken,28207,2501_Itami-shi,198138,95630,102508,196883,1255,0.64,93.29,25.0,7925.5,82481,82384,97,78903,3578,4.53,198138,193986,4152
2501,28_Hyogo-ken,28208,2000.0,28_Hyogo-ken,28208,2502_Aioi-shi,28355,13592,14763,30129,-1774,-5.89,92.07,90.4,313.7,11806,11779,27,12153,-347,-2.86,28355,27302,1053
2502,28_Hyogo-ken,28209,,28_Hyogo-ken,28209,2503_Toyooka-shi,77489,37303,40186,82250,-4761,-5.79,92.83,697.55,111.1,30180,30115,65,30189,-9,-0.03,77489,75539,1950
2503,28_Hyogo-ken,28209,2000.0,28_Hyogo-ken,28209,2504_(Municipalities as of 2000) Toyooka-shi,41827,20310,21517,43375,-1548,-3.57,94.39,162.35,257.6,16900,16871,29,16548,352,2.13,41827,41054,773
2504,28_Hyogo-ken,28541,2000.0,28_Hyogo-ken,28209,2505_(Municipalities as of 2000) Kinosaki-cho,3125,1432,1693,3519,-394,-11.20,84.58,31.19,100.2,1379,1377,2,1410,-31,-2.20,3125,2997,128
2505,28_Hyogo-ken,28542,2000.0,28_Hyogo-ken,28209,2506_(Municipalities as of 2000) Takeno-cho,4115,1955,2160,4496,-381,-8.47,90.51,102.79,40.0,1486,1483,3,1530,-44,-2.88,4115,3966,149
2506,28_Hyogo-ken,28544,2000.0,28_Hyogo-ken,28209,2507_(Municipalities as of 2000) Hidaka-cho,15517,7420,8097,16609,-1092,-6.57,91.64,150.24,103.3,5671,5663,8,5774,-103,-1.78,15517,15220,297
2507,28_Hyogo-ken,28561,2000.0,28_Hyogo-ken,28209,2508_(Municipalities as of 2000) Izushi-cho,9160,4398,4762,9996,-836,-8.36,92.36,89.13,102.8,3312,3293,19,3388,-76,-2.24,9160,8689,471
2508,28_Hyogo-ken,28562,2000.0,28_Hyogo-ken,28209,2509_(Municipalities as of 2000) Tanto-cho,3745,1788,1957,4255,-510,-11.99,91.36,161.96,23.1,1432,1428,4,1539,-107,-6.95,3745,3613,132
2509,28_Hyogo-ken,28210,2000.0,28_Hyogo-ken,28210,2510_Kakogawa-shi,260878,127473,133405,267435,-6557,-2.45,95.55,138.48,1883.9,107195,107075,120,103495,3700,3.58,260878,255587,5291
2510,28_Hyogo-ken,28212,2000.0,28_Hyogo-ken,28212,2511_Ako-shi,45892,22095,23797,48567,-2675,-5.51,92.85,126.85,361.8,18911,18876,35,18729,182,0.97,45892,44674,1218
2511,28_Hyogo-ken,28213,,28_Hyogo-ken,28213,2512_Nishiwaki-shi,38673,18540,20133,40866,-2193,-5.37,92.09,132.44,292.0,15167,15146,21,15049,118,0.78,38673,37887,786
2512,28_Hyogo-ken,28213,2000.0,28_Hyogo-ken,28213,2513_(Municipalities as of 2000) Nishiwaki-shi,32373,15520,16853,33957,-1584,-4.66,92.09,97.13,333.3,12954,12940,14,12746,208,1.63,32373,31764,609
2513,28_Hyogo-ken,28364,2000.0,28_Hyogo-ken,28213,2514_(Municipalities as of 2000) Kurodasho-cho,6300,3020,3280,6909,-609,-8.81,92.07,35.34,178.3,2213,2206,7,2303,-90,-3.91,6300,6123,177
2514,28_Hyogo-ken,28214,2000.0,28_Hyogo-ken,28214,2515_Takarazuka-shi,226432,103655,122777,224903,1529,0.68,84.43,101.8,2224.3,95465,95366,99,94140,1325,1.41,226432,222619,3813
2515,28_Hyogo-ken,28215,,28_Hyogo-ken,28215,2516_Miki-shi,75294,36259,39035,77178,-1884,-2.44,92.89,176.51,426.6,30370,30318,52,28653,1717,5.99,75294,73363,1931
2516,28_Hyogo-ken,28215,2000.0,28_Hyogo-ken,28215,2517_(Municipalities as of 2000) Miki-shi,68422,32994,35428,69583,-1161,-1.67,93.13,120.13,569.6,27977,27931,46,26261,1716,6.53,68422,66808,1614
2517,28_Hyogo-ken,28321,2000.0,28_Hyogo-ken,28215,2518_(Municipalities as of 2000) Yokawa-cho,6872,3265,3607,7595,-723,-9.52,90.52,56.45,121.7,2393,2387,6,2392,1,0.04,6872,6555,317
2518,28_Hyogo-ken,28216,2000.0,28_Hyogo-ken,28216,2519_Takasago-shi,87722,42379,45343,91030,-3308,-3.63,93.46,34.38,2551.5,36712,36676,36,36340,372,1.02,87722,86727,995
2519,28_Hyogo-ken,28217,2000.0,28_Hyogo-ken,28217,2520_Kawanishi-shi,152321,71289,81032,156375,-4054,-2.59,87.98,53.44,2850.3,63331,63272,59,62675,656,1.05,152321,149613,2708
2520,28_Hyogo-ken,28218,2000.0,28_Hyogo-ken,28218,2521_Ono-shi,47562,23232,24330,48580,-1018,-2.10,95.49,92.94,511.7,17810,17784,26,16860,950,5.63,47562,46459,1103
2521,28_Hyogo-ken,28219,2000.0,28_Hyogo-ken,28219,2522_Sanda-shi,109238,52322,56916,112691,-3453,-3.06,91.93,210.32,519.4,42401,42368,33,41070,1331,3.24,109238,105819,3419
2522,28_Hyogo-ken,28220,2000.0,28_Hyogo-ken,28220,2523_Kasai-shi,42700,21077,21623,44313,-1613,-3.64,97.47,150.98,282.8,16245,16222,23,15364,881,5.73,42700,41576,1124
2523,28_Hyogo-ken,28221,,28_Hyogo-ken,28221,2524_Tambasasayama-shi,39611,18811,20800,41490,-1879,-4.53,90.44,377.59,104.9,15605,15567,38,15578,27,0.17,39611,38598,1013
2524,28_Hyogo-ken,28221,2000.0,28_Hyogo-ken,28221,2525_(Municipalities as of 2000) Sasayama-shi,39611,18811,20800,41490,-1879,-4.53,90.44,377.61,104.9,15605,15567,38,15578,27,0.17,39611,38598,1013
2525,28_Hyogo-ken,28222,,28_Hyogo-ken,28222,2526_Yabu-shi,22129,10623,11506,24288,-2159,-8.89,92.33,422.91,52.3,8388,8369,19,8713,-325,-3.73,22129,21396,733
2526,28_Hyogo-ken,28601,2000.0,28_Hyogo-ken,28222,2527_(Municipalities as of 2000) Yoka-cho,9388,4467,4921,10111,-723,-7.15,90.77,77.06,121.8,3526,3519,7,3600,-74,-2.06,9388,9000,388
2527,28_Hyogo-ken,28602,2000.0,28_Hyogo-ken,28222,2528_(Municipalities as of 2000) Yabu-cho,6565,3200,3365,7144,-579,-8.10,95.10,111.84,58.7,2458,2452,6,2546,-88,-3.46,6565,6427,138
2528,28_Hyogo-ken,28603,2000.0,28_Hyogo-ken,28222,2529_(Municipalities as of 2000) Oya-cho,3104,1472,1632,3533,-429,-12.14,90.20,138.29,22.4,1222,1219,3,1299,-77,-5.93,3104,2991,113
2529,28_Hyogo-ken,28604,2000.0,28_Hyogo-ken,28222,2530_(Municipalities as of 2000) Sekinomiya-cho,3072,1484,1588,3500,-428,-12.23,93.45,95.59,32.1,1182,1179,3,1268,-86,-6.78,3072,2978,94
2530,28_Hyogo-ken,28223,,28_Hyogo-ken,28223,2531_Tamba-shi,61471,29464,32007,64660,-3189,-4.93,92.05,493.21,124.6,23033,22959,74,22553,480,2.13,61471,59662,1809
2531,28_Hyogo-ken,28641,2000.0,28_Hyogo-ken,28223,2532_(Municipalities as of 2000) Kaibara-cho,9731,4676,5055,9870,-139,-1.41,92.50,32.33,301.0,4052,4037,15,3886,166,4.27,9731,9535,196
2532,28_Hyogo-ken,28642,2000.0,28_Hyogo-ken,28223,2533_(Municipalities as of 2000) Hikami-cho,17246,8366,8880,17800,-554,-3.11,94.21,110.14,156.6,6255,6233,22,5948,307,5.16,17246,16487,759
2533,28_Hyogo-ken,28643,2000.0,28_Hyogo-ken,28223,2534_(Municipalities as of 2000) Aogaki-cho,5446,2595,2851,6007,-561,-9.34,91.02,99.86,54.5,2053,2050,3,2091,-38,-1.82,5446,5320,126
2534,28_Hyogo-ken,28644,2000.0,28_Hyogo-ken,28223,2535_(Municipalities as of 2000) Kasuga-cho,10448,5003,5445,10903,-455,-4.17,91.88,75.64,138.1,3811,3793,18,3775,36,0.95,10448,10103,345
2535,28_Hyogo-ken,28645,2000.0,28_Hyogo-ken,28223,2536_(Municipalities as of 2000) Sannan-cho,10429,4947,5482,11343,-914,-8.06,90.24,98.16,106.2,3819,3807,12,3780,39,1.03,10429,10170,259
2536,28_Hyogo-ken,28646,2000.0,28_Hyogo-ken,28223,2537_(Municipalities as of 2000) Ichijima-cho,8171,3877,4294,8737,-566,-6.48,90.29,77.15,105.9,3043,3039,4,3073,-30,-0.98,8171,8047,124
2537,28_Hyogo-ken,28224,,28_Hyogo-ken,28224,2538_Minamiawaji-shi,44137,21114,23023,46912,-2775,-5.92,91.71,229.01,192.7,17047,17011,36,16968,79,0.47,44137,42743,1394
2538,28_Hyogo-ken,28701,2000.0,28_Hyogo-ken,28224,2539_(Municipalities as of 2000) Midori-cho,5495,2576,2919,5931,-436,-7.35,88.25,27.89,197.0,2019,2012,7,2116,-97,-4.58,5495,5290,205
2539,28_Hyogo-ken,28702,2000.0,28_Hyogo-ken,28224,2540_(Municipalities as of 2000) Seidan-cho,9088,4330,4758,9854,-766,-7.77,91.00,55.98,162.3,3584,3581,3,3592,-8,-0.22,9088,8963,125
2540,28_Hyogo-ken,28703,2000.0,28_Hyogo-ken,28224,2541_(Municipalities as of 2000) Mihara-cho,14702,7081,7621,15155,-453,-2.99,92.91,58.35,252.0,5453,5437,16,5142,311,6.05,14702,14090,612
2541,28_Hyogo-ken,28704,2000.0,28_Hyogo-ken,28224,2542_(Municipalities as of 2000) Nandan-cho,14852,7127,7725,15972,-1120,-7.01,92.26,86.92,170.9,5991,5981,10,6118,-127,-2.08,14852,14400,452
2542,28_Hyogo-ken,28225,,28_Hyogo-ken,28225,2543_Asago-shi,28989,13893,15096,30805,-1816,-5.90,92.03,403.06,71.9,11399,11362,37,11500,-101,-0.88,28989,28051,938
2543,28_Hyogo-ken,28621,2000.0,28_Hyogo-ken,28225,2544_(Municipalities as of 2000) Ikuno-cho,3450,1670,1780,3759,-309,-8.22,93.82,112.01,30.8,1410,1403,7,1463,-53,-3.62,3450,3270,180
2544,28_Hyogo-ken,28622,2000.0,28_Hyogo-ken,28225,2545_(Municipalities as of 2000) Wadayama-cho,14873,7158,7715,15490,-617,-3.98,92.78,111.61,133.3,5907,5891,16,5901,6,0.10,14873,14592,281
2545,28_Hyogo-ken,28623,2000.0,28_Hyogo-ken,28225,2546_(Municipalities as of 2000) Santo-cho,5221,2476,2745,5549,-328,-5.91,90.20,49.16,106.2,2028,2023,5,2025,3,0.15,5221,5096,125
2546,28_Hyogo-ken,28624,2000.0,28_Hyogo-ken,28225,2547_(Municipalities as of 2000) Asago-cho,5445,2589,2856,6007,-562,-9.36,90.65,130.2,41.8,2054,2045,9,2111,-57,-2.70,5445,5093,352
2547,28_Hyogo-ken,28226,,28_Hyogo-ken,28226,2548_Awaji-shi,41967,19872,22095,43977,-2010,-4.57,89.94,184.32,227.7,17494,17459,35,17451,43,0.25,41967,40501,1466
2548,28_Hyogo-ken,28681,2000.0,28_Hyogo-ken,28226,2549_(Municipalities as of 2000) Tsuna-cho,14280,6764,7516,14989,-709,-4.73,89.99,55.21,258.6,5992,5982,10,6036,-44,-0.73,14280,13931,349
2549,28_Hyogo-ken,28682,2000.0,28_Hyogo-ken,28226,2550_(Municipalities as of 2000) Awaji-cho,5035,2377,2658,5289,-254,-4.80,89.43,13.2,381.4,2322,2317,5,2301,21,0.91,5035,4918,117
2550,28_Hyogo-ken,28683,2000.0,28_Hyogo-ken,28226,2551_(Municipalities as of 2000) Hokudan-cho,7163,3374,3789,7854,-691,-8.80,89.05,51.07,140.3,2821,2816,5,2927,-106,-3.62,7163,6768,395
2551,28_Hyogo-ken,28684,2000.0,28_Hyogo-ken,28226,2552_(Municipalities as of 2000) Ichinomiya-cho,6889,3312,3577,7379,-490,-6.64,92.59,40.15,171.6,2755,2747,8,2811,-56,-1.99,6889,6750,139
2552,28_Hyogo-ken,28686,2000.0,28_Hyogo-ken,28226,2553_(Municipalities as of 2000) Higashiura-cho,8600,4045,4555,8466,134,1.58,88.80,24.42,352.2,3604,3597,7,3376,228,6.75,8600,8134,466
2553,28_Hyogo-ken,28227,,28_Hyogo-ken,28227,2554_Shiso-shi,34819,16635,18184,37773,-2954,-7.82,91.48,658.54,52.9,12882,12856,26,12723,159,1.25,34819,34066,753
2554,28_Hyogo-ken,28521,2000.0,28_Hyogo-ken,28227,2555_(Municipalities as of 2000) Yamasaki-cho,21877,10447,11430,23108,-1231,-5.33,91.40,178.89,122.3,8272,8258,14,7954,318,4.00,21877,21540,337
2555,28_Hyogo-ken,28523,2000.0,28_Hyogo-ken,28227,2556_(Municipalities as of 2000) Ichinomiya-cho,7213,3504,3709,8101,-888,-10.96,94.47,213.84,33.7,2508,2501,7,2541,-33,-1.30,7213,7053,160
2556,28_Hyogo-ken,28524,2000.0,28_Hyogo-ken,28227,2557_(Municipalities as of 2000) Haga-cho,3237,1520,1717,3704,-467,-12.61,88.53,161.3,20.1,1151,1147,4,1237,-86,-6.95,3237,3036,201
2557,28_Hyogo-ken,28525,2000.0,28_Hyogo-ken,28227,2558_(Municipalities as of 2000) Chikusa-cho,2492,1164,1328,2860,-368,-12.87,87.65,104.57,23.8,951,950,1,991,-40,-4.04,2492,2437,55
2558,28_Hyogo-ken,28228,,28_Hyogo-ken,28228,2559_Kato-shi,40645,19956,20689,40310,335,0.83,96.46,157.55,258.0,17070,17032,38,15086,1984,13.15,40645,39577,1068
2559,28_Hyogo-ken,28341,2000.0,28_Hyogo-ken,28228,2560_(Municipalities as of 2000) Yashiro-cho,20517,10002,10515,20471,46,0.22,95.12,87.4,234.7,8998,8986,12,7835,1163,14.84,20517,20286,231
2560,28_Hyogo-ken,28342,2000.0,28_Hyogo-ken,28228,2561_(Municipalities as of 2000) Takino-cho,12601,6236,6365,12468,133,1.07,97.97,19.77,637.4,5035,5015,20,4566,469,10.27,12601,11856,745
2561,28_Hyogo-ken,28343,2000.0,28_Hyogo-ken,28228,2562_(Municipalities as of 2000) Tojo-cho,7527,3718,3809,7371,156,2.12,97.61,50.32,149.6,3037,3031,6,2685,352,13.11,7527,7435,92
2562,28_Hyogo-ken,28229,,28_Hyogo-ken,28229,2563_Tatsuno-shi,74316,35918,38398,77419,-3103,-4.01,93.54,210.87,352.4,27757,27655,102,27297,460,1.69,74316,72030,2286
2563,28_Hyogo-ken,28211,2000.0,28_Hyogo-ken,28229,2564_(Municipalities as of 2000) Tatsuno-shi,39048,18972,20076,39661,-613,-1.55,94.50,69.75,559.8,14810,14783,27,14287,523,3.66,39048,38379,669
2564,28_Hyogo-ken,28461,2000.0,28_Hyogo-ken,28229,2565_(Municipalities as of 2000) Shingu-cho,13554,6565,6989,14720,-1166,-7.92,93.93,99.55,136.2,4802,4750,52,4843,-41,-0.85,13554,12636,918
2565,28_Hyogo-ken,28462,2000.0,28_Hyogo-ken,28229,2566_(Municipalities as of 2000) Ibogawa-cho,11774,5644,6130,12379,-605,-4.89,92.07,23.66,497.6,4396,4379,17,4409,-13,-0.29,11774,11185,589
2566,28_Hyogo-ken,28463,2000.0,28_Hyogo-ken,28229,2567_(Municipalities as of 2000) Mitsu-cho,9940,4737,5203,10659,-719,-6.75,91.04,17.97,553.1,3749,3743,6,3758,-9,-0.24,9940,9830,110
2567,28_Hyogo-ken,28301,2000.0,28_Hyogo-ken,28301,2568_Inagawa-cho,29680,13975,15705,30838,-1158,-3.76,88.98,90.33,328.6,10995,10977,18,10780,215,1.99,29680,28941,739
2568,28_Hyogo-ken,28365,,28_Hyogo-ken,28365,2569_Taka-cho,19261,9311,9950,21200,-1939,-9.15,93.58,185.19,104.0,6562,6544,18,6665,-103,-1.55,19261,18473,788
2569,28_Hyogo-ken,28361,2000.0,28_Hyogo-ken,28365,2570_(Municipalities as of 2000) Naka-cho,9059,4381,4678,9910,-851,-8.59,93.65,48.02,188.7,3072,3057,15,3180,-108,-3.40,9059,8531,528
2570,28_Hyogo-ken,28362,2000.0,28_Hyogo-ken,28365,2571_(Municipalities as of 2000) Kami-cho,5530,2688,2842,6056,-526,-8.69,94.58,84.06,65.8,1864,1862,2,1867,-3,-0.16,5530,5429,101
2571,28_Hyogo-ken,28363,2000.0,28_Hyogo-ken,28365,2572_(Municipalities as of 2000) Yachiyo-cho,4672,2242,2430,5234,-562,-10.74,92.26,53.07,88.0,1626,1625,1,1618,8,0.49,4672,4513,159
2572,28_Hyogo-ken,28381,2000.0,28_Hyogo-ken,28381,2573_Inami-cho,30268,14775,15493,31020,-752,-2.42,95.37,34.92,866.8,11384,11370,14,11026,358,3.25,30268,29669,599
2573,28_Hyogo-ken,28382,2000.0,28_Hyogo-ken,28382,2574_Harima-cho,33604,16332,17272,33739,-135,-0.40,94.56,9.13,3680.6,13792,13781,11,13258,534,4.03,33604,33403,201
2574,28_Hyogo-ken,28442,2000.0,28_Hyogo-ken,28442,2575_Ichikawa-cho,11231,5482,5749,12300,-1069,-8.69,95.36,82.67,135.9,4324,4320,4,4334,-10,-0.23,11231,11129,102
2575,28_Hyogo-ken,28443,2000.0,28_Hyogo-ken,28443,2576_Fukusaki-cho,19377,9461,9916,19738,-361,-1.83,95.41,45.79,423.2,7795,7784,11,6906,889,12.87,19377,18863,514
2576,28_Hyogo-ken,28446,,28_Hyogo-ken,28446,2577_Kamikawa-cho,10616,4958,5658,11452,-836,-7.30,87.63,202.23,52.5,3779,3768,11,3798,-19,-0.50,10616,10337,279
2577,28_Hyogo-ken,28441,2000.0,28_Hyogo-ken,28446,2578_(Municipalities as of 2000) Kanzaki-cho,6615,3082,3533,7063,-448,-6.34,87.23,105.1,62.9,2306,2300,6,2295,11,0.48,6615,6434,181
2578,28_Hyogo-ken,28445,2000.0,28_Hyogo-ken,28446,2579_(Municipalities as of 2000) Okawachi-cho,4001,1876,2125,4389,-388,-8.84,88.28,97.17,41.2,1473,1468,5,1503,-30,-2.00,4001,3903,98
2579,28_Hyogo-ken,28464,2000.0,28_Hyogo-ken,28464,2580_Taishi-cho,33477,16253,17224,33690,-213,-0.63,94.36,22.61,1480.6,12757,12745,12,12092,665,5.50,33477,32985,492
2580,28_Hyogo-ken,28481,2000.0,28_Hyogo-ken,28481,2581_Kamigori-cho,13879,6717,7162,15224,-1345,-8.83,93.79,150.26,92.4,5537,5524,13,5715,-178,-3.11,13879,13524,355
2581,28_Hyogo-ken,28501,,28_Hyogo-ken,28501,2582_Sayo-cho,15863,7567,8296,17510,-1647,-9.41,91.21,307.44,51.6,5927,5902,25,6108,-181,-2.96,15863,14873,990
2582,28_Hyogo-ken,28501,2000.0,28_Hyogo-ken,28501,2583_(Municipalities as of 2000) Sayo-cho,6435,3093,3342,7068,-633,-8.96,92.55,115.78,55.6,2470,2458,12,2527,-57,-2.26,6435,6065,370
2583,28_Hyogo-ken,28502,2000.0,28_Hyogo-ken,28501,2584_(Municipalities as of 2000) Kozuki-cho,3634,1760,1874,4099,-465,-11.34,93.92,91.68,39.6,1404,1403,1,1478,-74,-5.01,3634,3561,73
2584,28_Hyogo-ken,28503,2000.0,28_Hyogo-ken,28501,2585_(Municipalities as of 2000) Nanko-cho,3344,1581,1763,3628,-284,-7.83,89.68,49.86,67.1,1141,1134,7,1146,-5,-0.44,3344,2962,382
2585,28_Hyogo-ken,28504,2000.0,28_Hyogo-ken,28501,2586_(Municipalities as of 2000) Mikazuki-cho,2450,1133,1317,2715,-265,-9.76,86.03,50.19,48.8,912,907,5,957,-45,-4.70,2450,2285,165
2586,28_Hyogo-ken,28585,,28_Hyogo-ken,28585,2587_Kami-cho,16064,7636,8428,18070,-2006,-11.10,90.60,368.77,43.6,5912,5888,24,6228,-316,-5.07,16064,15641,423
2587,28_Hyogo-ken,28543,2000.0,28_Hyogo-ken,28585,2588_(Municipalities as of 2000) Kasumi-cho,10088,4816,5272,11217,-1129,-10.07,91.35,137.2,73.5,3608,3596,12,3759,-151,-4.02,10088,9865,223
2588,28_Hyogo-ken,28581,2000.0,28_Hyogo-ken,28585,2589_(Municipalities as of 2000) Muraoka-cho,4266,2030,2236,4888,-622,-12.73,90.79,165.66,25.8,1655,1645,10,1757,-102,-5.81,4266,4157,109
2589,28_Hyogo-ken,28583,2000.0,28_Hyogo-ken,28585,2590_(Municipalities as of 2000) Mikata-cho,1710,790,920,1965,-255,-12.98,85.87,66.16,25.8,649,647,2,712,-63,-8.85,1710,1619,91
2590,28_Hyogo-ken,28586,,28_Hyogo-ken,28586,2591_Shinonsen-cho,13318,6302,7016,14819,-1501,-10.13,89.82,241.01,55.3,4929,4919,10,5291,-362,-6.84,13318,12989,329
2591,28_Hyogo-ken,28582,2000.0,28_Hyogo-ken,28586,2592_(Municipalities as of 2000) Hamasaka-cho,8342,3950,4392,9222,-880,-9.54,89.94,102.98,81.0,3137,3132,5,3376,-239,-7.08,8342,8168,174
2592,28_Hyogo-ken,28584,2000.0,28_Hyogo-ken,28586,2593_(Municipalities as of 2000) Onsen-cho,4976,2352,2624,5597,-621,-11.10,89.63,138.02,36.1,1792,1787,5,1915,-123,-6.42,4976,4821,155
2593,29_Nara-ken,29000,2000.0,29_Nara-ken,29000,2594_Nara-ken,1324473,623926,700547,1364316,-39843,-2.92,89.06,3690.94,358.8,544981,543908,1073,530221,14760,2.78,1324473,1292985,31488
2594,29_Nara-ken,29201,,29_Nara-ken,29201,2595_Nara-shi,354630,164846,189784,360310,-5680,-1.58,86.86,276.94,1280.5,155305,155069,236,148920,6385,4.29,354630,346103,8527
2595,29_Nara-ken,29201,2000.0,29_Nara-ken,29201,2596_(Municipalities as of 2000) Nara-shi,348250,161776,186474,353208,-4958,-1.40,86.76,211.6,1645.8,152986,152755,231,146608,6378,4.35,348250,339931,8319
2596,29_Nara-ken,29301,2000.0,29_Nara-ken,29201,2597_(Municipalities as of 2000) Tsukigase-mura,1286,599,687,1455,-169,-11.62,87.19,21.35,60.2,430,429,1,443,-13,-2.93,1286,1240,46
2597,29_Nara-ken,29321,2000.0,29_Nara-ken,29201,2598_(Municipalities as of 2000) Tsuge-mura,5094,2471,2623,5647,-553,-9.79,94.21,43.98,115.8,1889,1885,4,1869,20,1.07,5094,4932,162
2598,29_Nara-ken,29202,2000.0,29_Nara-ken,29202,2599_Yamatotakada-shi,61744,28981,32763,64817,-3073,-4.74,88.46,16.48,3746.6,26095,26064,31,25619,476,1.86,61744,60673,1071
2599,29_Nara-ken,29203,2000.0,29_Nara-ken,29203,2600_Yamatokoriyama-shi,83285,39249,44036,87050,-3765,-4.33,89.13,42.69,1950.9,34216,34153,63,34138,78,0.23,83285,81260,2025
2600,29_Nara-ken,29204,2000.0,29_Nara-ken,29204,2601_Tenri-shi,63889,31275,32614,67398,-3509,-5.21,95.89,86.42,739.3,25619,25377,242,25810,-191,-0.74,63889,60157,3732
2601,29_Nara-ken,29205,2000.0,29_Nara-ken,29205,2602_Kashihara-shi,120922,57336,63586,124111,-3189,-2.57,90.17,39.56,3056.7,51330,51271,59,49923,1407,2.82,120922,119039,1883
2602,29_Nara-ken,29206,2000.0,29_Nara-ken,29206,2603_Sakurai-shi,54857,25909,28948,57244,-2387,-4.17,89.50,98.91,554.6,22011,21979,32,21672,339,1.56,54857,53942,915
2603,29_Nara-ken,29207,,29_Nara-ken,29207,2604_Gojo-shi,27927,13180,14747,30997,-3070,-9.90,89.37,292.02,95.6,10897,10873,24,11199,-302,-2.70,27927,26878,1049
2604,29_Nara-ken,29207,2000.0,29_Nara-ken,29207,2605_(Municipalities as of 2000) Gojo-shi,25629,12068,13561,28212,-2583,-9.16,88.99,89.04,287.8,9937,9915,22,10103,-166,-1.64,25629,24606,1023
2605,29_Nara-ken,29445,2000.0,29_Nara-ken,29207,2606_(Municipalities as of 2000) Nishiyoshino-mura,2108,1009,1099,2526,-418,-16.55,91.81,91.88,22.9,841,839,2,952,-111,-11.66,2108,2082,26
2606,29_Nara-ken,29448,2000.0,29_Nara-ken,29207,2607_(Municipalities as of 2000) Oto-mura,190,103,87,259,-69,-26.64,118.39,111.06,1.7,119,119,NULL,144,-25,-17.36,190,190,NULL
2607,29_Nara-ken,29208,2000.0,29_Nara-ken,29208,2608_Gose-shi,24096,11122,12974,26868,-2772,-10.32,85.73,60.58,397.8,9996,9970,26,10415,-419,-4.02,24096,23223,873
2608,29_Nara-ken,29209,2000.0,29_Nara-ken,29209,2609_Ikoma-shi,116675,55107,61568,118233,-1558,-1.32,89.51,53.15,2195.2,47666,47617,49,45593,2073,4.55,116675,115452,1223
2609,29_Nara-ken,29210,2000.0,29_Nara-ken,29210,2610_Kashiba-shi,78113,36925,41188,77561,552,0.71,89.65,24.26,3219.8,29609,29573,36,27802,1807,6.50,78113,76917,1196
2610,29_Nara-ken,29211,,29_Nara-ken,29211,2611_Katsuragi-shi,36832,17526,19306,36635,197,0.54,90.78,33.72,1092.3,13288,13270,18,12544,744,5.93,36832,36017,815
2611,29_Nara-ken,29421,2000.0,29_Nara-ken,29211,2612_(Municipalities as of 2000) Shinjo-cho,20892,9928,10964,20753,139,0.67,90.55,17.77,1175.7,7517,7506,11,7078,439,6.20,20892,20405,487
2612,29_Nara-ken,29422,2000.0,29_Nara-ken,29211,2613_(Municipalities as of 2000) Taima-cho,15940,7598,8342,15882,58,0.37,91.08,15.96,998.7,5771,5764,7,5466,305,5.58,15940,15612,328
2613,29_Nara-ken,29212,,29_Nara-ken,29212,2614_Uda-shi,28121,13374,14747,31105,-2984,-9.59,90.69,247.5,113.6,10852,10812,40,11155,-303,-2.72,28121,27285,836
2614,29_Nara-ken,29381,2000.0,29_Nara-ken,29212,2615_(Municipalities as of 2000) Ouda-cho,5823,2749,3074,6616,-793,-11.99,89.43,47.44,122.7,2222,2218,4,2343,-121,-5.16,5823,5729,94
2615,29_Nara-ken,29382,2000.0,29_Nara-ken,29212,2616_(Municipalities as of 2000) Utano-cho,3276,1582,1694,3773,-497,-13.17,93.39,27.78,117.9,1235,1219,16,1312,-77,-5.87,3276,3186,90
2616,29_Nara-ken,29383,2000.0,29_Nara-ken,29212,2617_(Municipalities as of 2000) Haibara-cho,15090,7211,7879,16228,-1138,-7.01,91.52,64.41,234.3,5836,5821,15,5855,-19,-0.32,15090,14568,522
2617,29_Nara-ken,29384,2000.0,29_Nara-ken,29212,2618_(Municipalities as of 2000) Muro-mura,3932,1832,2100,4488,-556,-12.39,87.24,107.99,36.4,1559,1554,5,1645,-86,-5.23,3932,3802,130
2618,29_Nara-ken,29322,2000.0,29_Nara-ken,29322,2619_Yamazoe-mura,3226,1543,1683,3674,-448,-12.19,91.68,66.52,48.5,1110,1101,9,1144,-34,-2.97,3226,3127,99
2619,29_Nara-ken,29342,2000.0,29_Nara-ken,29342,2620_Heguri-cho,18009,8446,9563,18883,-874,-4.63,88.32,23.9,753.5,7173,7164,9,7158,15,0.21,18009,17747,262
2620,29_Nara-ken,29343,2000.0,29_Nara-ken,29343,2621_Sango-cho,23219,10877,12342,23571,-352,-1.49,88.13,8.79,2641.5,9494,9463,31,9155,339,3.70,23219,21979,1240
2621,29_Nara-ken,29344,2000.0,29_Nara-ken,29344,2622_Ikaruga-cho,27587,12979,14608,27303,284,1.04,88.85,14.27,1933.2,10902,10891,11,10330,572,5.54,27587,27279,308
2622,29_Nara-ken,29345,2000.0,29_Nara-ken,29345,2623_Ando-cho,7225,3387,3838,7443,-218,-2.93,88.25,4.31,1676.3,3068,3064,4,2875,193,6.71,7225,6998,227
2623,29_Nara-ken,29361,2000.0,29_Nara-ken,29361,2624_Kawanishi-cho,8167,3944,4223,8485,-318,-3.75,93.39,5.93,1377.2,3206,3204,2,3248,-42,-1.29,8167,8115,52
2624,29_Nara-ken,29362,2000.0,29_Nara-ken,29362,2625_Miyake-cho,6439,3049,3390,6836,-397,-5.81,89.94,4.06,1586.0,2645,2639,6,2629,16,0.61,6439,6410,29
2625,29_Nara-ken,29363,2000.0,29_Nara-ken,29363,2626_Tawaramoto-cho,31177,14870,16307,31691,-514,-1.62,91.19,21.09,1478.3,11905,11879,26,11463,442,3.86,31177,30550,627
2626,29_Nara-ken,29385,2000.0,29_Nara-ken,29385,2627_Soni-mura,1295,595,700,1549,-254,-16.40,85.00,47.76,27.1,593,592,1,622,-29,-4.66,1295,1269,26
2627,29_Nara-ken,29386,2000.0,29_Nara-ken,29386,2628_Mitsue-mura,1479,694,785,1759,-280,-15.92,88.41,79.58,18.6,705,700,5,748,-43,-5.75,1479,1391,88
2628,29_Nara-ken,29401,2000.0,29_Nara-ken,29401,2629_Takatori-cho,6729,3139,3590,7195,-466,-6.48,87.44,25.79,260.9,2320,2303,17,2396,-76,-3.17,6729,6069,660
2629,29_Nara-ken,29402,2000.0,29_Nara-ken,29402,2630_Asuka-mura,5179,2439,2740,5523,-344,-6.23,89.01,24.1,214.9,1786,1776,10,1779,7,0.39,5179,4951,228
2630,29_Nara-ken,29424,2000.0,29_Nara-ken,29424,2631_Kanmaki-cho,21714,10117,11597,22054,-340,-1.54,87.24,6.14,3536.5,8558,8534,24,8085,473,5.85,21714,20540,1174
2631,29_Nara-ken,29425,2000.0,29_Nara-ken,29425,2632_Oji-cho,24043,11375,12668,23025,1018,4.42,89.79,7.01,3429.8,10031,10025,6,9347,684,7.32,24043,23885,158
2632,29_Nara-ken,29426,2000.0,29_Nara-ken,29426,2633_Koryo-cho,33810,16045,17765,33487,323,0.96,90.32,16.3,2074.2,11921,11913,8,11012,909,8.25,33810,33437,373
2633,29_Nara-ken,29427,2000.0,29_Nara-ken,29427,2634_Kawai-cho,17018,7918,9100,17941,-923,-5.14,87.01,8.23,2067.8,6792,6771,21,6712,80,1.19,17018,16467,551
2634,29_Nara-ken,29441,2000.0,29_Nara-ken,29441,2635_Yoshino-cho,6229,2840,3389,7399,-1170,-15.81,83.80,95.65,65.1,2659,2656,3,2946,-287,-9.74,6229,6051,178
2635,29_Nara-ken,29442,2000.0,29_Nara-ken,29442,2636_Oyodo-cho,16728,7936,8792,18069,-1341,-7.42,90.26,38.1,439.1,6509,6498,11,6509,0,0.00,16728,16105,623
2636,29_Nara-ken,29443,2000.0,29_Nara-ken,29443,2637_Shimoichi-cho,5037,2356,2681,5664,-627,-11.07,87.88,61.99,81.3,2139,2137,2,2232,-93,-4.17,5037,4950,87
2637,29_Nara-ken,29444,2000.0,29_Nara-ken,29444,2638_Kurotaki-mura,623,296,327,660,-37,-5.61,90.52,47.7,13.1,307,307,NULL,311,-4,-1.29,623,623,NULL
2638,29_Nara-ken,29446,2000.0,29_Nara-ken,29446,2639_Tenkawa-mura,1176,567,609,1354,-178,-13.15,93.10,175.66,6.7,561,561,NULL,628,-67,-10.67,1176,1176,NULL
2639,29_Nara-ken,29447,2000.0,29_Nara-ken,29447,2640_Nosegawa-mura,357,176,181,449,-92,-20.49,97.24,154.9,2.3,204,203,1,227,-23,-10.13,357,354,3
2640,29_Nara-ken,29449,2000.0,29_Nara-ken,29449,2641_Totsukawa-mura,3061,1663,1398,3508,-447,-12.74,118.96,672.38,4.6,1410,1403,7,1578,-168,-10.65,3061,2755,306
2641,29_Nara-ken,29450,2000.0,29_Nara-ken,29450,2642_Shimokitayama-mura,753,361,392,895,-142,-15.87,92.09,133.39,5.6,447,446,1,517,-70,-13.54,753,740,13
2642,29_Nara-ken,29451,2000.0,29_Nara-ken,29451,2643_Kamikitayama-mura,444,227,217,512,-68,-13.28,104.61,274.22,1.6,265,265,NULL,270,-5,-1.85,444,444,NULL
2643,29_Nara-ken,29452,2000.0,29_Nara-ken,29452,2644_Kawakami-mura,1156,554,602,1313,-157,-11.96,92.03,269.26,4.3,625,625,NULL,680,-55,-8.09,1156,1156,NULL
2644,29_Nara-ken,29453,2000.0,29_Nara-ken,29453,2645_Higashiyoshino-mura,1502,703,799,1745,-243,-13.93,87.98,131.65,11.4,762,760,2,830,-68,-8.19,1502,1471,31
2645,30_Wakayama-ken,30000,2000.0,30_Wakayama-ken,30000,2646_Wakayama-ken,922584,435051,487533,963579,-40995,-4.25,89.24,4724.65,195.3,394483,393489,994,392332,2151,0.55,922584,896425,26159
2646,30_Wakayama-ken,30201,2000.0,30_Wakayama-ken,30201,2647_Wakayama-shi,356729,167947,188782,364154,-7425,-2.04,88.96,208.85,1708.1,157666,157310,356,153089,4577,2.99,356729,347360,9369
2647,30_Wakayama-ken,30202,,30_Wakayama-ken,30202,2648_Kainan-shi,48369,22548,25821,51860,-3491,-6.73,87.32,101.06,478.6,20088,20039,49,20678,-590,-2.85,48369,47259,1110
2648,30_Wakayama-ken,30202,2000.0,30_Wakayama-ken,30202,2649_(Municipalities as of 2000) Kainan-shi,37863,17624,20239,40118,-2255,-5.62,87.08,61.35,617.2,16005,15965,40,16410,-405,-2.47,37863,37021,842
2649,30_Wakayama-ken,30301,2000.0,30_Wakayama-ken,30202,2650_(Municipalities as of 2000) Shimotsu-cho,10506,4924,5582,11742,-1236,-10.53,88.21,39.83,263.8,4083,4074,9,4268,-185,-4.33,10506,10238,268
2650,30_Wakayama-ken,30203,,30_Wakayama-ken,30203,2651_Hashimoto-shi,60818,28621,32197,63621,-2803,-4.41,88.89,130.55,465.9,24028,23975,53,23653,375,1.59,60818,59098,1720
2651,30_Wakayama-ken,30203,2000.0,30_Wakayama-ken,30203,2652_(Municipalities as of 2000) Hashimoto-shi,48518,22934,25584,50543,-2025,-4.01,89.64,110.18,440.4,18902,18857,45,18446,456,2.47,48518,47078,1440
2652,30_Wakayama-ken,30342,2000.0,30_Wakayama-ken,30203,2653_(Municipalities as of 2000) Koyaguchi-cho,12300,5687,6613,13078,-778,-5.95,86.00,20.06,613.2,5126,5118,8,5207,-81,-1.56,12300,12020,280
2653,30_Wakayama-ken,30204,2000.0,30_Wakayama-ken,30204,2654_Arida-shi,26538,12576,13962,28470,-1932,-6.79,90.07,36.83,720.6,10270,10250,20,10576,-306,-2.89,26538,25968,570
2654,30_Wakayama-ken,30205,2000.0,30_Wakayama-ken,30205,2655_Gobo-shi,23481,11404,12077,24801,-1320,-5.32,94.43,43.91,534.8,10123,10076,47,9913,210,2.12,23481,22539,942
2655,30_Wakayama-ken,30206,,30_Wakayama-ken,30206,2656_Tanabe-shi,69870,32790,37080,74770,-4900,-6.55,88.43,1026.91,68.0,31215,31114,101,32163,-948,-2.95,69870,67879,1991
2656,30_Wakayama-ken,30206,2000.0,30_Wakayama-ken,30206,2657_(Municipalities as of 2000) Tanabe-shi,59873,28030,31843,63264,-3391,-5.36,88.03,136.42,438.9,26527,26465,62,26990,-463,-1.72,59873,58417,1456
2657,30_Wakayama-ken,30387,2000.0,30_Wakayama-ken,30206,2658_(Municipalities as of 2000) Ryujin-mura,2751,1306,1445,3252,-501,-15.41,90.38,255.13,10.8,1279,1274,5,1423,-144,-10.12,2751,2673,78
2658,30_Wakayama-ken,30402,2000.0,30_Wakayama-ken,30206,2659_(Municipalities as of 2000) Nakahechi-cho,2420,1158,1262,2746,-326,-11.87,91.76,211.95,11.4,1152,1142,10,1277,-125,-9.79,2420,2280,140
2659,30_Wakayama-ken,30403,2000.0,30_Wakayama-ken,30206,2660_(Municipalities as of 2000) Oto-mura,2378,1152,1226,2701,-323,-11.96,93.96,219.06,10.9,1007,991,16,1102,-95,-8.62,2378,2148,230
2660,30_Wakayama-ken,30426,2000.0,30_Wakayama-ken,30206,2661_(Municipalities as of 2000) Hongu-cho,2448,1144,1304,2807,-359,-12.79,87.73,204.06,12.0,1250,1242,8,1371,-121,-8.83,2448,2361,87
2661,30_Wakayama-ken,30207,,30_Wakayama-ken,30207,2662_Shingu-shi,27171,12610,14561,29331,-2160,-7.36,86.60,255.23,106.5,13123,13075,48,13617,-494,-3.63,27171,26166,1005
2662,30_Wakayama-ken,30207,2000.0,30_Wakayama-ken,30207,2663_(Municipalities as of 2000) Shingu-shi,26044,12061,13983,28012,-1968,-7.03,86.25,79.66,326.9,12590,12551,39,12988,-398,-3.06,26044,25164,880
2663,30_Wakayama-ken,30425,2000.0,30_Wakayama-ken,30207,2664_(Municipalities as of 2000) Kumanogawa-cho,1127,549,578,1319,-192,-14.56,94.98,175.47,6.4,533,524,9,629,-96,-15.26,1127,1002,125
2664,30_Wakayama-ken,30208,,30_Wakayama-ken,30208,2665_Kinokawa-shi,58816,27815,31001,62616,-3800,-6.07,89.72,228.21,257.7,23351,23316,35,23457,-106,-0.45,58816,57761,1055
2665,30_Wakayama-ken,30321,2000.0,30_Wakayama-ken,30208,2666_(Municipalities as of 2000) Uchita-cho,15531,7399,8132,15608,-77,-0.49,90.99,48.45,320.6,6263,6253,10,6064,199,3.28,15531,15182,349
2666,30_Wakayama-ken,30322,2000.0,30_Wakayama-ken,30208,2667_(Municipalities as of 2000) Kokawa-cho,11723,5470,6253,13031,-1308,-10.04,87.48,77.73,150.8,4563,4554,9,4663,-100,-2.14,11723,11437,286
2667,30_Wakayama-ken,30323,2000.0,30_Wakayama-ken,30208,2668_(Municipalities as of 2000) Naga-cho,6450,3015,3435,7091,-641,-9.04,87.77,28.12,229.4,2611,2609,2,2679,-68,-2.54,6450,6371,79
2668,30_Wakayama-ken,30324,2000.0,30_Wakayama-ken,30208,2669_(Municipalities as of 2000) Momoyama-cho,6591,3091,3500,7181,-590,-8.22,88.31,51.75,127.4,2525,2518,7,2645,-120,-4.54,6591,6387,204
2669,30_Wakayama-ken,30325,2000.0,30_Wakayama-ken,30208,2670_(Municipalities as of 2000) Kishigawa-cho,18521,8840,9681,19705,-1184,-6.01,91.31,22.49,823.5,7389,7382,7,7406,-17,-0.23,18521,18384,137
2670,30_Wakayama-ken,30326,,30_Wakayama-ken,30209,2671_Iwade-shi,53967,25969,27998,53452,515,0.96,92.75,38.51,1401.4,21999,21965,34,20774,1225,5.90,53967,52701,1266
2671,30_Wakayama-ken,30326,2000.0,30_Wakayama-ken,30209,2672_(Municipalities as of 2000) Iwade-cho,53967,25969,27998,53452,515,0.96,92.75,38.5,1401.7,21999,21965,34,20774,1225,5.90,53967,52701,1266
2672,30_Wakayama-ken,30304,,30_Wakayama-ken,30304,2673_Kimino-cho,8256,3796,4460,9206,-950,-10.32,85.11,128.34,64.3,3474,3465,9,3762,-288,-7.66,8256,7814,442
2673,30_Wakayama-ken,30302,2000.0,30_Wakayama-ken,30304,2674_(Municipalities as of 2000) Nokami-cho,5795,2663,3132,6399,-604,-9.44,85.03,38.56,150.3,2351,2346,5,2499,-148,-5.92,5795,5475,320
2674,30_Wakayama-ken,30303,2000.0,30_Wakayama-ken,30304,2675_(Municipalities as of 2000) Misato-cho,2461,1133,1328,2807,-346,-12.33,85.32,89.45,27.5,1123,1119,4,1263,-140,-11.08,2461,2339,122
2675,30_Wakayama-ken,30341,,30_Wakayama-ken,30341,2676_Katsuragi-cho,15967,7428,8539,16992,-1025,-6.03,86.99,151.69,105.3,6223,6210,13,6315,-92,-1.46,15967,15405,562
2676,30_Wakayama-ken,30341,2000.0,30_Wakayama-ken,30341,2677_(Municipalities as of 2000) Katsuragi-cho,15721,7319,8402,16685,-964,-5.78,87.11,104.29,150.7,6085,6073,12,6148,-63,-1.02,15721,15163,558
2677,30_Wakayama-ken,30345,2000.0,30_Wakayama-ken,30341,2678_(Municipalities as of 2000) Hanazono-mura,246,109,137,307,-61,-19.87,79.56,47.44,5.2,138,137,1,167,-29,-17.37,246,242,4
2678,30_Wakayama-ken,30343,2000.0,30_Wakayama-ken,30343,2679_Kudoyama-cho,3856,1782,2074,4377,-521,-11.90,85.92,44.15,87.3,1528,1524,4,1649,-121,-7.34,3856,3715,141
2679,30_Wakayama-ken,30344,2000.0,30_Wakayama-ken,30344,2680_Koya-cho,2970,1499,1471,3352,-382,-11.40,101.90,137.03,21.7,1408,1402,6,1468,-60,-4.09,2970,2810,160
2680,30_Wakayama-ken,30361,2000.0,30_Wakayama-ken,30361,2681_Yuasa-cho,11122,5196,5926,12200,-1078,-8.84,87.68,20.79,535.0,4599,4591,8,4755,-156,-3.28,11122,10817,305
2681,30_Wakayama-ken,30362,2000.0,30_Wakayama-ken,30362,2682_Hirogawa-cho,6781,3195,3586,7224,-443,-6.13,89.10,65.33,103.8,2481,2476,5,2503,-22,-0.88,6781,6569,212
2682,30_Wakayama-ken,30366,,30_Wakayama-ken,30366,2683_Aridagawa-cho,25258,11953,13305,26361,-1103,-4.18,89.84,351.84,71.8,9506,9480,26,9426,80,0.85,25258,24517,741
2683,30_Wakayama-ken,30363,2000.0,30_Wakayama-ken,30366,2684_(Municipalities as of 2000) Kibi-cho,16199,7762,8437,15779,420,2.66,92.00,36.37,445.4,5673,5652,21,5272,401,7.61,16199,15694,505
2684,30_Wakayama-ken,30364,2000.0,30_Wakayama-ken,30366,2685_(Municipalities as of 2000) Kanaya-cho,6530,3033,3497,7457,-927,-12.43,86.73,119.44,54.7,2548,2544,4,2682,-134,-5.00,6530,6347,183
2685,30_Wakayama-ken,30365,2000.0,30_Wakayama-ken,30366,2686_(Municipalities as of 2000) Shimizu-cho,2529,1158,1371,3125,-596,-19.07,84.46,195.96,12.9,1285,1284,1,1472,-187,-12.70,2529,2476,53
2686,30_Wakayama-ken,30381,2000.0,30_Wakayama-ken,30381,2687_Mihama-cho,6867,3217,3650,7480,-613,-8.20,88.14,12.77,537.7,2863,2852,11,2964,-101,-3.41,6867,6383,484
2687,30_Wakayama-ken,30382,2000.0,30_Wakayama-ken,30382,2688_Hidaka-cho,7673,3657,4016,7641,32,0.42,91.06,46.19,166.1,2896,2892,4,2782,114,4.10,7673,7509,164
2688,30_Wakayama-ken,30383,2000.0,30_Wakayama-ken,30383,2689_Yura-cho,5364,2685,2679,5837,-473,-8.10,100.22,30.94,173.4,2261,2248,13,2223,38,1.71,5364,5080,284
2689,30_Wakayama-ken,30390,2000.0,30_Wakayama-ken,30390,2690_Inami-cho,7720,3660,4060,8068,-348,-4.31,90.15,113.62,67.9,2993,2990,3,2918,75,2.57,7720,7630,90
2690,30_Wakayama-ken,30391,,30_Wakayama-ken,30391,2691_Minabe-cho,11818,5608,6210,12742,-924,-7.25,90.31,120.28,98.3,4277,4268,9,4421,-144,-3.26,11818,11613,205
2691,30_Wakayama-ken,30388,2000.0,30_Wakayama-ken,30391,2692_(Municipalities as of 2000) Minabegawa-mura,4949,2359,2590,5396,-447,-8.28,91.08,94.18,52.5,1578,1576,2,1625,-47,-2.89,4949,4886,63
2692,30_Wakayama-ken,30389,2000.0,30_Wakayama-ken,30391,2693_(Municipalities as of 2000) Minabe-cho,6869,3249,3620,7346,-477,-6.49,89.75,26.08,263.4,2699,2692,7,2796,-97,-3.47,6869,6727,142
2693,30_Wakayama-ken,30392,,30_Wakayama-ken,30392,2694_Hidakagawa-cho,9219,4449,4770,9776,-557,-5.70,93.27,331.59,27.8,3592,3585,7,3650,-58,-1.59,9219,8758,461
2694,30_Wakayama-ken,30384,2000.0,30_Wakayama-ken,30392,2695_(Municipalities as of 2000) Kawabe-cho,6145,2996,3149,6243,-98,-1.57,95.14,75.97,80.9,2248,2244,4,2178,70,3.21,6145,5883,262
2695,30_Wakayama-ken,30385,2000.0,30_Wakayama-ken,30392,2696_(Municipalities as of 2000) Nakatsu-mura,1723,827,896,1935,-212,-10.96,92.30,87.02,19.8,700,698,2,748,-48,-6.42,1723,1592,131
2696,30_Wakayama-ken,30386,2000.0,30_Wakayama-ken,30392,2697_(Municipalities as of 2000) Miyama-mura,1351,626,725,1598,-247,-15.46,86.34,168.62,8.0,644,643,1,724,-80,-11.05,1351,1283,68
2697,30_Wakayama-ken,30401,,30_Wakayama-ken,30401,2698_Shirahama-cho,20262,9440,10822,21533,-1271,-5.90,87.23,200.98,100.8,9382,9346,36,9538,-156,-1.64,20262,19219,1043
2698,30_Wakayama-ken,30401,2000.0,30_Wakayama-ken,30401,2699_(Municipalities as of 2000) Shirahama-cho,17337,8072,9265,18123,-786,-4.34,87.12,64.71,267.9,8012,7982,30,8027,-15,-0.19,17337,16476,861
2699,30_Wakayama-ken,30405,2000.0,30_Wakayama-ken,30401,2700_(Municipalities as of 2000) Hikigawa-cho,2925,1368,1557,3410,-485,-14.22,87.86,136.31,21.5,1370,1364,6,1511,-141,-9.33,2925,2743,182
2700,30_Wakayama-ken,30404,2000.0,30_Wakayama-ken,30404,2701_Kamitonda-cho,15236,7246,7990,14989,247,1.65,90.69,57.37,265.6,6368,6349,19,6017,351,5.83,15236,14778,458
2701,30_Wakayama-ken,30406,2000.0,30_Wakayama-ken,30406,2702_Susami-cho,3685,1747,1938,4127,-442,-10.71,90.14,174.45,21.1,1790,1786,4,1927,-137,-7.11,3685,3545,140
2702,30_Wakayama-ken,30421,2000.0,30_Wakayama-ken,30421,2703_Nachikatsuura-cho,14137,6531,7606,15682,-1545,-9.85,85.87,183.31,77.1,6795,6775,20,7296,-501,-6.87,14137,13777,360
2703,30_Wakayama-ken,30422,2000.0,30_Wakayama-ken,30422,2704_Taiji-cho,2791,1229,1562,3087,-296,-9.59,78.68,5.81,480.4,1315,1310,5,1384,-69,-4.99,2791,2627,164
2704,30_Wakayama-ken,30424,2000.0,30_Wakayama-ken,30424,2705_Kozagawa-cho,2480,1130,1350,2826,-346,-12.24,83.70,294.23,8.4,1248,1244,4,1378,-130,-9.43,2480,2344,136
2705,30_Wakayama-ken,30427,2000.0,30_Wakayama-ken,30427,2706_Kitayama-mura,404,183,221,446,-42,-9.42,82.81,48.2,8.4,223,222,1,239,-16,-6.69,404,391,13
2706,30_Wakayama-ken,30407,,30_Wakayama-ken,30428,2707_Kushimoto-cho,14959,7140,7819,16558,-1599,-9.66,91.32,135.67,110.3,7398,7354,44,7797,-399,-5.12,14959,14393,566
2707,30_Wakayama-ken,30407,2000.0,30_Wakayama-ken,30428,2708_(Municipalities as of 2000) Kushimoto-cho,11142,5353,5789,12235,-1093,-8.93,92.47,89.77,124.1,5532,5491,41,5732,-200,-3.49,11142,10656,486
2708,30_Wakayama-ken,30423,2000.0,30_Wakayama-ken,30428,2709_(Municipalities as of 2000) Koza-cho,3817,1787,2030,4323,-506,-11.70,88.03,46.01,83.0,1866,1863,3,2065,-199,-9.64,3817,3737,80
2709,31_Tottori-ken,31000,2000.0,31_Tottori-ken,31000,2710_Tottori-ken,553407,264432,288975,573441,-20034,-3.49,91.51,3507.14,157.8,219742,219069,673,216894,2848,1.31,553407,535393,18014
2710,31_Tottori-ken,31201,,31_Tottori-ken,31201,2711_Tottori-shi,188465,91356,97109,193717,-5252,-2.71,94.08,765.31,246.3,77029,76800,229,75941,1088,1.43,188465,182635,5830
2711,31_Tottori-ken,31201,2000.0,31_Tottori-ken,31201,2712_(Municipalities as of 2000) Tottori-shi,149312,72679,76633,151417,-2105,-1.39,94.84,237.2,629.5,63021,62840,181,61558,1463,2.38,149312,144546,4766
2712,31_Tottori-ken,31301,2000.0,31_Tottori-ken,31201,2713_(Municipalities as of 2000) Kokufu-cho,8219,3855,4364,8504,-285,-3.35,88.34,93.4,88.0,3044,3040,4,3023,21,0.69,8219,7992,227
2713,31_Tottori-ken,31303,2000.0,31_Tottori-ken,31201,2714_(Municipalities as of 2000) Fukube-son,2727,1320,1407,2905,-178,-6.13,93.82,34.94,78.0,909,905,4,926,-17,-1.84,2727,2680,47
2714,31_Tottori-ken,31323,2000.0,31_Tottori-ken,31201,2715_(Municipalities as of 2000) Kawahara-cho,6372,3050,3322,6906,-534,-7.73,91.81,83.62,76.2,2135,2129,6,2200,-65,-2.95,6372,6195,177
2715,31_Tottori-ken,31326,2000.0,31_Tottori-ken,31201,2716_(Municipalities as of 2000) Mochigase-cho,3195,1512,1683,3446,-251,-7.28,89.84,81.6,39.2,1141,1136,5,1161,-20,-1.72,3195,3164,31
2716,31_Tottori-ken,31327,2000.0,31_Tottori-ken,31201,2717_(Municipalities as of 2000) Saji-son,1624,778,846,1921,-297,-15.46,91.96,79.89,20.3,647,646,1,708,-61,-8.62,1624,1615,9
2717,31_Tottori-ken,31341,2000.0,31_Tottori-ken,31201,2718_(Municipalities as of 2000) Ketaka-cho,8037,3858,4179,8602,-565,-6.57,92.32,34.31,234.2,2916,2909,7,2993,-77,-2.57,8037,7926,111
2718,31_Tottori-ken,31342,2000.0,31_Tottori-ken,31201,2719_(Municipalities as of 2000) Shikano-cho,3618,1740,1878,3885,-267,-6.87,92.65,52.77,68.6,1187,1175,12,1198,-11,-0.92,3618,3277,341
2719,31_Tottori-ken,31343,2000.0,31_Tottori-ken,31201,2720_(Municipalities as of 2000) Aoya-cho,5361,2564,2797,6131,-770,-12.56,91.67,67.93,78.9,2029,2020,9,2174,-145,-6.67,5361,5240,121
2720,31_Tottori-ken,31202,,31_Tottori-ken,31202,2721_Yonago-shi,147317,69740,77577,149313,-1996,-1.34,89.90,132.42,1112.5,62134,61991,143,60037,2097,3.49,147317,142908,4409
2721,31_Tottori-ken,31202,2000.0,31_Tottori-ken,31202,2722_(Municipalities as of 2000) Yonago-shi,137760,65210,72550,139780,-2020,-1.45,89.88,106.41,1294.6,58632,58502,130,56781,1851,3.26,137760,133752,4008
2722,31_Tottori-ken,31385,2000.0,31_Tottori-ken,31202,2723_(Municipalities as of 2000) Yodoe-cho,9557,4530,5027,9533,24,0.25,90.11,25.8,370.4,3502,3489,13,3256,246,7.56,9557,9156,401
2723,31_Tottori-ken,31203,,31_Tottori-ken,31203,2724_Kurayoshi-shi,46485,21840,24645,49044,-2559,-5.22,88.62,272.06,170.9,18309,18214,95,18548,-239,-1.29,46485,43982,2503
2724,31_Tottori-ken,31203,2000.0,31_Tottori-ken,31203,2725_(Municipalities as of 2000) Kurayoshi-shi,43309,20318,22991,45514,-2205,-4.84,88.37,174.5,248.2,17195,17111,84,17390,-195,-1.12,43309,41030,2279
2725,31_Tottori-ken,31365,2000.0,31_Tottori-ken,31203,2726_(Municipalities as of 2000) Sekigane-cho,3176,1522,1654,3530,-354,-10.03,92.02,97.65,32.5,1114,1103,11,1158,-44,-3.80,3176,2952,224
2726,31_Tottori-ken,31204,2000.0,31_Tottori-ken,31204,2727_Sakaiminato-shi,32740,15775,16965,34174,-1434,-4.20,92.99,29.11,1124.7,13128,13084,44,13094,34,0.26,32740,31520,1220
2727,31_Tottori-ken,31302,2000.0,31_Tottori-ken,31302,2728_Iwami-cho,10799,5178,5621,11485,-686,-5.97,92.12,122.32,88.3,3926,3912,14,3993,-67,-1.68,10799,10496,303
2728,31_Tottori-ken,31325,2000.0,31_Tottori-ken,31325,2729_Wakasa-cho,2864,1355,1509,3269,-405,-12.39,89.79,199.18,14.4,1182,1180,2,1271,-89,-7.00,2864,2788,76
2729,31_Tottori-ken,31328,2000.0,31_Tottori-ken,31328,2730_Chizu-cho,6427,3005,3422,7154,-727,-10.16,87.81,224.7,28.6,2400,2395,5,2487,-87,-3.50,6427,6257,170
2730,31_Tottori-ken,31329,,31_Tottori-ken,31329,2731_Yazu-cho,15937,7611,8326,16985,-1048,-6.17,91.41,206.71,77.1,5326,5315,11,5359,-33,-0.62,15937,15578,359
2731,31_Tottori-ken,31321,2000.0,31_Tottori-ken,31329,2732_(Municipalities as of 2000) Koge-cho,8967,4251,4716,9397,-430,-4.58,90.14,85.53,104.8,2948,2942,6,2907,41,1.41,8967,8715,252
2732,31_Tottori-ken,31322,2000.0,31_Tottori-ken,31329,2733_(Municipalities as of 2000) Funaoka-cho,3321,1574,1747,3515,-194,-5.52,90.10,53.67,61.9,1102,1099,3,1126,-24,-2.13,3321,3241,80
2733,31_Tottori-ken,31324,2000.0,31_Tottori-ken,31329,2734_(Municipalities as of 2000) Hatto-cho,3649,1786,1863,4073,-424,-10.41,95.87,67.51,54.1,1276,1274,2,1326,-50,-3.77,3649,3622,27
2734,31_Tottori-ken,31364,2000.0,31_Tottori-ken,31364,2735_Misasa-cho,6060,2875,3185,6490,-430,-6.63,90.27,233.52,26.0,2230,2222,8,2290,-60,-2.62,6060,5901,159
2735,31_Tottori-ken,31370,,31_Tottori-ken,31370,2736_Yurihama-cho,16055,7657,8398,16550,-495,-2.99,91.18,77.94,206.0,5682,5659,23,5482,200,3.65,16055,15587,468
2736,31_Tottori-ken,31361,2000.0,31_Tottori-ken,31370,2737_(Municipalities as of 2000) Hawai-cho,8476,4036,4440,8313,163,1.96,90.90,12.22,693.6,2985,2969,16,2795,190,6.80,8476,8193,283
2737,31_Tottori-ken,31362,2000.0,31_Tottori-ken,31370,2738_(Municipalities as of 2000) Tomari-son,2281,1087,1194,2518,-237,-9.41,91.04,14.56,156.7,810,810,NULL,833,-23,-2.76,2281,2281,NULL
2738,31_Tottori-ken,31363,2000.0,31_Tottori-ken,31370,2739_(Municipalities as of 2000) Togo-cho,5298,2534,2764,5719,-421,-7.36,91.68,47.07,112.6,1887,1880,7,1854,33,1.78,5298,5113,185
2739,31_Tottori-ken,31371,,31_Tottori-ken,31371,2740_Kotoura-cho,16365,7682,8683,17416,-1051,-6.03,88.47,139.97,116.9,5769,5751,18,5795,-26,-0.45,16365,15945,420
2740,31_Tottori-ken,31368,2000.0,31_Tottori-ken,31371,2741_(Municipalities as of 2000) Tohaku-cho,10001,4648,5353,10518,-517,-4.92,86.83,82.2,121.7,3528,3515,13,3495,33,0.94,10001,9706,295
2741,31_Tottori-ken,31369,2000.0,31_Tottori-ken,31371,2742_(Municipalities as of 2000) Akasaki-cho,6364,3034,3330,6898,-534,-7.74,91.11,57.68,110.3,2241,2236,5,2300,-59,-2.57,6364,6239,125
2742,31_Tottori-ken,31372,,31_Tottori-ken,31372,2743_Hokuei-cho,14228,6818,7410,14820,-592,-3.99,92.01,56.94,249.9,4987,4975,12,4813,174,3.62,14228,13948,280
2743,31_Tottori-ken,31366,2000.0,31_Tottori-ken,31372,2744_(Municipalities as of 2000) Hojo-cho,7079,3344,3735,7316,-237,-3.24,89.53,20.92,338.4,2536,2531,5,2455,81,3.30,7079,6970,109
2744,31_Tottori-ken,31367,2000.0,31_Tottori-ken,31372,2745_(Municipalities as of 2000) Daiei-cho,7149,3474,3675,7504,-355,-4.73,94.53,36.23,197.3,2451,2444,7,2358,93,3.94,7149,6978,171
2745,31_Tottori-ken,31384,2000.0,31_Tottori-ken,31384,2746_Hiezu-son,3501,1628,1873,3439,62,1.80,86.92,4.2,833.6,1243,1240,3,1144,99,8.65,3501,3433,68
2746,31_Tottori-ken,31386,,31_Tottori-ken,31386,2747_Daisen-cho,15370,7390,7980,16470,-1100,-6.68,92.61,189.83,81.0,5247,5225,22,5300,-53,-1.00,15370,14824,546
2747,31_Tottori-ken,31386,2000.0,31_Tottori-ken,31386,2748_(Municipalities as of 2000) Daisen-cho,5566,2698,2868,5857,-291,-4.97,94.07,84.45,65.9,1850,1846,4,1861,-11,-0.59,5566,5458,108
2748,31_Tottori-ken,31387,2000.0,31_Tottori-ken,31386,2749_(Municipalities as of 2000) Nawa-cho,5826,2744,3082,6247,-421,-6.74,89.03,45.02,129.4,2003,1989,14,2018,-15,-0.74,5826,5455,371
2749,31_Tottori-ken,31388,2000.0,31_Tottori-ken,31386,2750_(Municipalities as of 2000) Nakayama-cho,3978,1948,2030,4366,-388,-8.89,95.96,60.32,65.9,1394,1390,4,1421,-27,-1.90,3978,3911,67
2750,31_Tottori-ken,31389,,31_Tottori-ken,31389,2751_Nanbu-cho,10323,4925,5398,10950,-627,-5.73,91.24,114.03,90.5,3548,3531,17,3514,34,0.97,10323,10019,304
2751,31_Tottori-ken,31381,2000.0,31_Tottori-ken,31389,2752_(Municipalities as of 2000) Saihaku-cho,7017,3336,3681,7391,-374,-5.06,90.63,83.08,84.5,2418,2403,15,2375,43,1.81,7017,6724,293
2752,31_Tottori-ken,31382,2000.0,31_Tottori-ken,31389,2753_(Municipalities as of 2000) Aimi-cho,3306,1589,1717,3559,-253,-7.11,92.55,30.95,106.8,1130,1128,2,1139,-9,-0.79,3306,3295,11
2753,31_Tottori-ken,31390,,31_Tottori-ken,31390,2754_Hoki-cho,10696,5051,5645,11118,-422,-3.80,89.48,139.44,76.7,3648,3637,11,3604,44,1.22,10696,10214,482
2754,31_Tottori-ken,31383,2000.0,31_Tottori-ken,31390,2755_(Municipalities as of 2000) Kishimoto-cho,6968,3282,3686,6955,13,0.19,89.04,39.09,178.3,2321,2316,5,2202,119,5.40,6968,6637,331
2755,31_Tottori-ken,31404,2000.0,31_Tottori-ken,31390,2756_(Municipalities as of 2000) Mizokuchi-cho,3728,1769,1959,4163,-435,-10.45,90.30,100.36,37.1,1327,1321,6,1402,-75,-5.35,3728,3577,151
2756,31_Tottori-ken,31401,2000.0,31_Tottori-ken,31401,2757_Nichinan-cho,4196,1982,2214,4765,-569,-11.94,89.52,340.96,12.3,1791,1785,6,1933,-142,-7.35,4196,4069,127
2757,31_Tottori-ken,31402,2000.0,31_Tottori-ken,31402,2758_Hino-cho,2907,1323,1584,3278,-371,-11.32,83.52,133.98,21.7,1210,1204,6,1279,-69,-5.39,2907,2745,162
2758,31_Tottori-ken,31403,2000.0,31_Tottori-ken,31403,2759_Kofu-cho,2672,1241,1431,3004,-332,-11.05,86.72,124.52,21.5,953,949,4,1010,-57,-5.64,2672,2544,128
2759,32_Shimane-ken,32000,2000.0,32_Shimane-ken,32000,2760_Shimane-ken,671126,324291,346835,694352,-23226,-3.34,93.50,6707.89,100.1,269892,268462,1430,265008,4884,1.84,671126,645246,25880
2760,32_Shimane-ken,32201,,32_Shimane-ken,32201,2761_Matsue-shi,203616,98544,105072,206230,-2614,-1.27,93.79,572.99,355.4,85593,85329,264,83031,2562,3.09,203616,195979,7637
2761,32_Shimane-ken,32201,2000.0,32_Shimane-ken,32201,2762_(Municipalities as of 2000) Matsue-shi,148631,71905,76726,149918,-1287,-0.86,93.72,221.38,671.4,65896,65710,186,63781,2115,3.32,148631,142823,5808
2762,32_Shimane-ken,32301,2000.0,32_Shimane-ken,32201,2763_(Municipalities as of 2000) Kashima-cho,6056,3068,2988,6763,-707,-10.45,102.68,29.04,208.5,2373,2369,4,2458,-85,-3.46,6056,5913,143
2763,32_Shimane-ken,32302,2000.0,32_Shimane-ken,32201,2764_(Municipalities as of 2000) Shimane-cho,3079,1476,1603,3415,-336,-9.84,92.08,37.24,82.7,1030,1023,7,1080,-50,-4.63,3079,2872,207
2764,32_Shimane-ken,32303,2000.0,32_Shimane-ken,32201,2765_(Municipalities as of 2000) Mihonoseki-cho,4566,2207,2359,5092,-526,-10.33,93.56,55.41,82.4,1663,1659,4,1753,-90,-5.13,4566,4445,121
2765,32_Shimane-ken,32304,2000.0,32_Shimane-ken,32201,2766_(Municipalities as of 2000) Higashiizumo-cho,15578,7536,8042,15221,357,2.35,93.71,42.64,365.3,5589,5569,20,5275,314,5.95,15578,15145,433
2766,32_Shimane-ken,32305,2000.0,32_Shimane-ken,32201,2767_(Municipalities as of 2000) Yakumo-mura,6516,3156,3360,6625,-109,-1.65,93.93,56.0,116.4,2241,2238,3,2190,51,2.33,6516,6417,99
2767,32_Shimane-ken,32306,2000.0,32_Shimane-ken,32201,2768_(Municipalities as of 2000) Tamayu-cho,7015,3339,3676,6622,393,5.93,90.83,36.84,190.4,2636,2618,18,2481,155,6.25,7015,6719,296
2768,32_Shimane-ken,32307,2000.0,32_Shimane-ken,32201,2769_(Municipalities as of 2000) Shinji-cho,8382,4024,4358,8732,-350,-4.01,92.34,60.17,139.3,2758,2744,14,2682,76,2.83,8382,8035,347
2769,32_Shimane-ken,32308,2000.0,32_Shimane-ken,32201,2770_(Municipalities as of 2000) Yatsuka-cho,3793,1833,1960,3842,-49,-1.28,93.52,34.13,111.1,1407,1399,8,1331,76,5.71,3793,3610,183
2770,32_Shimane-ken,32202,,32_Shimane-ken,32202,2771_Hamada-shi,54592,27298,27294,58105,-3513,-6.05,100.01,690.68,79.0,24370,23821,549,24498,-128,-0.52,54592,51063,3529
2771,32_Shimane-ken,32202,2000.0,32_Shimane-ken,32202,2772_(Municipalities as of 2000) Hamada-shi,39370,19131,20239,41777,-2407,-5.76,94.53,162.59,242.1,17970,17924,46,18399,-429,-2.33,39370,38054,1316
2772,32_Shimane-ken,32462,2000.0,32_Shimane-ken,32202,2773_(Municipalities as of 2000) Kanagi-cho,4088,1930,2158,4426,-338,-7.64,89.43,164.3,24.9,1536,1521,15,1641,-105,-6.40,4088,3792,296
2773,32_Shimane-ken,32463,2000.0,32_Shimane-ken,32202,2774_(Municipalities as of 2000) Asahi-cho,3510,2215,1295,4243,-733,-17.28,171.04,128.57,27.3,1131,1119,12,1215,-84,-6.91,3510,2455,1055
2774,32_Shimane-ken,32464,2000.0,32_Shimane-ken,32202,2775_(Municipalities as of 2000) Yasaka-mura,1168,547,621,1343,-175,-13.03,88.08,105.5,11.1,493,489,4,531,-38,-7.16,1168,1036,132
2775,32_Shimane-ken,32465,2000.0,32_Shimane-ken,32202,2776_(Municipalities as of 2000) Misumi-cho,6456,3475,2981,6316,140,2.22,116.57,128.46,50.3,3240,2768,472,2712,528,19.47,6456,5726,730
2776,32_Shimane-ken,32203,,32_Shimane-ken,32203,2777_Izumo-shi,172775,83469,89306,171938,837,0.49,93.46,624.36,276.7,64408,64211,197,60130,4278,7.11,172775,168073,4702
2777,32_Shimane-ken,32203,2000.0,32_Shimane-ken,32203,2778_(Municipalities as of 2000) Izumo-shi,94985,45807,49178,92074,2911,3.16,93.15,172.33,551.2,37815,37699,116,34638,3177,9.17,94985,92312,2673
2778,32_Shimane-ken,32208,2000.0,32_Shimane-ken,32203,2779_(Municipalities as of 2000) Hirata-shi,23625,11402,12223,25294,-1669,-6.60,93.28,142.05,166.3,7733,7711,22,7794,-61,-0.78,23625,23034,591
2779,32_Shimane-ken,32401,2000.0,32_Shimane-ken,32203,2780_(Municipalities as of 2000) Hikawa-cho,29042,14304,14738,28009,1033,3.69,97.06,80.64,360.1,10075,10049,26,8848,1227,13.87,29042,28429,613
2780,32_Shimane-ken,32402,2000.0,32_Shimane-ken,32203,2781_(Municipalities as of 2000) Sada-cho,2988,1479,1509,3406,-418,-12.27,98.01,109.91,27.2,1008,1004,4,1075,-67,-6.23,2988,2918,70
2781,32_Shimane-ken,32403,2000.0,32_Shimane-ken,32203,2782_(Municipalities as of 2000) Taki-cho,3202,1540,1662,3543,-341,-9.62,92.66,55.04,58.2,1187,1183,4,1232,-45,-3.65,3202,3125,77
2782,32_Shimane-ken,32404,2000.0,32_Shimane-ken,32203,2783_(Municipalities as of 2000) Koryo-cho,5017,2380,2637,5270,-253,-4.80,90.25,22.26,225.4,1702,1689,13,1748,-46,-2.63,5017,4703,314
2783,32_Shimane-ken,32405,2000.0,32_Shimane-ken,32203,2784_(Municipalities as of 2000) Taisha-machi,13916,6557,7359,14342,-426,-2.97,89.10,41.8,332.9,4888,4876,12,4795,93,1.94,13916,13552,364
2784,32_Shimane-ken,32204,,32_Shimane-ken,32204,2785_Masuda-shi,45003,21355,23648,47718,-2715,-5.69,90.30,733.19,61.4,18870,18805,65,19037,-167,-0.88,45003,43208,1795
2785,32_Shimane-ken,32204,2000.0,32_Shimane-ken,32204,2786_(Municipalities as of 2000) Masuda-shi,42367,20115,22252,44587,-2220,-4.98,90.40,300.44,141.0,17659,17601,58,17661,-2,-0.01,42367,40718,1649
2786,32_Shimane-ken,32481,2000.0,32_Shimane-ken,32204,2787_(Municipalities as of 2000) Mito-cho,1699,796,903,1984,-285,-14.36,88.15,132.64,12.8,726,722,4,797,-71,-8.91,1699,1604,95
2787,32_Shimane-ken,32482,2000.0,32_Shimane-ken,32204,2788_(Municipalities as of 2000) Hikimi-cho,937,444,493,1147,-210,-18.31,90.06,300.08,3.1,485,482,3,579,-94,-16.23,937,886,51
2788,32_Shimane-ken,32205,,32_Shimane-ken,32205,2789_Oda-shi,32846,15742,17104,35166,-2320,-6.60,92.04,435.34,75.4,13343,13296,47,13613,-270,-1.98,32846,31687,1159
2789,32_Shimane-ken,32205,2000.0,32_Shimane-ken,32205,2790_(Municipalities as of 2000) Oda-shi,26804,12851,13953,28285,-1481,-5.24,92.10,332.69,80.6,10716,10673,43,10774,-58,-0.54,26804,25751,1053
2790,32_Shimane-ken,32421,2000.0,32_Shimane-ken,32205,2791_(Municipalities as of 2000) Yunotsu-machi,2495,1212,1283,2905,-410,-14.11,94.47,71.85,34.7,1146,1145,1,1249,-103,-8.25,2495,2460,35
2791,32_Shimane-ken,32422,2000.0,32_Shimane-ken,32205,2792_(Municipalities as of 2000) Nima-cho,3547,1679,1868,3976,-429,-10.79,89.88,31.59,112.3,1481,1478,3,1590,-109,-6.86,3547,3476,71
2792,32_Shimane-ken,32206,,32_Shimane-ken,32206,2793_Yasugi-shi,37062,17743,19319,39528,-2466,-6.24,91.84,420.93,88.0,12835,12798,37,12805,30,0.23,37062,35880,1182
2793,32_Shimane-ken,32206,2000.0,32_Shimane-ken,32206,2794_(Municipalities as of 2000) Yasugi-shi,26406,12637,13769,27746,-1340,-4.83,91.78,120.78,218.6,9231,9206,25,9105,126,1.38,26406,25545,861
2794,32_Shimane-ken,32321,2000.0,32_Shimane-ken,32206,2795_(Municipalities as of 2000) Hirose-machi,6469,3070,3399,7192,-723,-10.05,90.32,204.32,31.7,2259,2252,7,2322,-63,-2.71,6469,6280,189
2795,32_Shimane-ken,32322,2000.0,32_Shimane-ken,32206,2796_(Municipalities as of 2000) Hakuta-cho,4187,2036,2151,4590,-403,-8.78,94.65,95.87,43.7,1345,1340,5,1378,-33,-2.39,4187,4055,132
2796,32_Shimane-ken,32207,,32_Shimane-ken,32207,2797_Gotsu-shi,22959,10890,12069,24468,-1509,-6.17,90.23,268.24,85.6,9953,9894,59,10123,-170,-1.68,22959,21737,1222
2797,32_Shimane-ken,32207,2000.0,32_Shimane-ken,32207,2798_(Municipalities as of 2000) Gotsu-shi,20637,9830,10807,21808,-1171,-5.37,90.96,158.41,130.3,8964,8908,56,9035,-71,-0.79,20637,19488,1149
2798,32_Shimane-ken,32447,2000.0,32_Shimane-ken,32207,2799_(Municipalities as of 2000) Sakurae-cho,2322,1060,1262,2660,-338,-12.71,83.99,110.1,21.1,989,986,3,1088,-99,-9.10,2322,2249,73
2799,32_Shimane-ken,32209,,32_Shimane-ken,32209,2800_Unnan-shi,36007,17316,18691,39032,-3025,-7.75,92.64,553.18,65.1,12432,12391,41,12527,-95,-0.76,36007,35021,986
2800,32_Shimane-ken,32361,2000.0,32_Shimane-ken,32209,2801_(Municipalities as of 2000) Daito-cho,11432,5541,5891,12524,-1092,-8.72,94.06,152.23,75.1,3837,3830,7,3839,-2,-0.05,11432,11278,154
2801,32_Shimane-ken,32362,2000.0,32_Shimane-ken,32209,2802_(Municipalities as of 2000) Kamo-machi,5598,2691,2907,5939,-341,-5.74,92.57,30.91,181.1,1826,1822,4,1809,17,0.94,5598,5428,170
2802,32_Shimane-ken,32363,2000.0,32_Shimane-ken,32209,2803_(Municipalities as of 2000) Kisuki-cho,8174,3924,4250,8680,-506,-5.83,92.33,64.07,127.6,2897,2889,8,2901,-4,-0.14,8174,8001,173
2803,32_Shimane-ken,32381,2000.0,32_Shimane-ken,32209,2804_(Municipalities as of 2000) Mitoya-cho,6746,3220,3526,7245,-499,-6.89,91.32,82.68,81.6,2354,2341,13,2359,-5,-0.21,6746,6439,307
2804,32_Shimane-ken,32382,2000.0,32_Shimane-ken,32209,2805_(Municipalities as of 2000) Yoshida-mura,1511,719,792,1706,-195,-11.43,90.78,113.98,13.3,575,573,2,602,-27,-4.49,1511,1488,23
2805,32_Shimane-ken,32383,2000.0,32_Shimane-ken,32209,2806_(Municipalities as of 2000) Kakeya-machi,2546,1221,1325,2938,-392,-13.34,92.15,109.5,23.3,943,936,7,1017,-74,-7.28,2546,2387,159
2806,32_Shimane-ken,32343,,32_Shimane-ken,32343,2807_Okuizumo-cho,11849,5705,6144,13063,-1214,-9.29,92.85,368.01,32.2,4356,4341,15,4464,-108,-2.42,11849,11421,428
2807,32_Shimane-ken,32341,2000.0,32_Shimane-ken,32343,2808_(Municipalities as of 2000) Nita-cho,6335,3052,3283,6947,-612,-8.81,92.96,178.64,35.5,2319,2313,6,2365,-46,-1.95,6335,6058,277
2808,32_Shimane-ken,32342,2000.0,32_Shimane-ken,32343,2809_(Municipalities as of 2000) Yokota-cho,5514,2653,2861,6116,-602,-9.84,92.73,189.42,29.1,2037,2028,9,2099,-62,-2.95,5514,5363,151
2809,32_Shimane-ken,32386,,32_Shimane-ken,32386,2810_Iinan-cho,4577,2157,2420,5031,-454,-9.02,89.13,242.88,18.8,1769,1754,15,1842,-73,-3.96,4577,4280,297
2810,32_Shimane-ken,32384,2000.0,32_Shimane-ken,32386,2811_(Municipalities as of 2000) Tonbara-cho,2017,934,1083,2265,-248,-10.95,86.24,124.86,16.2,758,752,6,812,-54,-6.65,2017,1850,167
2811,32_Shimane-ken,32385,2000.0,32_Shimane-ken,32386,2812_(Municipalities as of 2000) Akagi-cho,2560,1223,1337,2766,-206,-7.45,91.47,117.98,21.7,1011,1002,9,1030,-19,-1.84,2560,2430,130
2812,32_Shimane-ken,32441,2000.0,32_Shimane-ken,32441,2813_Kawamoto-machi,3248,1556,1692,3442,-194,-5.64,91.96,106.43,30.5,1407,1396,11,1457,-50,-3.43,3248,2961,287
2813,32_Shimane-ken,32448,,32_Shimane-ken,32448,2814_Misato-cho,4355,2080,2275,4900,-545,-11.12,91.43,282.92,15.4,1844,1835,9,2010,-166,-8.26,4355,4153,202
2814,32_Shimane-ken,32442,2000.0,32_Shimane-ken,32448,2815_(Municipalities as of 2000) Ochi-cho,3023,1469,1554,3397,-374,-11.01,94.53,185.89,16.3,1296,1291,5,1417,-121,-8.54,3023,2918,105
2815,32_Shimane-ken,32443,2000.0,32_Shimane-ken,32448,2816_(Municipalities as of 2000) Daiwa-mura,1332,611,721,1503,-171,-11.38,84.74,97.03,13.7,548,544,4,593,-45,-7.59,1332,1235,97
2816,32_Shimane-ken,32449,,32_Shimane-ken,32449,2817_Onan-cho,10163,4874,5289,11101,-938,-8.45,92.15,419.29,24.2,3994,3958,36,4224,-230,-5.45,10163,9254,909
2817,32_Shimane-ken,32444,2000.0,32_Shimane-ken,32449,2818_(Municipalities as of 2000) Hasumi-mura,1232,581,651,1440,-208,-14.44,89.25,74.03,16.6,552,551,1,628,-76,-12.10,1232,1200,32
2818,32_Shimane-ken,32445,2000.0,32_Shimane-ken,32449,2819_(Municipalities as of 2000) Mizuho-cho,3959,1870,2089,4348,-389,-8.95,89.52,207.83,19.0,1553,1539,14,1667,-114,-6.84,3959,3567,392
2819,32_Shimane-ken,32446,2000.0,32_Shimane-ken,32449,2820_(Municipalities as of 2000) Iwami-cho,4972,2423,2549,5313,-341,-6.42,95.06,137.36,36.2,1889,1868,21,1929,-40,-2.07,4972,4487,485
2820,32_Shimane-ken,32501,,32_Shimane-ken,32501,2821_Tsuwano-cho,6875,3221,3654,7653,-778,-10.17,88.15,307.03,22.4,3090,3084,6,3300,-210,-6.36,6875,6686,189
2821,32_Shimane-ken,32501,2000.0,32_Shimane-ken,32501,2822_(Municipalities as of 2000) Tsuwano-cho,3880,1817,2063,4269,-389,-9.11,88.08,139.85,27.7,1786,1783,3,1927,-141,-7.32,3880,3758,122
2822,32_Shimane-ken,32502,2000.0,32_Shimane-ken,32501,2823_(Municipalities as of 2000) Nichihara-cho,2995,1404,1591,3384,-389,-11.50,88.25,167.24,17.9,1304,1301,3,1373,-69,-5.03,2995,2928,67
2823,32_Shimane-ken,32505,,32_Shimane-ken,32505,2824_Yoshika-cho,6077,2944,3133,6374,-297,-4.66,93.97,336.5,18.1,2833,2822,11,2810,23,0.82,6077,5694,383
2824,32_Shimane-ken,32503,2000.0,32_Shimane-ken,32505,2825_(Municipalities as of 2000) Kakinoki-mura,1352,625,727,1439,-87,-6.05,85.97,137.72,9.8,576,575,1,581,-5,-0.86,1352,1302,50
2825,32_Shimane-ken,32504,2000.0,32_Shimane-ken,32505,2826_(Municipalities as of 2000) Muikaichi-cho,4725,2319,2406,4935,-210,-4.26,96.38,198.57,23.8,2257,2247,10,2229,28,1.26,4725,4392,333
2826,32_Shimane-ken,32525,2000.0,32_Shimane-ken,32525,2827_Ama-cho,2267,1113,1154,2353,-86,-3.65,96.45,33.44,67.8,1068,1060,8,1057,11,1.04,2267,2119,148
2827,32_Shimane-ken,32526,2000.0,32_Shimane-ken,32526,2828_Nishinoshima-cho,2788,1430,1358,3027,-239,-7.90,105.30,55.96,49.8,1415,1409,6,1499,-84,-5.60,2788,2672,116
2828,32_Shimane-ken,32527,2000.0,32_Shimane-ken,32527,2829_Chibu-mura,634,323,311,615,19,3.09,103.86,13.7,46.3,350,340,10,331,19,5.74,634,608,26
2829,32_Shimane-ken,32528,,32_Shimane-ken,32528,2830_Okinoshima-cho,13433,6531,6902,14608,-1175,-8.04,94.62,242.82,55.4,5962,5918,44,6250,-288,-4.61,13433,12750,683
2830,32_Shimane-ken,32521,2000.0,32_Shimane-ken,32528,2831_(Municipalities as of 2000) Saigo-cho,10025,4891,5134,10805,-780,-7.22,95.27,122.33,82.0,4503,4477,26,4674,-171,-3.66,10025,9573,452
2831,32_Shimane-ken,32522,2000.0,32_Shimane-ken,32528,2832_(Municipalities as of 2000) Fuse-mura,308,153,155,357,-49,-13.73,98.71,18.55,16.6,155,154,1,173,-18,-10.40,308,295,13
2832,32_Shimane-ken,32523,2000.0,32_Shimane-ken,32528,2833_(Municipalities as of 2000) Goka-mura,1604,766,838,1771,-167,-9.43,91.41,52.39,30.7,673,666,7,715,-42,-5.87,1604,1500,104
2833,32_Shimane-ken,32524,2000.0,32_Shimane-ken,32528,2834_(Municipalities as of 2000) Tsuma-mura,1496,721,775,1675,-179,-10.69,93.03,49.64,30.1,631,621,10,688,-57,-8.28,1496,1382,114
2834,33_Okayama-ken,33000,2000.0,33_Okayama-ken,33000,2835_Okayama-ken,1888432,908045,980387,1921525,-33093,-1.72,92.62,7114.33,265.4,801409,799611,1798,772977,28432,3.68,1888432,1836335,52097
2835,33_Okayama-ken,33201,,33_Okayama-ken,33100,2836_Okayama-shi,724691,348630,376061,719474,5217,0.73,92.71,789.95,917.4,327620,326986,634,309409,18211,5.89,724691,706671,18020
2836,33_Okayama-ken,33201,2000.0,33_Okayama-ken,33100,2837_(Municipalities as of 2000) Okayama-shi,679952,327161,352791,674147,5805,0.86,92.74,513.28,1324.7,309716,309128,588,292428,17288,5.91,679952,663488,16464
2837,33_Okayama-ken,33301,2000.0,33_Okayama-ken,33100,2838_(Municipalities as of 2000) Mitsu-cho,8848,4360,4488,9055,-207,-2.29,97.15,114.42,77.3,3667,3658,9,3450,217,6.29,8848,8540,308
2838,33_Okayama-ken,33303,2000.0,33_Okayama-ken,33100,2839_(Municipalities as of 2000) Takebe-cho,5226,2396,2830,5601,-375,-6.70,84.66,89.53,58.4,2074,2065,9,2080,-6,-0.29,5226,4913,313
2839,33_Okayama-ken,33321,2000.0,33_Okayama-ken,33100,2840_(Municipalities as of 2000) Seto-cho,15627,7541,8086,15302,325,2.12,93.26,41.78,374.0,6605,6590,15,6174,431,6.98,15627,15010,617
2840,33_Okayama-ken,33401,2000.0,33_Okayama-ken,33100,2841_(Municipalities as of 2000) Nadasaki-cho,15038,7172,7866,15369,-331,-2.15,91.18,30.86,487.3,5558,5545,13,5277,281,5.33,15038,14720,318
2841,33_Okayama-ken,33101,,33_Okayama-ken,33101,2842_Okayama-shi Kita-ku,314523,153478,161045,309484,5039,1.63,95.30,450.7,697.9,155323,154998,325,146147,9176,6.28,314523,305762,8761
2842,33_Okayama-ken,33102,,33_Okayama-ken,33102,2843_Okayama-shi Naka-ku,149232,70139,79093,146232,3000,2.05,88.68,51.24,2912.4,65547,65426,121,61528,4019,6.53,149232,146110,3122
2843,33_Okayama-ken,33103,,33_Okayama-ken,33103,2844_Okayama-shi Higashi-ku,93108,44243,48865,95577,-2469,-2.58,90.54,160.53,580.0,37471,37392,79,36198,1273,3.52,93108,90422,2686
2844,33_Okayama-ken,33104,,33_Okayama-ken,33104,2845_Okayama-shi Minami-ku,167828,80770,87058,168181,-353,-0.21,92.78,127.48,1316.5,69279,69170,109,65536,3743,5.71,167828,164377,3451
2845,33_Okayama-ken,33202,,33_Okayama-ken,33202,2846_Kurashiki-shi,474592,228261,246331,477118,-2526,-0.53,92.66,355.63,1334.5,199082,198749,333,189847,9235,4.86,474592,463538,11054
2846,33_Okayama-ken,33202,2000.0,33_Okayama-ken,33202,2847_(Municipalities as of 2000) Kurashiki-shi,448177,215486,232691,447683,494,0.11,92.61,298.92,1499.3,189403,189095,308,179743,9660,5.37,448177,437591,10586
2847,33_Okayama-ken,33441,2000.0,33_Okayama-ken,33202,2848_(Municipalities as of 2000) Funao-cho,7608,3626,3982,7193,415,5.77,91.06,10.84,701.8,2788,2782,6,2440,348,14.26,7608,7468,140
2848,33_Okayama-ken,33503,2000.0,33_Okayama-ken,33202,2849_(Municipalities as of 2000) Mabi-cho,18807,9149,9658,22242,-3435,-15.44,94.73,44.08,426.7,6891,6872,19,7664,-773,-10.09,18807,18479,328
2849,33_Okayama-ken,33203,,33_Okayama-ken,33203,2850_Tsuyama-shi,99937,48012,51925,103746,-3809,-3.67,92.46,506.33,197.4,41213,41075,138,40303,910,2.26,99937,95816,4121
2850,33_Okayama-ken,33203,2000.0,33_Okayama-ken,33203,2851_(Municipalities as of 2000) Tsuyama-shi,83903,40445,43458,86300,-2397,-2.78,93.07,185.73,451.7,35285,35170,115,34244,1041,3.04,83903,80393,3510
2851,33_Okayama-ken,33601,2000.0,33_Okayama-ken,33203,2852_(Municipalities as of 2000) Kamo-cho,3701,1759,1942,4261,-560,-13.14,90.58,159.27,23.2,1430,1425,5,1510,-80,-5.30,3701,3594,107
2852,33_Okayama-ken,33605,2000.0,33_Okayama-ken,33203,2853_(Municipalities as of 2000) Aba-son,417,194,223,494,-77,-15.59,87.00,42.07,9.9,182,182,NULL,189,-7,-3.70,417,417,NULL
2853,33_Okayama-ken,33624,2000.0,33_Okayama-ken,33203,2854_(Municipalities as of 2000) Shoboku-cho,5855,2776,3079,6253,-398,-6.36,90.16,44.9,130.4,2093,2084,9,2109,-16,-0.76,5855,5498,357
2854,33_Okayama-ken,33664,2000.0,33_Okayama-ken,33203,2855_(Municipalities as of 2000) Kume-cho,6061,2838,3223,6438,-377,-5.86,88.05,74.39,81.5,2223,2214,9,2251,-28,-1.24,6061,5914,147
2855,33_Okayama-ken,33204,2000.0,33_Okayama-ken,33204,2856_Tamano-shi,56531,27437,29094,60736,-4205,-6.92,94.30,103.58,545.8,24090,24020,70,24764,-674,-2.72,56531,54915,1616
2856,33_Okayama-ken,33205,2000.0,33_Okayama-ken,33205,2857_Kasaoka-shi,46088,21866,24222,50568,-4480,-8.86,90.27,136.24,338.3,18466,18406,60,19189,-723,-3.77,46088,43965,2123
2857,33_Okayama-ken,33207,,33_Okayama-ken,33207,2858_Ibara-shi,38384,18353,20031,41390,-3006,-7.26,91.62,243.54,157.6,14732,14694,38,14914,-182,-1.22,38384,37387,997
2858,33_Okayama-ken,33207,2000.0,33_Okayama-ken,33207,2859_(Municipalities as of 2000) Ibara-shi,30627,14682,15945,32530,-1903,-5.85,92.08,89.95,340.5,11740,11708,32,11711,29,0.25,30627,29817,810
2859,33_Okayama-ken,33462,2000.0,33_Okayama-ken,33207,2860_(Municipalities as of 2000) Bisei-cho,3710,1750,1960,4271,-561,-13.14,89.29,72.7,51.0,1398,1395,3,1512,-114,-7.54,3710,3594,116
2860,33_Okayama-ken,33481,2000.0,33_Okayama-ken,33207,2861_(Municipalities as of 2000) Yoshii-cho,4047,1921,2126,4589,-542,-11.81,90.36,80.71,50.1,1594,1591,3,1691,-97,-5.74,4047,3976,71
2861,33_Okayama-ken,33208,,33_Okayama-ken,33208,2862_Soja-shi,69030,33425,35605,66855,2175,3.25,93.88,211.9,325.8,27110,27066,44,24863,2247,9.04,69030,67844,1186
2862,33_Okayama-ken,33208,2000.0,33_Okayama-ken,33208,2863_(Municipalities as of 2000) Soja-shi,57948,28062,29886,56468,1480,2.62,93.90,192.26,301.4,23222,23182,40,21358,1864,8.73,57948,56913,1035
2863,33_Okayama-ken,33427,2000.0,33_Okayama-ken,33208,2864_(Municipalities as of 2000) Yamate-son,5157,2503,2654,4728,429,9.07,94.31,10.24,503.6,1711,1710,1,1517,194,12.79,5157,5139,18
2864,33_Okayama-ken,33428,2000.0,33_Okayama-ken,33208,2865_(Municipalities as of 2000) Kiyone-son,5925,2860,3065,5659,266,4.70,93.31,9.5,623.7,2177,2174,3,1988,189,9.51,5925,5792,133
2865,33_Okayama-ken,33209,,33_Okayama-ken,33209,2866_Takahashi-shi,29072,14225,14847,32075,-3003,-9.36,95.81,546.99,53.1,12886,12838,48,13481,-595,-4.41,29072,27672,1400
2866,33_Okayama-ken,33209,2000.0,33_Okayama-ken,33209,2867_(Municipalities as of 2000) Takahashi-shi,19016,9372,9644,20767,-1751,-8.43,97.18,228.98,83.0,8629,8596,33,8898,-269,-3.02,19016,17947,1069
2867,33_Okayama-ken,33521,2000.0,33_Okayama-ken,33209,2868_(Municipalities as of 2000) Ukan-cho,1966,971,995,2173,-207,-9.53,97.59,46.69,42.1,787,785,2,825,-38,-4.61,1966,1917,49
2868,33_Okayama-ken,33541,2000.0,33_Okayama-ken,33209,2869_(Municipalities as of 2000) Nariwa-cho,4071,1961,2110,4430,-359,-8.10,92.94,81.87,49.7,1696,1690,6,1793,-97,-5.41,4071,3929,142
2869,33_Okayama-ken,33542,2000.0,33_Okayama-ken,33209,2870_(Municipalities as of 2000) Kawakami-cho,2426,1179,1247,2738,-312,-11.40,94.55,86.91,27.9,1001,995,6,1074,-73,-6.80,2426,2295,131
2870,33_Okayama-ken,33543,2000.0,33_Okayama-ken,33209,2871_(Municipalities as of 2000) Bitchu-cho,1593,742,851,1967,-374,-19.01,87.19,102.56,15.5,773,772,1,891,-118,-13.24,1593,1584,9
2871,33_Okayama-ken,33210,,33_Okayama-ken,33210,2872_Niimi-shi,28079,13411,14668,30658,-2579,-8.41,91.43,793.29,35.4,11324,11287,37,11648,-324,-2.78,28079,27028,1051
2872,33_Okayama-ken,33210,2000.0,33_Okayama-ken,33210,2873_(Municipalities as of 2000) Niimi-shi,18697,8900,9797,20113,-1416,-7.04,90.84,351.99,53.1,7871,7849,22,8029,-158,-1.97,18697,18073,624
2873,33_Okayama-ken,33561,2000.0,33_Okayama-ken,33210,2874_(Municipalities as of 2000) Osa-cho,2673,1284,1389,3003,-330,-10.99,92.44,121.25,22.0,973,969,4,1008,-35,-3.47,2673,2523,150
2874,33_Okayama-ken,33562,2000.0,33_Okayama-ken,33210,2875_(Municipalities as of 2000) Shingo-cho,1631,788,843,1856,-225,-12.12,93.48,136.37,12.0,602,597,5,643,-41,-6.38,1631,1531,100
2875,33_Okayama-ken,33563,2000.0,33_Okayama-ken,33210,2876_(Municipalities as of 2000) Tetta-cho,2845,1410,1435,3189,-344,-10.79,98.26,107.37,26.5,1016,1011,5,1054,-38,-3.61,2845,2732,113
2876,33_Okayama-ken,33564,2000.0,33_Okayama-ken,33210,2877_(Municipalities as of 2000) Tessei-cho,2233,1029,1204,2497,-264,-10.57,85.47,76.29,29.3,862,861,1,914,-52,-5.69,2233,2169,64
2877,33_Okayama-ken,33211,,33_Okayama-ken,33211,2878_Bizen-shi,32320,15516,16804,35179,-2859,-8.13,92.34,258.14,125.2,13486,13444,42,13878,-392,-2.82,32320,31366,954
2878,33_Okayama-ken,33211,2000.0,33_Okayama-ken,33211,2879_(Municipalities as of 2000) Bizen-shi,22017,10620,11397,23718,-1701,-7.17,93.18,133.66,164.7,9170,9142,28,9379,-209,-2.23,22017,21379,638
2879,33_Okayama-ken,33342,2000.0,33_Okayama-ken,33211,2880_(Municipalities as of 2000) Hinase-cho,6214,2961,3253,6934,-720,-10.38,91.02,35.91,173.0,2654,2645,9,2793,-139,-4.98,6214,6016,198
2880,33_Okayama-ken,33344,2000.0,33_Okayama-ken,33211,2881_(Municipalities as of 2000) Yoshinaga-cho,4089,1935,2154,4527,-438,-9.68,89.83,88.65,46.1,1662,1657,5,1706,-44,-2.58,4089,3971,118
2881,33_Okayama-ken,33212,,33_Okayama-ken,33212,2882_Setouchi-shi,36048,17319,18729,36975,-927,-2.51,92.47,125.46,287.3,14068,14030,38,13839,229,1.65,36048,35007,1041
2882,33_Okayama-ken,33361,2000.0,33_Okayama-ken,33212,2883_(Municipalities as of 2000) Ushimado-cho,5663,2610,3053,6161,-498,-8.08,85.49,27.5,205.9,2368,2363,5,2466,-98,-3.97,5663,5514,149
2883,33_Okayama-ken,33362,2000.0,33_Okayama-ken,33212,2884_(Municipalities as of 2000) Oku-cho,18140,8794,9346,18240,-100,-0.55,94.09,68.71,264.0,6995,6977,18,6859,136,1.98,18140,17612,528
2884,33_Okayama-ken,33363,2000.0,33_Okayama-ken,33212,2885_(Municipalities as of 2000) Osafune-cho,12245,5915,6330,12574,-329,-2.62,93.44,29.3,417.9,4705,4690,15,4514,191,4.23,12245,11881,364
2885,33_Okayama-ken,33213,,33_Okayama-ken,33213,2886_Akaiwa-shi,42661,20454,22207,43214,-553,-1.28,92.11,209.36,203.8,16439,16406,33,15730,709,4.51,42661,41726,935
2886,33_Okayama-ken,33322,2000.0,33_Okayama-ken,33213,2887_(Municipalities as of 2000) Sanyo-cho,24175,11471,12704,24245,-70,-0.29,90.29,34.64,697.9,9403,9389,14,8907,496,5.57,24175,23732,443
2887,33_Okayama-ken,33323,2000.0,33_Okayama-ken,33213,2888_(Municipalities as of 2000) Akasaka-cho,3930,1895,2035,4258,-328,-7.70,93.12,42.99,91.4,1520,1511,9,1518,2,0.13,3930,3765,165
2888,33_Okayama-ken,33324,2000.0,33_Okayama-ken,33213,2889_(Municipalities as of 2000) Kumayama-cho,11162,5473,5689,10679,483,4.52,96.20,45.73,244.1,4077,4069,8,3734,343,9.19,11162,10912,250
2889,33_Okayama-ken,33325,2000.0,33_Okayama-ken,33213,2890_(Municipalities as of 2000) Yoshii-cho,3394,1615,1779,4032,-638,-15.82,90.78,86.07,39.4,1439,1437,2,1571,-132,-8.40,3394,3317,77
2890,33_Okayama-ken,33214,,33_Okayama-ken,33214,2891_Maniwa-shi,42725,20397,22328,46124,-3399,-7.37,91.35,828.53,51.6,15845,15781,64,16084,-239,-1.49,42725,41195,1530
2891,33_Okayama-ken,33522,2000.0,33_Okayama-ken,33214,2892_(Municipalities as of 2000) Hokubo-cho,4606,2218,2388,5136,-530,-10.32,92.88,71.18,64.7,1631,1622,9,1699,-68,-4.00,4606,4449,157
2892,33_Okayama-ken,33581,2000.0,33_Okayama-ken,33214,2893_(Municipalities as of 2000) Katsuyama-cho,6669,3211,3458,7395,-726,-9.82,92.86,138.79,48.1,2550,2541,9,2626,-76,-2.89,6669,6432,237
2893,33_Okayama-ken,33582,2000.0,33_Okayama-ken,33214,2894_(Municipalities as of 2000) Ochiai-cho,13164,6262,6902,13997,-833,-5.95,90.73,147.92,89.0,4560,4539,21,4570,-10,-0.22,13164,12564,600
2894,33_Okayama-ken,33583,2000.0,33_Okayama-ken,33214,2895_(Municipalities as of 2000) Yubara-cho,2317,1093,1224,2636,-319,-12.10,89.30,141.37,16.4,973,969,4,1051,-78,-7.42,2317,2254,63
2895,33_Okayama-ken,33584,2000.0,33_Okayama-ken,33214,2896_(Municipalities as of 2000) Kuse-cho,10233,4912,5321,10592,-359,-3.39,92.31,75.12,136.2,3947,3939,8,3832,115,3.00,10233,9987,246
2896,33_Okayama-ken,33585,2000.0,33_Okayama-ken,33214,2897_(Municipalities as of 2000) Mikamo-son,1048,493,555,1242,-194,-15.62,88.83,67.19,15.6,407,405,2,430,-23,-5.35,1048,991,57
2897,33_Okayama-ken,33587,2000.0,33_Okayama-ken,33214,2898_(Municipalities as of 2000) Kawakami-son,1770,854,916,1926,-156,-8.10,93.23,77.94,22.7,662,658,4,704,-42,-5.97,1770,1696,74
2898,33_Okayama-ken,33588,2000.0,33_Okayama-ken,33214,2899_(Municipalities as of 2000) Yatsuka-son,2390,1107,1283,2604,-214,-8.22,86.28,61.19,39.1,901,894,7,954,-53,-5.56,2390,2294,96
2899,33_Okayama-ken,33589,2000.0,33_Okayama-ken,33214,2900_(Municipalities as of 2000) Chuka-son,528,247,281,596,-68,-11.41,87.90,47.73,11.1,214,214,NULL,218,-4,-1.83,528,528,NULL
2900,33_Okayama-ken,33215,,33_Okayama-ken,33215,2901_Mimasaka-shi,25939,12452,13487,27977,-2038,-7.28,92.33,429.29,60.4,10793,10761,32,10881,-88,-0.81,25939,25121,818
2901,33_Okayama-ken,33621,2000.0,33_Okayama-ken,33215,2902_(Municipalities as of 2000) Katsuta-cho,2526,1203,1323,2777,-251,-9.04,90.93,87.29,28.9,1070,1066,4,1104,-34,-3.08,2526,2449,77
2902,33_Okayama-ken,33641,2000.0,33_Okayama-ken,33215,2903_(Municipalities as of 2000) Ohara-cho,3324,1614,1710,3631,-307,-8.45,94.39,54.48,61.0,1367,1363,4,1373,-6,-0.44,3324,3234,90
2903,33_Okayama-ken,33642,2000.0,33_Okayama-ken,33215,2904_(Municipalities as of 2000) Higashiawakura-son,905,440,465,1055,-150,-14.22,94.62,28.01,32.3,370,370,NULL,387,-17,-4.39,905,905,NULL
2904,33_Okayama-ken,33644,2000.0,33_Okayama-ken,33215,2905_(Municipalities as of 2000) Mimasaka-cho,11330,5385,5945,11755,-425,-3.62,90.58,86.97,130.3,4741,4728,13,4610,131,2.84,11330,10948,382
2905,33_Okayama-ken,33645,2000.0,33_Okayama-ken,33215,2906_(Municipalities as of 2000) Sakuto-cho,5322,2591,2731,5973,-651,-10.90,94.87,109.03,48.8,2233,2226,7,2352,-119,-5.06,5322,5147,175
2906,33_Okayama-ken,33646,2000.0,33_Okayama-ken,33215,2907_(Municipalities as of 2000) Aida-cho,2532,1219,1313,2786,-254,-9.12,92.84,63.41,39.9,1012,1008,4,1055,-43,-4.08,2532,2438,94
2907,33_Okayama-ken,33216,,33_Okayama-ken,33216,2908_Asakuchi-shi,32772,15760,17012,34235,-1463,-4.27,92.64,66.46,493.1,12615,12591,24,12463,152,1.22,32772,32221,551
2908,33_Okayama-ken,33442,2000.0,33_Okayama-ken,33216,2909_(Municipalities as of 2000) Konko-cho,11370,5503,5867,11440,-70,-0.61,93.80,21.01,541.2,4272,4261,11,4140,132,3.19,11370,11135,235
2909,33_Okayama-ken,33443,2000.0,33_Okayama-ken,33216,2910_(Municipalities as of 2000) Kamogata-cho,16710,8035,8675,17509,-799,-4.56,92.62,36.44,458.6,6461,6451,10,6359,102,1.60,16710,16478,232
2910,33_Okayama-ken,33444,2000.0,33_Okayama-ken,33216,2911_(Municipalities as of 2000) Yorishima-cho,4692,2222,2470,5286,-594,-11.24,89.96,9.01,520.8,1882,1879,3,1964,-82,-4.18,4692,4608,84
2911,33_Okayama-ken,33346,,33_Okayama-ken,33346,2912_Wake-cho,13623,6468,7155,14412,-789,-5.47,90.40,144.21,94.5,5296,5270,26,5236,60,1.15,13623,12812,811
2912,33_Okayama-ken,33345,2000.0,33_Okayama-ken,33346,2913_(Municipalities as of 2000) Saeki-cho,2933,1374,1559,3348,-415,-12.40,88.13,60.34,48.6,1135,1131,4,1203,-68,-5.65,2933,2766,167
2913,33_Okayama-ken,33346,2000.0,33_Okayama-ken,33346,2914_(Municipalities as of 2000) Wake-cho,10690,5094,5596,11064,-374,-3.38,91.03,83.89,127.4,4161,4139,22,4033,128,3.17,10690,10046,644
2914,33_Okayama-ken,33423,2000.0,33_Okayama-ken,33423,2915_Hayashima-cho,12368,5930,6438,12154,214,1.76,92.11,7.62,1623.1,4522,4514,8,4349,173,3.98,12368,12034,334
2915,33_Okayama-ken,33445,2000.0,33_Okayama-ken,33445,2916_Satosho-cho,10950,5206,5744,10929,21,0.19,90.63,12.23,895.3,4138,4128,10,4027,111,2.76,10950,10721,229
2916,33_Okayama-ken,33461,2000.0,33_Okayama-ken,33461,2917_Yakage-cho,13414,6412,7002,14201,-787,-5.54,91.57,90.62,148.0,5000,4986,14,4955,45,0.91,13414,13045,369
2917,33_Okayama-ken,33586,2000.0,33_Okayama-ken,33586,2918_Shinjo-son,813,380,433,866,-53,-6.12,87.76,67.11,12.1,331,331,NULL,330,1,0.30,813,813,NULL
2918,33_Okayama-ken,33606,,33_Okayama-ken,33606,2919_Kagamino-cho,12062,5810,6252,12847,-785,-6.11,92.93,419.68,28.7,4643,4618,25,4669,-26,-0.56,12062,11670,392
2919,33_Okayama-ken,33602,2000.0,33_Okayama-ken,33606,2920_(Municipalities as of 2000) Tomi-son,509,251,258,614,-105,-17.10,97.29,76.13,6.7,223,222,1,248,-25,-10.08,509,500,9
2920,33_Okayama-ken,33603,2000.0,33_Okayama-ken,33606,2921_(Municipalities as of 2000) Okutsu-cho,1169,558,611,1351,-182,-13.47,91.33,130.83,8.9,476,472,4,512,-36,-7.03,1169,1111,58
2921,33_Okayama-ken,33604,2000.0,33_Okayama-ken,33606,2922_(Municipalities as of 2000) Kamisaibara-son,496,243,253,593,-97,-16.36,96.05,90.49,5.5,235,233,2,261,-26,-9.96,496,490,6
2922,33_Okayama-ken,33606,2000.0,33_Okayama-ken,33606,2923_(Municipalities as of 2000) Kagamino-cho,9888,4758,5130,10289,-401,-3.90,92.75,122.24,80.9,3709,3691,18,3648,61,1.67,9888,9569,319
2923,33_Okayama-ken,33622,2000.0,33_Okayama-ken,33622,2924_Shoo-cho,10888,5204,5684,11125,-237,-2.13,91.56,54.05,201.4,4089,4079,10,4054,35,0.86,10888,10531,357
2924,33_Okayama-ken,33623,2000.0,33_Okayama-ken,33623,2925_Nagi-cho,5578,2788,2790,5906,-328,-5.55,99.93,69.52,80.2,1942,1934,8,1978,-36,-1.82,5578,5206,372
2925,33_Okayama-ken,33643,2000.0,33_Okayama-ken,33643,2926_Nishiawakura-son,1398,651,747,1472,-74,-5.03,87.15,57.97,24.1,575,575,NULL,561,14,2.50,1398,1398,NULL
2926,33_Okayama-ken,33663,2000.0,33_Okayama-ken,33663,2927_Kumenan-cho,4530,2173,2357,4907,-377,-7.68,92.19,78.65,57.6,1793,1788,5,1893,-100,-5.28,4530,4266,264
2927,33_Okayama-ken,33666,,33_Okayama-ken,33666,2928_Misaki-cho,13053,6230,6823,14432,-1379,-9.56,91.31,232.17,56.2,5028,5014,14,5258,-230,-4.37,13053,12512,541
2928,33_Okayama-ken,33661,2000.0,33_Okayama-ken,33666,2929_(Municipalities as of 2000) Chuo-cho,6026,2857,3169,6475,-449,-6.93,90.15,72.08,83.6,2276,2270,6,2328,-52,-2.23,6026,5801,225
2929,33_Okayama-ken,33662,2000.0,33_Okayama-ken,33666,2930_(Municipalities as of 2000) Asahi-cho,2112,1029,1083,2458,-346,-14.08,95.01,82.99,25.4,867,866,1,939,-72,-7.67,2112,2087,25
2930,33_Okayama-ken,33665,2000.0,33_Okayama-ken,33666,2931_(Municipalities as of 2000) Yanahara-cho,4915,2344,2571,5499,-584,-10.62,91.17,77.08,63.8,1885,1878,7,1991,-106,-5.32,4915,4624,291
2931,33_Okayama-ken,33681,,33_Okayama-ken,33681,2932_Kibichuo-cho,10886,5275,5611,11950,-1064,-8.90,94.01,268.78,40.5,4283,4240,43,4374,-91,-2.08,10886,9855,1031
2932,33_Okayama-ken,33305,2000.0,33_Okayama-ken,33681,2933_(Municipalities as of 2000) Kamogawa-cho,4403,2140,2263,4956,-553,-11.16,94.56,141.15,31.2,1795,1773,22,1890,-95,-5.03,4403,3868,535
2933,33_Okayama-ken,33523,2000.0,33_Okayama-ken,33681,2934_(Municipalities as of 2000) Kayo-cho,6483,3135,3348,6994,-511,-7.31,93.64,127.58,50.8,2488,2467,21,2484,4,0.16,6483,5987,496
2934,34_Hiroshima-ken,34000,2000.0,34_Hiroshima-ken,34000,2935_Hiroshima-ken,2799702,1357156,1442546,2843990,-44288,-1.56,94.08,8479.65,330.2,1243527,1241204,2323,1211425,32102,2.65,2799702,2725202,74500
2935,34_Hiroshima-ken,34100,,34_Hiroshima-ken,34100,2936_Hiroshima-shi,1200754,579415,621339,1194034,6720,0.56,93.25,906.69,1324.3,555123,554462,661,531605,23518,4.42,1200754,1176915,23839
2936,34_Hiroshima-ken,34100,2000.0,34_Hiroshima-ken,34100,2937_(Municipalities as of 2000) Hiroshima-shi,1195501,576931,618570,1188196,7305,0.61,93.27,741.75,1611.7,552728,552074,654,529091,23637,4.47,1195501,1171846,23655
2937,34_Hiroshima-ken,34101,2000.0,34_Hiroshima-ken,34101,2938_Hiroshima-shi Naka-ku,142699,67660,75039,136640,6059,4.43,90.17,15.32,9314.6,81602,81526,76,76889,4713,6.13,142699,140098,2601
2938,34_Hiroshima-ken,34102,2000.0,34_Hiroshima-ken,34102,2939_Hiroshima-shi Higashi-ku,119353,56872,62481,120155,-802,-0.67,91.02,39.42,3027.7,53056,52982,74,51790,1266,2.44,119353,116161,3192
2939,34_Hiroshima-ken,34103,2000.0,34_Hiroshima-ken,34103,2940_Hiroshima-shi Minami-ku,145805,71544,74261,142728,3077,2.16,96.34,26.46,5510.4,72206,72145,61,68785,3421,4.97,145805,143413,2392
2940,34_Hiroshima-ken,34104,2000.0,34_Hiroshima-ken,34104,2941_Hiroshima-shi Nishi-ku,190232,91127,99105,190929,-697,-0.37,91.95,35.61,5342.1,93866,93763,103,90461,3405,3.76,190232,187275,2957
2941,34_Hiroshima-ken,34105,2000.0,34_Hiroshima-ken,34105,2942_Hiroshima-shi Asaminami-ku,247020,120308,126712,242512,4508,1.86,94.95,117.03,2110.7,106284,106180,104,99411,6873,6.91,247020,243219,3801
2942,34_Hiroshima-ken,34106,2000.0,34_Hiroshima-ken,34106,2943_Hiroshima-shi Asakita-ku,138979,65972,73007,145018,-6039,-4.16,90.36,353.33,393.3,57775,57681,94,57151,624,1.09,138979,135301,3678
2943,34_Hiroshima-ken,34107,2000.0,34_Hiroshima-ken,34107,2944_Hiroshima-shi Aki-ku,77103,38283,38820,79353,-2250,-2.84,98.62,94.08,819.5,31483,31409,74,31302,181,0.58,77103,74788,2315
2944,34_Hiroshima-ken,34108,,34_Hiroshima-ken,34108,2945_Hiroshima-shi Saeki-ku,139563,67649,71914,136699,2864,2.10,94.07,225.43,619.1,58851,58776,75,55816,3035,5.44,139563,136660,2903
2945,34_Hiroshima-ken,34108,2000.0,34_Hiroshima-ken,34108,2946_(Municipalities as of 2000) Hiroshima-shi Saeki-ku,134310,65165,69145,130861,3449,2.64,94.24,61.0,2201.8,56456,56388,68,53302,3154,5.92,134310,131591,2719
2946,34_Hiroshima-ken,34324,2000.0,34_Hiroshima-ken,34108,2947_(Municipalities as of 2000) Yuki-cho,5253,2484,2769,5838,-585,-10.02,89.71,162.87,32.3,2395,2388,7,2514,-119,-4.73,5253,5069,184
2947,34_Hiroshima-ken,34202,,34_Hiroshima-ken,34202,2948_Kure-shi,214592,103816,110776,228552,-13960,-6.11,93.72,352.83,608.2,94483,94223,260,97412,-2929,-3.01,214592,203283,11309
2948,34_Hiroshima-ken,34202,2000.0,34_Hiroshima-ken,34202,2949_(Municipalities as of 2000) Kure-shi,176211,85546,90665,185763,-9552,-5.14,94.35,146.35,1204.0,76621,76418,203,78530,-1909,-2.43,176211,166159,10052
2949,34_Hiroshima-ken,34311,2000.0,34_Hiroshima-ken,34202,2950_(Municipalities as of 2000) Ondo-cho,10616,5026,5590,11643,-1027,-8.82,89.91,18.73,566.8,4969,4947,22,5207,-238,-4.57,10616,10286,330
2950,34_Hiroshima-ken,34312,2000.0,34_Hiroshima-ken,34202,2951_(Municipalities as of 2000) Kurahashi-cho,4676,2230,2446,5391,-715,-13.26,91.17,54.44,85.9,2231,2214,17,2466,-235,-9.53,4676,4361,315
2951,34_Hiroshima-ken,34313,2000.0,34_Hiroshima-ken,34202,2952_(Municipalities as of 2000) Shimokamagari-cho,1288,602,686,1463,-175,-11.96,87.76,8.68,148.4,606,605,1,649,-43,-6.63,1288,1218,70
2952,34_Hiroshima-ken,34314,2000.0,34_Hiroshima-ken,34202,2953_(Municipalities as of 2000) Kamagari-cho,1423,661,762,1662,-239,-14.38,86.75,18.87,75.4,760,758,2,847,-87,-10.27,1423,1410,13
2953,34_Hiroshima-ken,34423,2000.0,34_Hiroshima-ken,34202,2954_(Municipalities as of 2000) Yasuura-cho,9885,4696,5189,10861,-976,-8.99,90.50,63.53,155.6,4225,4218,7,4388,-163,-3.71,9885,9575,310
2954,34_Hiroshima-ken,34424,2000.0,34_Hiroshima-ken,34202,2955_(Municipalities as of 2000) Kawajiri-cho,7796,3806,3990,8372,-576,-6.88,95.39,16.85,462.7,3580,3578,2,3534,46,1.30,7796,7736,60
2955,34_Hiroshima-ken,34425,2000.0,34_Hiroshima-ken,34202,2956_(Municipalities as of 2000) Toyohama-cho,1172,548,624,1489,-317,-21.29,87.82,11.64,100.7,659,656,3,815,-156,-19.14,1172,1070,102
2956,34_Hiroshima-ken,34426,2000.0,34_Hiroshima-ken,34202,2957_(Municipalities as of 2000) Yutaka-machi,1525,701,824,1908,-383,-20.07,85.07,14.08,108.3,832,829,3,976,-144,-14.75,1525,1468,57
2957,34_Hiroshima-ken,34203,2000.0,34_Hiroshima-ken,34203,2958_Takehara-shi,23993,11434,12559,26426,-2433,-9.21,91.04,118.23,202.9,10682,10651,31,11204,-522,-4.66,23993,22927,1066
2958,34_Hiroshima-ken,34204,,34_Hiroshima-ken,34204,2959_Mihara-shi,90573,43155,47418,96194,-5621,-5.84,91.01,471.51,192.1,39091,38997,94,39888,-797,-2.00,90573,87427,3146
2959,34_Hiroshima-ken,34204,2000.0,34_Hiroshima-ken,34204,2960_(Municipalities as of 2000) Mihara-shi,71052,33825,37227,75046,-3994,-5.32,90.86,204.74,347.0,31140,31073,67,31723,-583,-1.84,71052,68758,2294
2960,34_Hiroshima-ken,34407,2000.0,34_Hiroshima-ken,34204,2961_(Municipalities as of 2000) Daiwa-cho,5123,2437,2686,5892,-769,-13.05,90.73,121.88,42.0,2054,2036,18,2172,-118,-5.43,5123,4680,443
2961,34_Hiroshima-ken,34421,2000.0,34_Hiroshima-ken,34204,2962_(Municipalities as of 2000) Hongo-cho,10451,5040,5411,10900,-449,-4.12,93.14,82.19,127.2,4336,4329,7,4353,-17,-0.39,10451,10188,263
2962,34_Hiroshima-ken,34442,2000.0,34_Hiroshima-ken,34204,2963_(Municipalities as of 2000) Kui-cho,3947,1853,2094,4356,-409,-9.39,88.49,62.17,63.5,1561,1559,2,1640,-79,-4.82,3947,3801,146
2963,34_Hiroshima-ken,34205,,34_Hiroshima-ken,34205,2964_Onomichi-shi,131170,63468,67702,138626,-7456,-5.38,93.75,285.11,460.1,57519,57379,140,57759,-240,-0.42,131170,127680,3490
2964,34_Hiroshima-ken,34205,2000.0,34_Hiroshima-ken,34205,2965_(Municipalities as of 2000) Onomichi-shi,82354,39384,42970,86234,-3880,-4.50,91.65,110.95,742.3,35637,35559,78,35620,17,0.05,82354,80241,2113
2965,34_Hiroshima-ken,34206,2000.0,34_Hiroshima-ken,34205,2966_(Municipalities as of 2000) Innoshima-shi,21714,10908,10806,23350,-1636,-7.01,100.94,39.76,546.1,10248,10229,19,10423,-175,-1.68,21714,21188,526
2966,34_Hiroshima-ken,34430,2000.0,34_Hiroshima-ken,34205,2967_(Municipalities as of 2000) Setoda-cho,7587,3853,3734,8027,-440,-5.48,103.19,32.75,231.7,3618,3609,9,3569,49,1.37,7587,7414,173
2967,34_Hiroshima-ken,34441,2000.0,34_Hiroshima-ken,34205,2968_(Municipalities as of 2000) Mitsugi-cho,6426,2992,3434,6987,-561,-8.03,87.13,82.98,77.4,2405,2390,15,2439,-34,-1.39,6426,5934,492
2968,34_Hiroshima-ken,34444,2000.0,34_Hiroshima-ken,34205,2969_(Municipalities as of 2000) Mukaishima-cho,13089,6331,6758,14028,-939,-6.69,93.68,18.4,711.4,5611,5592,19,5708,-97,-1.70,13089,12903,186
2969,34_Hiroshima-ken,34207,,34_Hiroshima-ken,34207,2970_Fukuyama-shi,460930,224246,236684,464811,-3881,-0.83,94.74,518.14,889.6,193371,192976,395,185555,7816,4.21,460930,451291,9639
2970,34_Hiroshima-ken,34207,2000.0,34_Hiroshima-ken,34207,2971_(Municipalities as of 2000) Fukuyama-shi,385138,187426,197712,387821,-2683,-0.69,94.80,364.49,1056.6,164275,163980,295,157517,6758,4.29,385138,377350,7788
2971,34_Hiroshima-ken,34481,2000.0,34_Hiroshima-ken,34207,2972_(Municipalities as of 2000) Utsumi-cho,2248,1047,1201,2543,-295,-11.60,87.18,12.67,177.4,961,952,9,1048,-87,-8.30,2248,2105,143
2972,34_Hiroshima-ken,34482,2000.0,34_Hiroshima-ken,34207,2973_(Municipalities as of 2000) Numakuma-cho,10485,5355,5130,11337,-852,-7.52,104.39,30.93,339.0,4284,4259,25,4311,-27,-0.63,10485,9937,548
2973,34_Hiroshima-ken,34501,2000.0,34_Hiroshima-ken,34207,2974_(Municipalities as of 2000) Kannabe-cho,44039,21453,22586,42699,1340,3.14,94.98,56.81,775.2,16770,16727,43,15532,1238,7.97,44039,43353,686
2974,34_Hiroshima-ken,34524,2000.0,34_Hiroshima-ken,34207,2975_(Municipalities as of 2000) Shinichi-cho,19020,8965,10055,20411,-1391,-6.81,89.16,53.1,358.2,7081,7058,23,7147,-66,-0.92,19020,18546,474
2975,34_Hiroshima-ken,34208,,34_Hiroshima-ken,34208,2976_Fuchu-shi,37655,18115,19540,40069,-2414,-6.02,92.71,195.75,192.4,15030,14988,42,15039,-9,-0.06,37655,36529,1126
2976,34_Hiroshima-ken,34208,2000.0,34_Hiroshima-ken,34208,2977_(Municipalities as of 2000) Fuchu-shi,33410,16097,17313,35277,-1867,-5.29,92.98,110.18,303.2,13392,13360,32,13311,81,0.61,33410,32608,802
2977,34_Hiroshima-ken,34561,2000.0,34_Hiroshima-ken,34208,2978_(Municipalities as of 2000) Joge-cho,4245,2018,2227,4792,-547,-11.41,90.62,85.53,49.6,1638,1628,10,1728,-90,-5.21,4245,3921,324
2978,34_Hiroshima-ken,34209,,34_Hiroshima-ken,34209,2979_Miyoshi-shi,50681,24220,26461,53615,-2934,-5.47,91.53,778.18,65.1,21377,21292,85,21376,1,0.00,50681,48406,2275
2979,34_Hiroshima-ken,34209,2000.0,34_Hiroshima-ken,34209,2980_(Municipalities as of 2000) Miyoshi-shi,35775,17183,18592,36894,-1119,-3.03,92.42,251.55,142.2,15272,15225,47,14878,394,2.65,35775,34044,1731
2980,34_Hiroshima-ken,34563,2000.0,34_Hiroshima-ken,34209,2981_(Municipalities as of 2000) Konu-cho,2224,1009,1215,2484,-260,-10.47,83.05,65.17,34.1,892,884,8,950,-58,-6.11,2224,2088,136
2981,34_Hiroshima-ken,34581,2000.0,34_Hiroshima-ken,34209,2982_(Municipalities as of 2000) Kimita-son,1397,664,733,1560,-163,-10.45,90.59,85.87,16.3,500,497,3,540,-40,-7.41,1397,1279,118
2982,34_Hiroshima-ken,34582,2000.0,34_Hiroshima-ken,34209,2983_(Municipalities as of 2000) Funo-son,1296,629,667,1460,-164,-11.23,94.30,83.04,15.6,490,488,2,535,-45,-8.41,1296,1273,23
2983,34_Hiroshima-ken,34583,2000.0,34_Hiroshima-ken,34209,2984_(Municipalities as of 2000) Sakugi-son,1174,557,617,1381,-207,-14.99,90.28,91.92,12.8,503,488,15,549,-46,-8.38,1174,1110,64
2984,34_Hiroshima-ken,34584,2000.0,34_Hiroshima-ken,34209,2985_(Municipalities as of 2000) Kisa-cho,3319,1547,1772,3834,-515,-13.43,87.30,84.07,39.5,1401,1399,2,1536,-135,-8.79,3319,3242,77
2985,34_Hiroshima-ken,34585,2000.0,34_Hiroshima-ken,34209,2986_(Municipalities as of 2000) Mirasaka-cho,2954,1424,1530,3151,-197,-6.25,93.07,43.68,67.6,1244,1241,3,1260,-16,-1.27,2954,2927,27
2986,34_Hiroshima-ken,34586,2000.0,34_Hiroshima-ken,34209,2987_(Municipalities as of 2000) Miwa-cho,2542,1207,1335,2851,-309,-10.84,90.41,73.32,34.7,1075,1070,5,1128,-53,-4.70,2542,2443,99
2987,34_Hiroshima-ken,34210,,34_Hiroshima-ken,34210,2988_Shobara-shi,33633,16014,17619,37000,-3367,-9.10,90.89,1246.49,27.0,13794,13731,63,14455,-661,-4.57,33633,31992,1641
2988,34_Hiroshima-ken,34210,2000.0,34_Hiroshima-ken,34210,2989_(Municipalities as of 2000) Shobara-shi,17773,8521,9252,18922,-1149,-6.07,92.10,243.55,73.0,7412,7380,32,7499,-87,-1.16,17773,16786,987
2989,34_Hiroshima-ken,34562,2000.0,34_Hiroshima-ken,34210,2990_(Municipalities as of 2000) Soryo-cho,1253,560,693,1414,-161,-11.39,80.81,70.61,17.7,508,505,3,548,-40,-7.30,1253,1156,97
2990,34_Hiroshima-ken,34601,2000.0,34_Hiroshima-ken,34210,2991_(Municipalities as of 2000) Saijo-cho,3052,1446,1606,3570,-518,-14.51,90.04,226.91,13.5,1205,1201,4,1348,-143,-10.61,3052,2966,86
2991,34_Hiroshima-ken,34602,2000.0,34_Hiroshima-ken,34210,2992_(Municipalities as of 2000) Tojo-cho,6999,3313,3686,7878,-879,-11.16,89.88,304.92,23.0,2946,2930,16,3201,-255,-7.97,6999,6714,285
2992,34_Hiroshima-ken,34603,2000.0,34_Hiroshima-ken,34210,2993_(Municipalities as of 2000) Kuchiwa-cho,1815,891,924,2066,-251,-12.15,96.43,110.13,16.5,669,663,6,724,-55,-7.60,1815,1713,102
2993,34_Hiroshima-ken,34604,2000.0,34_Hiroshima-ken,34210,2994_(Municipalities as of 2000) Takano-cho,1535,739,796,1760,-225,-12.78,92.84,159.18,9.6,576,575,1,612,-36,-5.88,1535,1507,28
2994,34_Hiroshima-ken,34605,2000.0,34_Hiroshima-ken,34210,2995_(Municipalities as of 2000) Hiwa-cho,1206,544,662,1390,-184,-13.24,82.18,131.3,9.2,478,477,1,523,-45,-8.60,1206,1150,56
2995,34_Hiroshima-ken,34211,2000.0,34_Hiroshima-ken,34211,2996_Otake-shi,26319,12820,13499,27865,-1546,-5.55,94.97,78.66,334.6,11591,11568,23,11749,-158,-1.34,26319,25255,1064
2996,34_Hiroshima-ken,34212,,34_Hiroshima-ken,34212,2997_Higashihiroshima-shi,196608,99690,96918,192907,3701,1.92,102.86,635.16,309.5,90158,89988,170,84847,5311,6.26,196608,190967,5641
2997,34_Hiroshima-ken,34212,2000.0,34_Hiroshima-ken,34212,2998_(Municipalities as of 2000) Higashihiroshima-shi,154102,78924,75178,147641,6461,4.38,104.98,288.45,534.2,72327,72201,126,66272,6055,9.14,154102,150631,3471
2998,34_Hiroshima-ken,34402,2000.0,34_Hiroshima-ken,34212,2999_(Municipalities as of 2000) Kurose-cho,23255,11689,11566,23851,-596,-2.50,101.06,63.84,364.3,9719,9697,22,10048,-329,-3.27,23255,21806,1449
2999,34_Hiroshima-ken,34405,2000.0,34_Hiroshima-ken,34212,3000_(Municipalities as of 2000) Fukutomi-cho,2171,1003,1168,2374,-203,-8.55,85.87,60.71,35.8,863,859,4,901,-38,-4.22,2171,2120,51
3000,34_Hiroshima-ken,34406,2000.0,34_Hiroshima-ken,34212,3001_(Municipalities as of 2000) Toyosaka-cho,2811,1331,1480,3232,-421,-13.03,89.93,72.56,38.7,1238,1236,2,1321,-83,-6.28,2811,2737,74
3001,34_Hiroshima-ken,34408,2000.0,34_Hiroshima-ken,34212,3002_(Municipalities as of 2000) Kochi-cho,5496,2596,2900,5928,-432,-7.29,89.52,84.68,64.9,2163,2153,10,2256,-93,-4.12,5496,5052,444
3002,34_Hiroshima-ken,34422,2000.0,34_Hiroshima-ken,34212,3003_(Municipalities as of 2000) Akitsu-cho,8773,4147,4626,9881,-1108,-11.21,89.65,65.08,134.8,3848,3842,6,4049,-201,-4.96,8773,8621,152
3003,34_Hiroshima-ken,34213,,34_Hiroshima-ken,34213,3004_Hatsukaichi-shi,114173,54393,59780,114906,-733,-0.64,90.99,489.49,233.2,47821,47722,99,46039,1782,3.87,114173,111564,2609
3004,34_Hiroshima-ken,34213,2000.0,34_Hiroshima-ken,34213,3005_(Municipalities as of 2000) Hatsukaichi-shi,74654,35503,39151,75261,-607,-0.81,90.68,47.89,1558.9,31385,31343,42,30203,1182,3.91,74654,73186,1468
3005,34_Hiroshima-ken,34323,2000.0,34_Hiroshima-ken,34213,3006_(Municipalities as of 2000) Ono-cho,28577,13691,14886,27465,1112,4.05,91.97,70.75,403.9,11590,11563,27,10764,826,7.67,28577,27909,668
3006,34_Hiroshima-ken,34325,2000.0,34_Hiroshima-ken,34213,3007_(Municipalities as of 2000) Saiki-cho,8960,4289,4671,9890,-930,-9.40,91.82,194.83,46.0,3826,3797,29,3889,-63,-1.62,8960,8514,446
3007,34_Hiroshima-ken,34326,2000.0,34_Hiroshima-ken,34213,3008_(Municipalities as of 2000) Yoshiwa-mura,529,273,256,616,-87,-14.12,106.64,145.5,3.6,269,269,NULL,307,-38,-12.38,529,529,NULL
3008,34_Hiroshima-ken,34327,2000.0,34_Hiroshima-ken,34213,3009_(Municipalities as of 2000) Miyajima-cho,1453,637,816,1674,-221,-13.20,78.06,30.39,47.8,751,750,1,876,-125,-14.27,1453,1426,27
3009,34_Hiroshima-ken,34214,,34_Hiroshima-ken,34214,3010_Akitakata-shi,26448,12614,13834,29488,-3040,-10.31,91.18,537.71,49.2,11060,11008,52,11657,-597,-5.12,26448,24908,1540
3010,34_Hiroshima-ken,34381,2000.0,34_Hiroshima-ken,34214,3011_(Municipalities as of 2000) Yoshida-cho,9686,4751,4935,10615,-929,-8.75,96.27,84.81,114.2,4116,4098,18,4238,-122,-2.88,9686,9069,617
3011,34_Hiroshima-ken,34382,2000.0,34_Hiroshima-ken,34214,3012_(Municipalities as of 2000) Yachiyo-cho,3688,1670,2018,4120,-432,-10.49,82.76,50.6,72.9,1355,1352,3,1449,-94,-6.49,3688,3136,552
3012,34_Hiroshima-ken,34383,2000.0,34_Hiroshima-ken,34214,3013_(Municipalities as of 2000) Midori-cho,2337,1111,1226,2655,-318,-11.98,90.62,123.25,19.0,959,949,10,1011,-52,-5.14,2337,2311,26
3013,34_Hiroshima-ken,34384,2000.0,34_Hiroshima-ken,34214,3014_(Municipalities as of 2000) Takamiya-cho,2857,1367,1490,3324,-467,-14.05,91.74,124.46,23.0,1237,1234,3,1345,-108,-8.03,2857,2750,107
3014,34_Hiroshima-ken,34385,2000.0,34_Hiroshima-ken,34214,3015_(Municipalities as of 2000) Koda-cho,4454,2138,2316,4923,-469,-9.53,92.31,72.5,61.4,1854,1848,6,1986,-132,-6.65,4454,4328,126
3015,34_Hiroshima-ken,34386,2000.0,34_Hiroshima-ken,34214,3016_(Municipalities as of 2000) Mukaihara-cho,3426,1577,1849,3851,-425,-11.04,85.29,82.12,41.7,1539,1527,12,1628,-89,-5.47,3426,3314,112
3016,34_Hiroshima-ken,34215,,34_Hiroshima-ken,34215,3017_Etajima-shi,21930,11025,10905,24339,-2409,-9.90,101.10,100.72,217.7,10141,10072,69,10741,-600,-5.59,21930,20193,1737
3017,34_Hiroshima-ken,34310,2000.0,34_Hiroshima-ken,34215,3018_(Municipalities as of 2000) Etajima-cho,8494,4504,3990,9386,-892,-9.50,112.88,30.12,282.0,3604,3548,56,3818,-214,-5.61,8494,6965,1529
3018,34_Hiroshima-ken,34328,2000.0,34_Hiroshima-ken,34215,3019_(Municipalities as of 2000) Nomi-cho,4560,2185,2375,5082,-522,-10.27,92.00,16.58,275.0,2177,2175,2,2313,-136,-5.88,4560,4540,20
3019,34_Hiroshima-ken,34329,2000.0,34_Hiroshima-ken,34215,3020_(Municipalities as of 2000) Okimi-cho,2763,1368,1395,3062,-299,-9.76,98.06,27.6,100.1,1419,1416,3,1482,-63,-4.25,2763,2684,79
3020,34_Hiroshima-ken,34330,2000.0,34_Hiroshima-ken,34215,3021_(Municipalities as of 2000) Ogaki-cho,6113,2968,3145,6809,-696,-10.22,94.37,26.58,230.0,2941,2933,8,3128,-187,-5.98,6113,6004,109
3021,34_Hiroshima-ken,34302,2000.0,34_Hiroshima-ken,34302,3022_Fuchu-cho,51155,25007,26148,51053,102,0.20,95.64,10.41,4914.0,21615,21595,20,21109,506,2.40,51155,50401,754
3022,34_Hiroshima-ken,34304,2000.0,34_Hiroshima-ken,34304,3023_Kaita-cho,29636,14588,15048,28667,969,3.38,96.94,13.79,2149.1,12891,12883,8,12246,645,5.27,29636,29343,293
3023,34_Hiroshima-ken,34307,2000.0,34_Hiroshima-ken,34307,3024_Kumano-cho,22834,10958,11876,23755,-921,-3.88,92.27,33.76,676.4,9422,9413,9,9430,-8,-0.08,22834,22579,255
3024,34_Hiroshima-ken,34309,2000.0,34_Hiroshima-ken,34309,3025_Saka-cho,12582,5984,6598,12747,-165,-1.29,90.69,15.69,801.9,5232,5227,5,5132,100,1.95,12582,12430,152
3025,34_Hiroshima-ken,34368,,34_Hiroshima-ken,34368,3026_Akiota-cho,5740,2675,3065,6472,-732,-11.31,87.28,341.89,16.8,2588,2577,11,2781,-193,-6.94,5740,5402,338
3026,34_Hiroshima-ken,34361,2000.0,34_Hiroshima-ken,34368,3027_(Municipalities as of 2000) Kake-cho,2926,1368,1558,3235,-309,-9.55,87.80,96.09,30.5,1322,1317,5,1404,-82,-5.84,2926,2697,229
3027,34_Hiroshima-ken,34362,2000.0,34_Hiroshima-ken,34368,3028_(Municipalities as of 2000) Tsutsuga-son,814,399,415,916,-102,-11.14,96.14,54.07,15.1,365,363,2,402,-37,-9.20,814,807,7
3028,34_Hiroshima-ken,34363,2000.0,34_Hiroshima-ken,34368,3029_(Municipalities as of 2000) Togouchi-cho,2000,908,1092,2321,-321,-13.83,83.15,192.09,10.4,901,897,4,975,-74,-7.59,2000,1898,102
3029,34_Hiroshima-ken,34369,,34_Hiroshima-ken,34369,3030_Kitahiroshima-cho,17763,8768,8995,18918,-1155,-6.11,97.48,646.2,27.5,7677,7640,37,7728,-51,-0.66,17763,16772,991
3030,34_Hiroshima-ken,34364,2000.0,34_Hiroshima-ken,34369,3031_(Municipalities as of 2000) Geihoku-cho,1936,929,1007,2205,-269,-12.20,92.25,253.63,7.6,809,805,4,896,-87,-9.71,1936,1852,84
3031,34_Hiroshima-ken,34365,2000.0,34_Hiroshima-ken,34369,3032_(Municipalities as of 2000) Oasa-cho,2716,1333,1383,3064,-348,-11.36,96.38,90.5,30.0,1117,1108,9,1171,-54,-4.61,2716,2478,238
3032,34_Hiroshima-ken,34366,2000.0,34_Hiroshima-ken,34369,3033_(Municipalities as of 2000) Chiyoda-cho,10068,5062,5006,10203,-135,-1.32,101.12,171.07,58.9,4467,4452,15,4234,233,5.50,10068,9554,514
3033,34_Hiroshima-ken,34367,2000.0,34_Hiroshima-ken,34369,3034_(Municipalities as of 2000) Toyohira-cho,3043,1444,1599,3446,-403,-11.69,90.31,130.66,23.3,1284,1275,9,1427,-143,-10.02,3043,2888,155
3034,34_Hiroshima-ken,34431,,34_Hiroshima-ken,34431,3035_Osakikamijima-cho,7158,3663,3495,7992,-834,-10.44,104.81,43.11,166.0,3437,3421,16,3898,-461,-11.83,7158,6436,722
3035,34_Hiroshima-ken,34427,2000.0,34_Hiroshima-ken,34431,3036_(Municipalities as of 2000) Osaki-cho,3446,1698,1748,3816,-370,-9.70,97.14,20.44,168.6,1677,1671,6,1941,-264,-13.60,3446,3277,169
3036,34_Hiroshima-ken,34428,2000.0,34_Hiroshima-ken,34431,3037_(Municipalities as of 2000) Higashino-cho,2162,1211,951,2390,-228,-9.54,127.34,12.67,170.6,905,897,8,999,-94,-9.41,2162,1657,505
3037,34_Hiroshima-ken,34429,2000.0,34_Hiroshima-ken,34431,3038_(Municipalities as of 2000) Kinoe-cho,1550,754,796,1786,-236,-13.21,94.72,10.13,153.0,855,853,2,958,-103,-10.75,1550,1502,48
3038,34_Hiroshima-ken,34462,,34_Hiroshima-ken,34462,3039_Sera-cho,15125,7156,7969,16337,-1212,-7.42,89.80,278.14,54.4,6085,6071,14,6242,-157,-2.52,15125,14663,462
3039,34_Hiroshima-ken,34461,2000.0,34_Hiroshima-ken,34462,3040_(Municipalities as of 2000) Kozan-cho,5335,2557,2778,5769,-434,-7.52,92.04,99.79,53.5,2139,2136,3,2184,-45,-2.06,5335,5252,83
3040,34_Hiroshima-ken,34462,2000.0,34_Hiroshima-ken,34462,3041_(Municipalities as of 2000) Sera-cho,6901,3244,3657,7350,-449,-6.11,88.71,109.36,63.1,2746,2739,7,2791,-45,-1.61,6901,6636,265
3041,34_Hiroshima-ken,34463,2000.0,34_Hiroshima-ken,34462,3042_(Municipalities as of 2000) Seranishi-cho,2889,1355,1534,3218,-329,-10.22,88.33,69.14,41.8,1200,1196,4,1267,-67,-5.29,2889,2775,114
3042,34_Hiroshima-ken,34545,,34_Hiroshima-ken,34545,3043_Jinsekikogen-cho,8250,3932,4318,9217,-967,-10.49,91.06,381.98,21.6,3339,3320,19,3533,-194,-5.49,8250,7839,411
3043,34_Hiroshima-ken,34541,2000.0,34_Hiroshima-ken,34545,3044_(Municipalities as of 2000) Yuki-cho,1985,936,1049,2277,-292,-12.82,89.23,98.02,20.3,837,830,7,911,-74,-8.12,1985,1846,139
3044,34_Hiroshima-ken,34542,2000.0,34_Hiroshima-ken,34545,3045_(Municipalities as of 2000) Jinseki-cho,1693,820,873,1959,-266,-13.58,93.93,103.98,16.3,719,716,3,793,-74,-9.33,1693,1610,83
3045,34_Hiroshima-ken,34543,2000.0,34_Hiroshima-ken,34545,3046_(Municipalities as of 2000) Toyomatsu-son,1073,510,563,1262,-189,-14.98,90.59,52.35,20.5,473,471,2,500,-27,-5.40,1073,1051,22
3046,34_Hiroshima-ken,34544,2000.0,34_Hiroshima-ken,34545,3047_(Municipalities as of 2000) Sanwa-cho,3499,1666,1833,3719,-220,-5.92,90.89,127.46,27.5,1310,1303,7,1329,-19,-1.43,3499,3332,167
3047,35_Yamaguchi-ken,35000,2000.0,35_Yamaguchi-ken,35000,3048_Yamaguchi-ken,1342059,636736,705323,1404729,-62670,-4.46,90.28,6112.54,219.6,598824,597309,1515,598834,-10,0.00,1342059,1293822,48237
3048,35_Yamaguchi-ken,35201,,35_Yamaguchi-ken,35201,3049_Shimonoseki-shi,255051,118683,136368,268517,-13466,-5.01,87.03,716.1,356.2,115817,115525,292,116298,-481,-0.41,255051,245933,9118
3049,35_Yamaguchi-ken,35201,2000.0,35_Yamaguchi-ken,35201,3050_(Municipalities as of 2000) Shimonoseki-shi,219078,102208,116870,228554,-9476,-4.15,87.45,224.09,977.6,100514,100288,226,100238,276,0.28,219078,211542,7536
3050,35_Yamaguchi-ken,35441,2000.0,35_Yamaguchi-ken,35201,3051_(Municipalities as of 2000) Kikugawa-cho,7231,3382,3849,7733,-502,-6.49,87.87,83.78,86.3,2802,2789,13,2751,51,1.85,7231,6896,335
3051,35_Yamaguchi-ken,35442,2000.0,35_Yamaguchi-ken,35201,3052_(Municipalities as of 2000) Toyota-cho,4620,2148,2472,5341,-721,-13.50,86.89,163.47,28.3,1959,1952,7,2124,-165,-7.77,4620,4429,191
3052,35_Yamaguchi-ken,35443,2000.0,35_Yamaguchi-ken,35201,3053_(Municipalities as of 2000) Toyoura-cho,16232,7375,8857,17635,-1403,-7.96,83.27,75.84,214.0,6962,6930,32,7209,-247,-3.43,16232,15471,761
3053,35_Yamaguchi-ken,35444,2000.0,35_Yamaguchi-ken,35201,3054_(Municipalities as of 2000) Hohoku-cho,7890,3570,4320,9254,-1364,-14.74,82.64,168.61,46.8,3580,3566,14,3976,-396,-9.96,7890,7595,295
3054,35_Yamaguchi-ken,35202,,35_Yamaguchi-ken,35202,3055_Ube-shi,162570,77793,84777,169429,-6859,-4.05,91.76,286.65,567.1,72595,72415,180,73225,-630,-0.86,162570,156314,6256
3055,35_Yamaguchi-ken,35202,2000.0,35_Yamaguchi-ken,35202,3056_(Municipalities as of 2000) Ube-shi,157021,75207,81814,163424,-6403,-3.92,91.92,210.44,746.2,70455,70292,163,71078,-623,-0.88,157021,151366,5655
3056,35_Yamaguchi-ken,35421,2000.0,35_Yamaguchi-ken,35202,3057_(Municipalities as of 2000) Kusunoki-cho,5549,2586,2963,6005,-456,-7.59,87.28,77.02,72.0,2140,2123,17,2147,-7,-0.33,5549,4948,601
3057,35_Yamaguchi-ken,35203,,35_Yamaguchi-ken,35203,3058_Yamaguchi-shi,193966,92352,101614,197422,-3456,-1.75,90.89,1023.23,189.6,87094,86858,236,84994,2100,2.47,193966,186670,7296
3058,35_Yamaguchi-ken,35203,2000.0,35_Yamaguchi-ken,35203,3059_(Municipalities as of 2000) Yamaguchi-shi,142214,67497,74717,144127,-1913,-1.33,90.34,356.9,398.5,64335,64151,184,62922,1413,2.25,142214,136458,5756
3059,35_Yamaguchi-ken,35381,2000.0,35_Yamaguchi-ken,35203,3060_(Municipalities as of 2000) Tokuji-cho,5196,2391,2805,5915,-719,-12.16,85.24,290.35,17.9,2268,2260,8,2483,-215,-8.66,5196,5033,163
3060,35_Yamaguchi-ken,35401,2000.0,35_Yamaguchi-ken,35203,3061_(Municipalities as of 2000) Aio-cho,6113,2850,3263,6680,-567,-8.49,87.34,24.09,253.8,2435,2428,7,2502,-67,-2.68,6113,5823,290
3061,35_Yamaguchi-ken,35402,2000.0,35_Yamaguchi-ken,35203,3062_(Municipalities as of 2000) Ogori-cho,26344,13055,13289,25502,842,3.30,98.24,33.4,788.7,12253,12231,22,11213,1040,9.27,26344,25840,504
3062,35_Yamaguchi-ken,35403,2000.0,35_Yamaguchi-ken,35203,3063_(Municipalities as of 2000) Ajisu-cho,9233,4324,4909,9426,-193,-2.05,88.08,25.49,362.2,3561,3550,11,3390,171,5.04,9233,8807,426
3063,35_Yamaguchi-ken,35504,2000.0,35_Yamaguchi-ken,35203,3064_(Municipalities as of 2000) Ato-cho,4866,2235,2631,5772,-906,-15.70,84.95,293.08,16.6,2242,2238,4,2484,-242,-9.74,4866,4709,157
3064,35_Yamaguchi-ken,35204,,35_Yamaguchi-ken,35204,3065_Hagi-shi,44626,20610,24016,49560,-4934,-9.96,85.82,698.31,63.9,20432,20327,105,21620,-1188,-5.49,44626,42511,2115
3065,35_Yamaguchi-ken,35204,2000.0,35_Yamaguchi-ken,35204,3066_(Municipalities as of 2000) Hagi-shi,35131,16211,18920,38343,-3212,-8.38,85.68,138.26,254.1,16118,16066,52,16786,-668,-3.98,35131,33555,1576
3066,35_Yamaguchi-ken,35501,2000.0,35_Yamaguchi-ken,35204,3067_(Municipalities as of 2000) Kawakami-son,759,371,388,859,-100,-11.64,95.62,93.22,8.1,371,347,24,373,-2,-0.54,759,702,57
3067,35_Yamaguchi-ken,35503,2000.0,35_Yamaguchi-ken,35204,3068_(Municipalities as of 2000) Tamagawa-cho,2383,1099,1284,2744,-361,-13.16,85.59,78.21,30.5,1074,1061,13,1211,-137,-11.31,2383,2210,173
3068,35_Yamaguchi-ken,35505,2000.0,35_Yamaguchi-ken,35204,3069_(Municipalities as of 2000) Mutsumi-son,1241,590,651,1486,-245,-16.49,90.63,69.66,17.8,566,564,2,647,-81,-12.52,1241,1190,51
3069,35_Yamaguchi-ken,35506,2000.0,35_Yamaguchi-ken,35204,3070_(Municipalities as of 2000) Susa-cho,2232,1037,1195,2657,-425,-16.00,86.78,87.15,25.6,1048,1038,10,1170,-122,-10.43,2232,2091,141
3070,35_Yamaguchi-ken,35507,2000.0,35_Yamaguchi-ken,35204,3071_(Municipalities as of 2000) Asahi-son,1382,638,744,1645,-263,-15.99,85.75,134.04,10.3,595,594,1,683,-88,-12.88,1382,1332,50
3071,35_Yamaguchi-ken,35508,2000.0,35_Yamaguchi-ken,35204,3072_(Municipalities as of 2000) Fukue-son,1498,664,834,1826,-328,-17.96,79.62,98.3,15.2,660,657,3,750,-90,-12.00,1498,1431,67
3072,35_Yamaguchi-ken,35206,2000.0,35_Yamaguchi-ken,35206,3073_Hofu-shi,113979,54951,59028,115942,-1963,-1.69,93.09,189.37,601.9,48858,48726,132,47573,1285,2.70,113979,109844,4135
3073,35_Yamaguchi-ken,35207,2000.0,35_Yamaguchi-ken,35207,3074_Kudamatsu-shi,55887,27405,28482,55812,75,0.13,96.22,89.36,625.4,24718,24684,34,23757,961,4.05,55887,55025,862
3074,35_Yamaguchi-ken,35208,,35_Yamaguchi-ken,35208,3075_Iwakuni-shi,129125,60981,68144,136757,-7632,-5.58,89.49,873.72,147.8,57911,57762,149,59080,-1169,-1.98,129125,124335,4790
3075,35_Yamaguchi-ken,35208,2000.0,35_Yamaguchi-ken,35208,3076_(Municipalities as of 2000) Iwakuni-shi,91232,43258,47974,95754,-4522,-4.72,90.17,221.16,412.5,41631,41560,71,42334,-703,-1.66,91232,88853,2379
3076,35_Yamaguchi-ken,35322,2000.0,35_Yamaguchi-ken,35208,3077_(Municipalities as of 2000) Yuu-cho,8354,3893,4461,8776,-422,-4.81,87.27,29.18,286.3,3459,3445,14,3406,53,1.56,8354,7675,679
3077,35_Yamaguchi-ken,35323,2000.0,35_Yamaguchi-ken,35208,3078_(Municipalities as of 2000) Kuga-cho,10494,4946,5548,10914,-420,-3.85,89.15,23.2,452.3,4292,4264,28,4249,43,1.01,10494,9714,780
3078,35_Yamaguchi-ken,35324,2000.0,35_Yamaguchi-ken,35208,3079_(Municipalities as of 2000) Hongo-son,725,332,393,895,-170,-18.99,84.48,40.35,18.0,351,347,4,408,-57,-13.97,725,616,109
3079,35_Yamaguchi-ken,35325,2000.0,35_Yamaguchi-ken,35208,3080_(Municipalities as of 2000) Shuto-cho,11539,5431,6108,12555,-1016,-8.09,88.92,144.02,80.1,4944,4929,15,5135,-191,-3.72,11539,11051,488
3080,35_Yamaguchi-ken,35326,2000.0,35_Yamaguchi-ken,35208,3081_(Municipalities as of 2000) Nishiki-cho,2409,1083,1326,2804,-395,-14.09,81.67,210.32,11.5,1239,1231,8,1361,-122,-8.96,2409,2273,136
3081,35_Yamaguchi-ken,35328,2000.0,35_Yamaguchi-ken,35208,3082_(Municipalities as of 2000) Mikawa-cho,833,375,458,1057,-224,-21.19,81.88,75.85,11.0,461,458,3,543,-82,-15.10,833,778,55
3082,35_Yamaguchi-ken,35329,2000.0,35_Yamaguchi-ken,35208,3083_(Municipalities as of 2000) Miwa-cho,3539,1663,1876,4002,-463,-11.57,88.65,127.53,27.8,1534,1528,6,1644,-110,-6.69,3539,3375,164
3083,35_Yamaguchi-ken,35210,,35_Yamaguchi-ken,35210,3084_Hikari-shi,49798,23711,26087,51369,-1571,-3.06,90.89,92.13,540.5,21439,21401,38,20953,486,2.32,49798,48266,1532
3084,35_Yamaguchi-ken,35210,2000.0,35_Yamaguchi-ken,35210,3085_(Municipalities as of 2000) Hikari-shi,43178,20611,22567,44317,-1139,-2.57,91.33,59.85,721.4,18805,18775,30,18264,541,2.96,43178,42078,1100
3085,35_Yamaguchi-ken,35342,2000.0,35_Yamaguchi-ken,35210,3086_(Municipalities as of 2000) Yamato-cho,6620,3100,3520,7052,-432,-6.13,88.07,32.09,206.3,2634,2626,8,2689,-55,-2.05,6620,6188,432
3086,35_Yamaguchi-ken,35211,,35_Yamaguchi-ken,35211,3087_Nagato-shi,32519,15040,17479,35439,-2920,-8.24,86.05,357.31,91.0,14135,14095,40,14666,-531,-3.62,32519,31011,1508
3087,35_Yamaguchi-ken,35211,2000.0,35_Yamaguchi-ken,35211,3088_(Municipalities as of 2000) Nagato-shi,18579,8601,9978,20131,-1552,-7.71,86.20,152.4,121.9,8185,8166,19,8406,-221,-2.63,18579,17887,692
3088,35_Yamaguchi-ken,35481,2000.0,35_Yamaguchi-ken,35211,3089_(Municipalities as of 2000) Misumi-cho,5094,2350,2744,5405,-311,-5.75,85.64,67.4,75.6,2042,2033,9,2067,-25,-1.21,5094,4697,397
3089,35_Yamaguchi-ken,35482,2000.0,35_Yamaguchi-ken,35211,3090_(Municipalities as of 2000) Heki-cho,3774,1767,2007,4065,-291,-7.16,88.04,44.82,84.2,1569,1561,8,1609,-40,-2.49,3774,3496,278
3090,35_Yamaguchi-ken,35483,2000.0,35_Yamaguchi-ken,35211,3091_(Municipalities as of 2000) Yuya-cho,5072,2322,2750,5838,-766,-13.12,84.44,93.27,54.4,2339,2335,4,2584,-245,-9.48,5072,4931,141
3091,35_Yamaguchi-ken,35212,,35_Yamaguchi-ken,35212,3092_Yanai-shi,30799,14345,16454,32945,-2146,-6.51,87.18,140.05,219.9,13932,13902,30,14170,-238,-1.68,30799,29511,1288
3092,35_Yamaguchi-ken,35212,2000.0,35_Yamaguchi-ken,35212,3093_(Municipalities as of 2000) Yanai-shi,28201,13146,15055,30069,-1868,-6.21,87.32,127.86,220.6,12712,12684,28,12891,-179,-1.39,28201,26970,1231
3093,35_Yamaguchi-ken,35327,2000.0,35_Yamaguchi-ken,35212,3094_(Municipalities as of 2000) Obatake-cho,2598,1199,1399,2876,-278,-9.67,85.70,12.01,216.3,1220,1218,2,1279,-59,-4.61,2598,2541,57
3094,35_Yamaguchi-ken,35213,,35_Yamaguchi-ken,35213,3095_Mine-shi,23247,10857,12390,26159,-2912,-11.13,87.63,472.64,49.2,9405,9363,42,10095,-690,-6.84,23247,21635,1612
3095,35_Yamaguchi-ken,35213,2000.0,35_Yamaguchi-ken,35213,3096_(Municipalities as of 2000) Mine-shi,14478,6777,7701,16169,-1691,-10.46,88.00,228.25,63.4,5879,5849,30,6298,-419,-6.65,14478,13354,1124
3096,35_Yamaguchi-ken,35461,2000.0,35_Yamaguchi-ken,35213,3097_(Municipalities as of 2000) Mito-cho,4617,2171,2446,5133,-516,-10.05,88.76,129.49,35.7,1765,1756,9,1845,-80,-4.34,4617,4256,361
3097,35_Yamaguchi-ken,35462,2000.0,35_Yamaguchi-ken,35213,3098_(Municipalities as of 2000) Shuho-cho,4152,1909,2243,4857,-705,-14.52,85.11,114.97,36.1,1761,1758,3,1952,-191,-9.78,4152,4025,127
3098,35_Yamaguchi-ken,35215,,35_Yamaguchi-ken,35215,3099_Shunan-shi,137540,66686,70854,144842,-7302,-5.04,94.12,656.29,209.6,63289,63198,91,61999,1290,2.08,137540,134227,3313
3099,35_Yamaguchi-ken,35205,2000.0,35_Yamaguchi-ken,35215,3100_(Municipalities as of 2000) Tokuyama-shi,91047,44028,47019,96086,-5039,-5.24,93.64,339.83,267.9,43087,43030,57,42146,941,2.23,91047,88833,2214
3100,35_Yamaguchi-ken,35214,2000.0,35_Yamaguchi-ken,35215,3101_(Municipalities as of 2000) Shinnanyo-shi,29135,14467,14668,29960,-825,-2.75,98.63,64.21,453.7,13059,13047,12,12595,464,3.68,29135,28733,402
3101,35_Yamaguchi-ken,35345,2000.0,35_Yamaguchi-ken,35215,3102_(Municipalities as of 2000) Kumage-cho,14474,6880,7594,15526,-1052,-6.78,90.60,70.5,205.3,5945,5932,13,5957,-12,-0.20,14474,14121,353
3102,35_Yamaguchi-ken,35361,2000.0,35_Yamaguchi-ken,35215,3103_(Municipalities as of 2000) Kano-cho,2884,1311,1573,3270,-386,-11.80,83.34,181.46,15.9,1198,1189,9,1301,-103,-7.92,2884,2540,344
3103,35_Yamaguchi-ken,35216,,35_Yamaguchi-ken,35216,3104_Sanyoonoda-shi,60326,28635,31691,62671,-2345,-3.74,90.36,133.09,453.3,26106,26049,57,25740,366,1.42,60326,58768,1558
3104,35_Yamaguchi-ken,35209,2000.0,35_Yamaguchi-ken,35216,3105_(Municipalities as of 2000) Onoda-shi,40840,19472,21368,42178,-1338,-3.17,91.13,43.05,948.7,17982,17942,40,17601,381,2.16,40840,39848,992
3105,35_Yamaguchi-ken,35422,2000.0,35_Yamaguchi-ken,35216,3106_(Municipalities as of 2000) Sanyo-cho,19486,9163,10323,20493,-1007,-4.91,88.76,89.81,217.0,8124,8107,17,8139,-15,-0.18,19486,18920,566
3106,35_Yamaguchi-ken,35305,,35_Yamaguchi-ken,35305,3107_Suooshima-cho,14798,6828,7970,17199,-2401,-13.96,85.67,138.09,107.2,7198,7155,43,8038,-840,-10.45,14798,13649,1149
3107,35_Yamaguchi-ken,35301,2000.0,35_Yamaguchi-ken,35305,3108_(Municipalities as of 2000) Kuka-cho,2967,1364,1603,3386,-419,-12.37,85.09,23.12,128.3,1426,1416,10,1533,-107,-6.98,2967,2811,156
3108,35_Yamaguchi-ken,35302,2000.0,35_Yamaguchi-ken,35305,3109_(Municipalities as of 2000) Oshima-cho,5126,2383,2743,5803,-677,-11.67,86.88,47.29,108.4,2378,2364,14,2572,-194,-7.54,5126,4684,442
3109,35_Yamaguchi-ken,35303,2000.0,35_Yamaguchi-ken,35305,3110_(Municipalities as of 2000) Towa-cho,2994,1380,1614,3617,-623,-17.22,85.50,38.79,77.2,1579,1572,7,1860,-281,-15.11,2994,2853,141
3110,35_Yamaguchi-ken,35304,2000.0,35_Yamaguchi-ken,35305,3111_(Municipalities as of 2000) Tachibana-cho,3711,1701,2010,4393,-682,-15.52,84.63,28.85,128.6,1815,1803,12,2073,-258,-12.45,3711,3301,410
3111,35_Yamaguchi-ken,35321,2000.0,35_Yamaguchi-ken,35321,3112_Waki-cho,6034,2947,3087,6285,-251,-3.99,95.46,10.58,570.3,2476,2474,2,2593,-117,-4.51,6034,5969,65
3112,35_Yamaguchi-ken,35341,2000.0,35_Yamaguchi-ken,35341,3113_Kaminoseki-cho,2342,1084,1258,2803,-461,-16.45,86.17,34.69,67.5,1251,1250,1,1459,-208,-14.26,2342,2312,30
3113,35_Yamaguchi-ken,35343,2000.0,35_Yamaguchi-ken,35343,3114_Tabuse-cho,14483,6908,7575,15317,-834,-5.44,91.19,50.42,287.2,5955,5928,27,6131,-176,-2.87,14483,14012,471
3114,35_Yamaguchi-ken,35344,2000.0,35_Yamaguchi-ken,35344,3115_Hirao-cho,11914,5553,6361,12798,-884,-6.91,87.30,34.59,344.4,4848,4837,11,4951,-103,-2.08,11914,10897,1017
3115,35_Yamaguchi-ken,35502,2000.0,35_Yamaguchi-ken,35502,3116_Abu-cho,3055,1367,1688,3463,-408,-11.78,80.98,115.95,26.3,1365,1360,5,1492,-127,-8.51,3055,2933,122
3116,36_Tokushima-ken,36000,2000.0,36_Tokushima-ken,36000,3117_Tokushima-ken,719559,343265,376294,755733,-36174,-4.79,91.22,4146.75,173.5,308210,307358,852,305754,2456,0.80,719559,693391,26168
3117,36_Tokushima-ken,36201,2000.0,36_Tokushima-ken,36201,3118_Tokushima-shi,252391,120188,132203,258554,-6163,-2.38,90.91,191.39,1318.7,119509,119228,281,115015,4494,3.91,252391,243576,8815
3118,36_Tokushima-ken,36202,2000.0,36_Tokushima-ken,36202,3119_Naruto-shi,54622,25858,28764,59101,-4479,-7.58,89.90,135.66,402.6,22472,22406,66,23234,-762,-3.28,54622,52505,2117
3119,36_Tokushima-ken,36203,2000.0,36_Tokushima-ken,36203,3120_Komatsushima-shi,36149,17461,18688,38755,-2606,-6.72,93.43,45.37,796.8,15141,15104,37,15233,-92,-0.60,36149,35086,1063
3120,36_Tokushima-ken,36204,,36_Tokushima-ken,36204,3121_Anan-shi,69470,33694,35776,73019,-3549,-4.86,94.18,279.25,248.8,27439,27368,71,27193,246,0.90,69470,67070,2400
3121,36_Tokushima-ken,36204,2000.0,36_Tokushima-ken,36204,3122_(Municipalities as of 2000) Anan-shi,46343,22538,23805,49332,-2989,-6.06,94.68,252.22,183.7,18541,18493,48,18471,70,0.38,46343,44629,1714
3122,36_Tokushima-ken,36361,2000.0,36_Tokushima-ken,36204,3123_(Municipalities as of 2000) Nakagawa-cho,10227,5037,5190,10868,-641,-5.90,97.05,18.65,548.4,4036,4024,12,4000,36,0.90,10227,9986,241
3123,36_Tokushima-ken,36362,2000.0,36_Tokushima-ken,36204,3124_(Municipalities as of 2000) Hanoura-cho,12900,6119,6781,12819,81,0.63,90.24,8.52,1514.1,4862,4851,11,4722,140,2.96,12900,12455,445
3124,36_Tokushima-ken,36205,,36_Tokushima-ken,36205,3125_Yoshinogawa-shi,38772,18231,20541,41466,-2694,-6.50,88.75,144.14,269.0,15488,15444,44,15714,-226,-1.44,38772,37307,1465
3125,36_Tokushima-ken,36441,2000.0,36_Tokushima-ken,36205,3126_(Municipalities as of 2000) Kamojima-cho,22142,10382,11760,23161,-1019,-4.40,88.28,33.76,655.9,8788,8764,24,8772,16,0.18,22142,21222,920
3126,36_Tokushima-ken,36442,2000.0,36_Tokushima-ken,36205,3127_(Municipalities as of 2000) Kawashima-cho,6863,3245,3618,7438,-575,-7.73,89.69,17.69,388.0,2799,2795,4,2855,-56,-1.96,6863,6632,231
3127,36_Tokushima-ken,36443,2000.0,36_Tokushima-ken,36205,3128_(Municipalities as of 2000) Yamakawa-cho,8955,4206,4749,9910,-955,-9.64,88.57,42.27,211.9,3545,3531,14,3686,-141,-3.83,8955,8684,271
3128,36_Tokushima-ken,36444,2000.0,36_Tokushima-ken,36205,3129_(Municipalities as of 2000) Misato-son,812,398,414,957,-145,-15.15,96.14,50.47,16.1,356,354,2,401,-45,-11.22,812,769,43
3129,36_Tokushima-ken,36206,,36_Tokushima-ken,36206,3130_Awa-shi,34713,16476,18237,37202,-2489,-6.69,90.34,191.11,181.6,13029,12989,40,13108,-79,-0.60,34713,33746,967
3130,36_Tokushima-ken,36406,2000.0,36_Tokushima-ken,36206,3131_(Municipalities as of 2000) Yoshino-cho,6986,3328,3658,7584,-598,-7.89,90.98,13.32,524.5,2780,2772,8,2818,-38,-1.35,6986,6835,151
3131,36_Tokushima-ken,36407,2000.0,36_Tokushima-ken,36206,3132_(Municipalities as of 2000) Donari-cho,7458,3527,3931,7807,-349,-4.47,89.72,56.61,131.7,2663,2654,9,2583,80,3.10,7458,7220,238
3132,36_Tokushima-ken,36421,2000.0,36_Tokushima-ken,36206,3133_(Municipalities as of 2000) Ichiba-cho,9325,4366,4959,10102,-777,-7.69,88.04,72.46,128.7,3574,3564,10,3655,-81,-2.22,9325,9050,275
3133,36_Tokushima-ken,36422,2000.0,36_Tokushima-ken,36206,3134_(Municipalities as of 2000) Awa-cho,10944,5255,5689,11709,-765,-6.53,92.37,48.58,225.3,4012,3999,13,4052,-40,-0.99,10944,10641,303
3134,36_Tokushima-ken,36207,,36_Tokushima-ken,36207,3135_Mima-shi,28055,13342,14713,30501,-2446,-8.02,90.68,367.14,76.4,11244,11197,47,11440,-196,-1.71,28055,26595,1460
3135,36_Tokushima-ken,36461,2000.0,36_Tokushima-ken,36207,3136_(Municipalities as of 2000) Waki-machi,15259,7260,7999,16028,-769,-4.80,90.76,111.09,137.4,6044,6012,32,5943,101,1.70,15259,14384,875
3136,36_Tokushima-ken,36462,2000.0,36_Tokushima-ken,36207,3137_(Municipalities as of 2000) Mima-cho,7074,3379,3695,7805,-731,-9.37,91.45,46.44,152.3,2748,2739,9,2800,-52,-1.86,7074,6645,429
3137,36_Tokushima-ken,36466,2000.0,36_Tokushima-ken,36207,3138_(Municipalities as of 2000) Anabuki-cho,5280,2484,2796,6029,-749,-12.42,88.84,108.88,48.5,2194,2189,5,2341,-147,-6.28,5280,5130,150
3138,36_Tokushima-ken,36467,2000.0,36_Tokushima-ken,36207,3139_(Municipalities as of 2000) Koyadaira-son,442,219,223,639,-197,-30.83,98.21,100.97,4.4,258,257,1,356,-98,-27.53,442,436,6
3139,36_Tokushima-ken,36208,,36_Tokushima-ken,36208,3140_Miyoshi-shi,23605,11117,12488,26836,-3231,-12.04,89.02,721.42,32.7,10325,10276,49,11311,-986,-8.72,23605,22243,1362
3140,36_Tokushima-ken,36481,2000.0,36_Tokushima-ken,36208,3141_(Municipalities as of 2000) Mino-cho,4027,1907,2120,4404,-377,-8.56,89.95,43.04,93.6,1590,1583,7,1633,-43,-2.63,4027,3796,231
3141,36_Tokushima-ken,36483,2000.0,36_Tokushima-ken,36208,3142_(Municipalities as of 2000) Ikeda-cho,11441,5410,6031,12812,-1371,-10.70,89.70,167.81,68.2,5012,4985,27,5468,-456,-8.34,11441,10697,744
3142,36_Tokushima-ken,36484,2000.0,36_Tokushima-ken,36208,3143_(Municipalities as of 2000) Yamashiro-cho,2987,1408,1579,3621,-634,-17.51,89.17,131.58,22.7,1363,1359,4,1574,-211,-13.41,2987,2889,98
3143,36_Tokushima-ken,36485,2000.0,36_Tokushima-ken,36208,3144_(Municipalities as of 2000) Ikawa-cho,3265,1494,1771,3644,-379,-10.40,84.36,44.5,73.4,1370,1364,6,1475,-105,-7.12,3265,3105,160
3144,36_Tokushima-ken,36487,2000.0,36_Tokushima-ken,36208,3145_(Municipalities as of 2000) Higashiiyayama-son,1020,502,518,1281,-261,-20.37,96.91,228.62,4.5,549,546,3,648,-99,-15.28,1020,939,81
3145,36_Tokushima-ken,36488,2000.0,36_Tokushima-ken,36208,3146_(Municipalities as of 2000) Nishiiyayama-son,865,396,469,1074,-209,-19.46,84.43,106.06,8.2,441,439,2,513,-72,-14.04,865,817,48
3146,36_Tokushima-ken,36301,2000.0,36_Tokushima-ken,36301,3147_Katsuura-cho,4837,2317,2520,5301,-464,-8.75,91.94,69.83,69.3,1847,1840,7,1860,-13,-0.70,4837,4631,206
3147,36_Tokushima-ken,36302,2000.0,36_Tokushima-ken,36302,3148_Kamikatsu-cho,1380,651,729,1545,-165,-10.68,89.30,109.63,12.6,638,635,3,732,-94,-12.84,1380,1261,119
3148,36_Tokushima-ken,36321,2000.0,36_Tokushima-ken,36321,3149_Sanagouchi-son,2058,998,1060,2289,-231,-10.09,94.15,42.28,48.7,771,769,2,793,-22,-2.77,2058,2007,51
3149,36_Tokushima-ken,36341,2000.0,36_Tokushima-ken,36341,3150_Ishii-cho,24833,11752,13081,25590,-757,-2.96,89.84,28.85,860.8,9624,9584,40,9327,297,3.18,24833,24225,608
3150,36_Tokushima-ken,36342,2000.0,36_Tokushima-ken,36342,3151_Kamiyama-cho,4647,2183,2464,5300,-653,-12.32,88.60,173.3,26.8,2021,2013,8,2156,-135,-6.26,4647,4411,236
3151,36_Tokushima-ken,36368,,36_Tokushima-ken,36368,3152_Naka-cho,7367,3521,3846,8402,-1035,-12.32,91.55,694.98,10.6,3187,3176,11,3481,-294,-8.45,7367,6990,377
3152,36_Tokushima-ken,36363,2000.0,36_Tokushima-ken,36368,3153_(Municipalities as of 2000) Wajiki-cho,2638,1269,1369,2881,-243,-8.43,92.70,30.14,87.5,1025,1018,7,1082,-57,-5.27,2638,2421,217
3153,36_Tokushima-ken,36364,2000.0,36_Tokushima-ken,36368,3154_(Municipalities as of 2000) Aioi-cho,2198,1057,1141,2480,-282,-11.37,92.64,101.04,21.8,859,857,2,916,-57,-6.22,2198,2114,84
3154,36_Tokushima-ken,36365,2000.0,36_Tokushima-ken,36368,3155_(Municipalities as of 2000) Kaminaka-cho,1187,534,653,1433,-246,-17.17,81.78,175.27,6.8,576,575,1,669,-93,-13.90,1187,1119,68
3155,36_Tokushima-ken,36366,2000.0,36_Tokushima-ken,36368,3156_(Municipalities as of 2000) Kisawa-son,404,201,203,490,-86,-17.55,99.01,154.97,2.6,211,211,NULL,236,-25,-10.59,404,404,NULL
3156,36_Tokushima-ken,36367,2000.0,36_Tokushima-ken,36368,3157_(Municipalities as of 2000) Kito-son,940,460,480,1118,-178,-15.92,95.83,233.44,4.0,516,515,1,578,-62,-10.73,940,932,8
3157,36_Tokushima-ken,36383,2000.0,36_Tokushima-ken,36383,3158_Mugi-cho,3743,1735,2008,4259,-516,-12.12,86.40,56.62,66.1,1718,1712,6,1871,-153,-8.18,3743,3489,254
3158,36_Tokushima-ken,36387,,36_Tokushima-ken,36387,3159_Minami-cho,6222,2923,3299,7092,-870,-12.27,88.60,140.74,44.2,2677,2665,12,2901,-224,-7.72,6222,5741,481
3159,36_Tokushima-ken,36381,2000.0,36_Tokushima-ken,36387,3160_(Municipalities as of 2000) Yuki-cho,2079,947,1132,2505,-426,-17.01,83.66,23.16,89.8,961,959,2,1091,-130,-11.92,2079,2011,68
3160,36_Tokushima-ken,36382,2000.0,36_Tokushima-ken,36387,3161_(Municipalities as of 2000) Hiwasa-cho,4143,1976,2167,4587,-444,-9.68,91.19,117.69,35.2,1716,1706,10,1810,-94,-5.19,4143,3730,413
3161,36_Tokushima-ken,36388,,36_Tokushima-ken,36388,3162_Kaiyo-cho,8358,3965,4393,9283,-925,-9.96,90.26,327.67,25.5,4018,4010,8,4198,-180,-4.29,8358,8103,255
3162,36_Tokushima-ken,36384,2000.0,36_Tokushima-ken,36388,3163_(Municipalities as of 2000) Kainan-cho,4207,2019,2188,4687,-480,-10.24,92.28,209.22,20.1,1979,1975,4,2064,-85,-4.12,4207,4111,96
3163,36_Tokushima-ken,36385,2000.0,36_Tokushima-ken,36388,3164_(Municipalities as of 2000) Kaifu-cho,1721,813,908,1859,-138,-7.42,89.54,26.36,65.3,915,915,NULL,924,-9,-0.97,1721,1721,NULL
3164,36_Tokushima-ken,36386,2000.0,36_Tokushima-ken,36388,3165_(Municipalities as of 2000) Shishikui-cho,2430,1133,1297,2737,-307,-11.22,87.36,92.0,26.4,1124,1120,4,1210,-86,-7.11,2430,2271,159
3165,36_Tokushima-ken,36401,2000.0,36_Tokushima-ken,36401,3166_Matsushige-cho,14583,7193,7390,15204,-621,-4.08,97.33,14.24,1024.1,5847,5825,22,5881,-34,-0.58,14583,13628,955
3166,36_Tokushima-ken,36402,2000.0,36_Tokushima-ken,36402,3167_Kitajima-cho,22745,10976,11769,22446,299,1.33,93.26,8.74,2602.4,9353,9346,7,8824,529,6.00,22745,22486,259
3167,36_Tokushima-ken,36403,2000.0,36_Tokushima-ken,36403,3168_Aizumi-cho,35246,16868,18378,34626,620,1.79,91.78,16.27,2166.3,13973,13945,28,13133,840,6.40,35246,34509,737
3168,36_Tokushima-ken,36404,2000.0,36_Tokushima-ken,36404,3169_Itano-cho,13042,6262,6780,13358,-316,-2.37,92.36,36.22,360.1,5054,5032,22,4930,124,2.52,13042,12548,494
3169,36_Tokushima-ken,36405,2000.0,36_Tokushima-ken,36405,3170_Kamiita-cho,11384,5431,5953,12039,-655,-5.44,91.23,34.58,329.2,4246,4232,14,4256,-10,-0.23,11384,10930,454
3170,36_Tokushima-ken,36468,,36_Tokushima-ken,36468,3171_Tsurugi-cho,7715,3608,4107,8927,-1212,-13.58,87.85,194.84,39.6,3407,3400,7,3838,-431,-11.23,7715,7490,225
3171,36_Tokushima-ken,36463,2000.0,36_Tokushima-ken,36468,3172_(Municipalities as of 2000) Handa-cho,3309,1541,1768,3797,-488,-12.85,87.16,51.52,64.2,1441,1437,4,1610,-169,-10.50,3309,3190,119
3172,36_Tokushima-ken,36464,2000.0,36_Tokushima-ken,36468,3173_(Municipalities as of 2000) Sadamitsu-cho,3894,1808,2086,4428,-534,-12.06,86.67,45.4,85.8,1665,1662,3,1828,-163,-8.92,3894,3788,106
3173,36_Tokushima-ken,36465,2000.0,36_Tokushima-ken,36468,3174_(Municipalities as of 2000) Ichiu-son,512,259,253,702,-190,-27.07,102.37,97.88,5.2,301,301,NULL,400,-99,-24.75,512,512,NULL
3174,36_Tokushima-ken,36489,,36_Tokushima-ken,36489,3175_Higashimiyoshi-cho,13622,6515,7107,14638,-1016,-6.94,91.67,122.48,111.2,5182,5162,20,5325,-143,-2.69,13622,12814,808
3175,36_Tokushima-ken,36482,2000.0,36_Tokushima-ken,36489,3176_(Municipalities as of 2000) Miyoshi-cho,5286,2548,2738,5561,-275,-4.95,93.06,54.84,96.4,1998,1989,9,2035,-37,-1.82,5286,5127,159
3176,36_Tokushima-ken,36486,2000.0,36_Tokushima-ken,36489,3177_(Municipalities as of 2000) Mikamo-cho,8336,3967,4369,9077,-741,-8.16,90.80,67.74,123.1,3184,3173,11,3290,-106,-3.22,8336,7687,649
3177,37_Kagawa-ken,37000,2000.0,37_Kagawa-ken,37000,3178_Kagawa-ken,950244,459197,491047,976263,-26019,-2.67,93.51,1876.78,506.3,406985,406062,923,398551,8434,2.12,950244,920852,29392
3178,37_Kagawa-ken,37201,,37_Kagawa-ken,37201,3179_Takamatsu-shi,417496,202029,215467,420748,-3252,-0.77,93.76,375.42,1112.1,187511,187144,367,182047,5464,3.00,417496,405760,11736
3179,37_Kagawa-ken,37201,2000.0,37_Kagawa-ken,37201,3180_(Municipalities as of 2000) Takamatsu-shi,341271,165295,175976,341169,102,0.03,93.93,194.33,1756.1,156750,156449,301,151749,5001,3.30,341271,331667,9604
3180,37_Kagawa-ken,37342,2000.0,37_Kagawa-ken,37201,3181_(Municipalities as of 2000) Mure-cho,16544,7884,8660,17299,-755,-4.36,91.04,16.48,1003.9,6832,6814,18,6821,11,0.16,16544,16019,525
3181,37_Kagawa-ken,37343,2000.0,37_Kagawa-ken,37201,3182_(Municipalities as of 2000) Aji-cho,4592,2192,2400,5086,-494,-9.71,91.33,15.82,290.3,1856,1851,5,1903,-47,-2.47,4592,4457,135
3182,37_Kagawa-ken,37361,2000.0,37_Kagawa-ken,37201,3183_(Municipalities as of 2000) Shionoe-cho,2202,1066,1136,2750,-548,-19.93,93.84,80.1,27.5,964,961,3,1059,-95,-8.97,2202,2122,80
3183,37_Kagawa-ken,37362,2000.0,37_Kagawa-ken,37201,3184_(Municipalities as of 2000) Kagawa-cho,21965,10576,11389,23027,-1062,-4.61,92.86,27.33,803.7,8808,8793,15,8738,70,0.80,21965,21436,529
3184,37_Kagawa-ken,37363,2000.0,37_Kagawa-ken,37201,3185_(Municipalities as of 2000) Konan-cho,7134,3507,3627,7468,-334,-4.47,96.69,14.72,484.6,2684,2671,13,2656,28,1.05,7134,6675,459
3185,37_Kagawa-ken,37383,2000.0,37_Kagawa-ken,37201,3186_(Municipalities as of 2000) Kokubunji-cho,23788,11509,12279,23949,-161,-0.67,93.73,26.25,906.2,9617,9605,12,9121,496,5.44,23788,23384,404
3186,37_Kagawa-ken,37202,,37_Kagawa-ken,37202,3187_Marugame-shi,109513,53018,56495,110010,-497,-0.45,93.85,111.83,979.3,45721,45617,104,43853,1868,4.26,109513,106411,3102
3187,37_Kagawa-ken,37202,2000.0,37_Kagawa-ken,37202,3188_(Municipalities as of 2000) Marugame-shi,82329,39888,42441,81896,433,0.53,93.98,64.59,1274.6,35539,35456,83,33844,1695,5.01,82329,79870,2459
3188,37_Kagawa-ken,37384,2000.0,37_Kagawa-ken,37202,3189_(Municipalities as of 2000) Ayauta-cho,10553,5066,5487,11074,-521,-4.70,92.33,27.15,388.7,3870,3860,10,3855,15,0.39,10553,10205,348
3189,37_Kagawa-ken,37385,2000.0,37_Kagawa-ken,37202,3190_(Municipalities as of 2000) Hanzan-cho,16631,8064,8567,17040,-409,-2.40,94.13,20.03,830.3,6312,6301,11,6154,158,2.57,16631,16336,295
3190,37_Kagawa-ken,37203,2000.0,37_Kagawa-ken,37203,3191_Sakaide-shi,50624,24145,26479,53164,-2540,-4.78,91.19,92.49,547.3,21272,21207,65,21361,-89,-0.42,50624,48457,2167
3191,37_Kagawa-ken,37204,2000.0,37_Kagawa-ken,37204,3192_Zentsuji-shi,31631,15725,15906,32927,-1296,-3.94,98.86,39.93,792.2,13145,13089,56,12977,168,1.29,31631,29600,2031
3192,37_Kagawa-ken,37205,,37_Kagawa-ken,37205,3193_Kanonji-shi,57438,27578,29860,59409,-1971,-3.32,92.36,117.83,487.5,22947,22902,45,21984,963,4.38,57438,55875,1563
3193,37_Kagawa-ken,37205,2000.0,37_Kagawa-ken,37205,3194_(Municipalities as of 2000) Kanonji-shi,39438,18901,20537,40308,-870,-2.16,92.03,49.09,803.4,16216,16186,30,15391,825,5.36,39438,38429,1009
3194,37_Kagawa-ken,37424,2000.0,37_Kagawa-ken,37205,3195_(Municipalities as of 2000) Onohara-cho,10825,5218,5607,11661,-836,-7.17,93.06,51.66,209.5,3898,3891,7,3851,47,1.22,10825,10496,329
3195,37_Kagawa-ken,37428,2000.0,37_Kagawa-ken,37205,3196_(Municipalities as of 2000) Toyohama-cho,7175,3459,3716,7440,-265,-3.56,93.08,16.69,429.9,2833,2825,8,2742,91,3.32,7175,6950,225
3196,37_Kagawa-ken,37206,,37_Kagawa-ken,37206,3197_Sanuki-shi,47003,22484,24519,50272,-3269,-6.50,91.70,158.63,296.3,19445,19390,55,19752,-307,-1.55,47003,45319,1684
3197,37_Kagawa-ken,37304,2000.0,37_Kagawa-ken,37206,3198_(Municipalities as of 2000) Tsuda-cho,5721,2622,3099,6433,-712,-11.07,84.61,13.69,417.9,2424,2420,4,2571,-147,-5.72,5721,5580,141
3198,37_Kagawa-ken,37305,2000.0,37_Kagawa-ken,37206,3199_(Municipalities as of 2000) Okawa-cho,5148,2420,2728,5641,-493,-8.74,88.71,34.54,149.0,1953,1944,9,2028,-75,-3.70,5148,4914,234
3199,37_Kagawa-ken,37306,2000.0,37_Kagawa-ken,37206,3200_(Municipalities as of 2000) Shido-cho,18983,9271,9712,20372,-1389,-6.82,95.46,40.05,474.0,8590,8578,12,8839,-249,-2.82,18983,18467,516
3200,37_Kagawa-ken,37307,2000.0,37_Kagawa-ken,37206,3201_(Municipalities as of 2000) Sangawa-cho,5197,2474,2723,5531,-334,-6.04,90.86,23.1,225.0,1843,1833,10,1860,-17,-0.91,5197,4776,421
3201,37_Kagawa-ken,37308,2000.0,37_Kagawa-ken,37206,3202_(Municipalities as of 2000) Nagao-cho,11954,5697,6257,12295,-341,-2.77,91.05,47.43,252.0,4635,4615,20,4454,181,4.06,11954,11582,372
3202,37_Kagawa-ken,37207,,37_Kagawa-ken,37207,3203_Higashikagawa-shi,28279,13358,14921,31031,-2752,-8.87,89.52,152.83,185.0,11931,11887,44,12441,-510,-4.10,28279,27413,866
3203,37_Kagawa-ken,37301,2000.0,37_Kagawa-ken,37207,3204_(Municipalities as of 2000) Hiketa-cho,6012,2856,3156,6732,-720,-10.70,90.49,48.18,124.8,2533,2529,4,2732,-199,-7.28,6012,5890,122
3204,37_Kagawa-ken,37302,2000.0,37_Kagawa-ken,37207,3205_(Municipalities as of 2000) Shirotori-cho,9638,4569,5069,10555,-917,-8.69,90.14,70.59,136.5,4097,4065,32,4201,-104,-2.48,9638,9199,439
3205,37_Kagawa-ken,37303,2000.0,37_Kagawa-ken,37207,3206_(Municipalities as of 2000) Ohchi-cho,12629,5933,6696,13744,-1115,-8.11,88.61,34.42,366.9,5301,5293,8,5508,-207,-3.76,12629,12324,305
3206,37_Kagawa-ken,37208,,37_Kagawa-ken,37208,3207_Mitoyo-shi,61857,29770,32087,65524,-3667,-5.60,92.78,222.7,277.8,23083,23030,53,22761,322,1.41,61857,59601,2256
3207,37_Kagawa-ken,37421,2000.0,37_Kagawa-ken,37208,3208_(Municipalities as of 2000) Takase-cho,14628,7088,7540,15134,-506,-3.34,94.01,56.36,259.5,5311,5296,15,5148,163,3.17,14628,13829,799
3208,37_Kagawa-ken,37422,2000.0,37_Kagawa-ken,37208,3209_(Municipalities as of 2000) Yamamoto-cho,6295,3015,3280,6701,-406,-6.06,91.92,33.31,189.0,2324,2318,6,2263,61,2.70,6295,6084,211
3209,37_Kagawa-ken,37423,2000.0,37_Kagawa-ken,37208,3210_(Municipalities as of 2000) Mino-cho,8803,4239,4564,9176,-373,-4.06,92.88,19.33,455.4,3205,3200,5,3101,104,3.35,8803,8639,164
3210,37_Kagawa-ken,37425,2000.0,37_Kagawa-ken,37208,3211_(Municipalities as of 2000) Toyonaka-cho,10752,5206,5546,11167,-415,-3.72,93.87,19.91,540.0,3986,3982,4,3833,153,3.99,10752,10571,181
3211,37_Kagawa-ken,37426,2000.0,37_Kagawa-ken,37208,3212_(Municipalities as of 2000) Takuma-cho,12471,5953,6518,13529,-1058,-7.82,91.33,31.08,401.3,5000,4984,16,5091,-91,-1.79,12471,11820,651
3212,37_Kagawa-ken,37427,2000.0,37_Kagawa-ken,37208,3213_(Municipalities as of 2000) Nio-cho,5392,2557,2835,5911,-519,-8.78,90.19,15.49,348.1,2013,2007,6,2055,-42,-2.04,5392,5192,200
3213,37_Kagawa-ken,37429,2000.0,37_Kagawa-ken,37208,3214_(Municipalities as of 2000) Saita-cho,3516,1712,1804,3906,-390,-9.98,94.90,47.16,74.6,1244,1243,1,1270,-26,-2.05,3516,3466,50
3214,37_Kagawa-ken,37322,2000.0,37_Kagawa-ken,37322,3215_Tonosho-cho,12846,6044,6802,14002,-1156,-8.26,88.86,74.38,172.7,5750,5737,13,6061,-311,-5.13,12846,12440,406
3215,37_Kagawa-ken,37324,,37_Kagawa-ken,37324,3216_Shodoshima-cho,13870,6621,7249,14862,-992,-6.67,91.34,95.59,145.1,6160,6137,23,6411,-251,-3.92,13870,13134,736
3216,37_Kagawa-ken,37321,2000.0,37_Kagawa-ken,37324,3217_(Municipalities as of 2000) Uchinomi-cho,9393,4510,4883,10180,-787,-7.73,92.36,61.52,152.7,4338,4327,11,4538,-200,-4.41,9393,9109,284
3217,37_Kagawa-ken,37323,2000.0,37_Kagawa-ken,37324,3218_(Municipalities as of 2000) Ikeda-cho,4477,2111,2366,4682,-205,-4.38,89.22,34.07,131.4,1822,1810,12,1873,-51,-2.72,4477,4025,452
3218,37_Kagawa-ken,37341,2000.0,37_Kagawa-ken,37341,3219_Miki-cho,26878,12943,13935,27684,-806,-2.91,92.88,75.78,354.7,10889,10866,23,10667,222,2.08,26878,26376,502
3219,37_Kagawa-ken,37364,2000.0,37_Kagawa-ken,37364,3220_Naoshima-cho,3103,1646,1457,3139,-36,-1.15,112.97,14.22,218.2,1563,1556,7,1519,44,2.90,3103,3038,65
3220,37_Kagawa-ken,37386,2000.0,37_Kagawa-ken,37386,3221_Utazu-cho,18699,9180,9519,18952,-253,-1.33,96.44,8.1,2308.5,8734,8722,12,8465,269,3.18,18699,18352,347
3221,37_Kagawa-ken,37387,,37_Kagawa-ken,37387,3222_Ayagawa-cho,22693,10999,11694,23610,-917,-3.88,94.06,109.75,206.8,8858,8837,21,8548,310,3.63,22693,22149,544
3222,37_Kagawa-ken,37381,2000.0,37_Kagawa-ken,37387,3223_(Municipalities as of 2000) Ayakami-cho,4894,2403,2491,5470,-576,-10.53,96.47,71.2,68.7,1923,1918,5,1973,-50,-2.53,4894,4719,175
3223,37_Kagawa-ken,37382,2000.0,37_Kagawa-ken,37387,3224_(Municipalities as of 2000) Ryonan-cho,17799,8596,9203,18140,-341,-1.88,93.40,38.47,462.7,6935,6919,16,6575,360,5.48,17799,17430,369
3224,37_Kagawa-ken,37403,2000.0,37_Kagawa-ken,37403,3225_Kotohira-cho,8468,3938,4530,9186,-718,-7.82,86.93,8.47,999.8,3675,3667,8,3708,-33,-0.89,8468,8130,338
3225,37_Kagawa-ken,37404,2000.0,37_Kagawa-ken,37404,3226_Tadotsu-cho,22445,11373,11072,23366,-921,-3.94,102.72,24.39,920.3,9770,9753,17,9551,219,2.29,22445,21892,553
3226,37_Kagawa-ken,37406,,37_Kagawa-ken,37406,3227_Manno-cho,17401,8346,9055,18377,-976,-5.31,92.17,194.45,89.5,6531,6521,10,6445,86,1.33,17401,16905,496
3227,37_Kagawa-ken,37401,2000.0,37_Kagawa-ken,37406,3228_(Municipalities as of 2000) Kotonami-cho,1905,946,959,2216,-311,-14.03,98.64,82.79,23.0,827,825,2,895,-68,-7.60,1905,1865,40
3228,37_Kagawa-ken,37402,2000.0,37_Kagawa-ken,37406,3229_(Municipalities as of 2000) Manno-cho,11818,5677,6141,12176,-358,-2.94,92.44,53.24,222.0,4358,4352,6,4170,188,4.51,11818,11507,311
3229,37_Kagawa-ken,37405,2000.0,37_Kagawa-ken,37406,3230_(Municipalities as of 2000) Chunan-cho,3678,1723,1955,3985,-307,-7.70,88.13,58.14,63.3,1346,1344,2,1380,-34,-2.46,3678,3533,145
3230,38_Ehime-ken,38000,2000.0,38_Ehime-ken,38000,3231_Ehime-ken,1334841,633062,701779,1385262,-50421,-3.64,90.21,5676.19,235.2,601402,599941,1461,591972,9430,1.59,1334841,1295030,39811
3231,38_Ehime-ken,38201,,38_Ehime-ken,38201,3232_Matsuyama-shi,511192,240292,270900,514865,-3673,-0.71,88.70,429.35,1190.6,241234,240734,500,230509,10725,4.65,511192,497998,13194
3232,38_Ehime-ken,38201,2000.0,38_Ehime-ken,38201,3233_(Municipalities as of 2000) Matsuyama-shi,482712,226985,255727,484317,-1605,-0.33,88.76,289.36,1668.2,229091,228636,455,218244,10847,4.97,482712,470365,12347
3233,38_Ehime-ken,38211,2000.0,38_Ehime-ken,38201,3234_(Municipalities as of 2000) Hojo-shi,25272,11813,13459,26667,-1395,-5.23,87.77,102.13,247.4,10495,10454,41,10367,128,1.23,25272,24590,682
3234,38_Ehime-ken,38363,2000.0,38_Ehime-ken,38201,3235_(Municipalities as of 2000) Nakajima-cho,3208,1494,1714,3881,-673,-17.34,87.16,37.28,86.1,1648,1644,4,1898,-250,-13.17,3208,3043,165
3235,38_Ehime-ken,38202,,38_Ehime-ken,38202,3236_Imabari-shi,151672,71799,79873,158114,-6442,-4.07,89.89,419.21,361.8,68328,68178,150,67105,1223,1.82,151672,147513,4159
3236,38_Ehime-ken,38202,2000.0,38_Ehime-ken,38202,3237_(Municipalities as of 2000) Imabari-shi,105326,49254,56072,107443,-2117,-1.97,87.84,74.84,1407.3,47468,47365,103,45741,1727,3.78,105326,102479,2847
3237,38_Ehime-ken,38341,2000.0,38_Ehime-ken,38202,3238_(Municipalities as of 2000) Asakura-mura,3970,1835,2135,4253,-283,-6.65,85.95,31.27,127.0,1613,1607,6,1614,-1,-0.06,3970,3812,158
3238,38_Ehime-ken,38342,2000.0,38_Ehime-ken,38202,3239_(Municipalities as of 2000) Tamagawa-cho,4564,2147,2417,4919,-355,-7.22,88.83,103.9,43.9,1921,1919,2,1914,7,0.37,4564,4491,73
3239,38_Ehime-ken,38343,2000.0,38_Ehime-ken,38202,3240_(Municipalities as of 2000) Namikata-cho,8146,3976,4170,8717,-571,-6.55,95.35,15.67,519.8,3352,3345,7,3403,-51,-1.50,8146,7735,411
3240,38_Ehime-ken,38344,2000.0,38_Ehime-ken,38202,3241_(Municipalities as of 2000) Onishi-cho,8084,4217,3867,8426,-342,-4.06,109.05,18.81,429.8,3657,3651,6,3447,210,6.09,8084,7865,219
3241,38_Ehime-ken,38345,2000.0,38_Ehime-ken,38202,3242_(Municipalities as of 2000) Kikuma-cho,5173,2431,2742,5852,-679,-11.60,88.66,36.97,139.9,2245,2239,6,2360,-115,-4.87,5173,5030,143
3242,38_Ehime-ken,38346,2000.0,38_Ehime-ken,38202,3243_(Municipalities as of 2000) Yoshiumi-cho,3172,1568,1604,3540,-368,-10.40,97.76,27.72,114.4,1600,1594,6,1654,-54,-3.26,3172,3075,97
3243,38_Ehime-ken,38347,2000.0,38_Ehime-ken,38202,3244_(Municipalities as of 2000) Miyakubo-cho,2209,1068,1141,2527,-318,-12.58,93.60,18.38,120.2,958,958,NULL,1058,-100,-9.45,2209,2209,NULL
3244,38_Ehime-ken,38348,2000.0,38_Ehime-ken,38202,3245_(Municipalities as of 2000) Hakata-cho,5715,2846,2869,6359,-644,-10.13,99.20,20.85,274.1,2733,2730,3,2883,-150,-5.20,5715,5638,77
3245,38_Ehime-ken,38353,2000.0,38_Ehime-ken,38202,3246_(Municipalities as of 2000) Kamiura-cho,2388,1123,1265,2734,-346,-12.66,88.77,22.31,107.0,1249,1248,1,1340,-91,-6.79,2388,2342,46
3246,38_Ehime-ken,38354,2000.0,38_Ehime-ken,38202,3247_(Municipalities as of 2000) Omishima-cho,2575,1176,1399,2941,-366,-12.44,84.06,43.32,59.4,1322,1314,8,1459,-137,-9.39,2575,2506,69
3247,38_Ehime-ken,38355,2000.0,38_Ehime-ken,38202,3248_(Municipalities as of 2000) Sekizen-mura,350,158,192,403,-53,-13.15,82.29,5.52,63.4,210,208,2,232,-22,-9.48,350,331,19
3248,38_Ehime-ken,38203,,38_Ehime-ken,38203,3249_Uwajima-shi,70809,33213,37596,77465,-6656,-8.59,88.34,468.19,151.2,31452,31356,96,32732,-1280,-3.91,70809,68374,2435
3249,38_Ehime-ken,38203,2000.0,38_Ehime-ken,38203,3250_(Municipalities as of 2000) Uwajima-shi,47443,22249,25194,51178,-3735,-7.30,88.31,143.3,331.1,22114,22046,68,22787,-673,-2.95,47443,45746,1697
3250,38_Ehime-ken,38481,2000.0,38_Ehime-ken,38203,3251_(Municipalities as of 2000) Yoshida-cho,8772,4131,4641,10064,-1292,-12.84,89.01,48.14,182.2,3355,3344,11,3663,-308,-8.41,8772,8410,362
3251,38_Ehime-ken,38482,2000.0,38_Ehime-ken,38203,3252_(Municipalities as of 2000) Mima-cho,5347,2519,2828,5770,-423,-7.33,89.07,56.91,94.0,2180,2173,7,2227,-47,-2.11,5347,5206,141
3252,38_Ehime-ken,38486,2000.0,38_Ehime-ken,38203,3253_(Municipalities as of 2000) Tsushima-cho,9247,4314,4933,10453,-1206,-11.54,87.45,221.0,41.8,3803,3793,10,4055,-252,-6.21,9247,9012,235
3253,38_Ehime-ken,38204,,38_Ehime-ken,38204,3254_Yawatahama-shi,31987,14971,17016,34951,-2964,-8.48,87.98,132.65,241.1,14413,14370,43,14995,-582,-3.88,31987,30667,1320
3254,38_Ehime-ken,38204,2000.0,38_Ehime-ken,38204,3255_(Municipalities as of 2000) Yawatahama-shi,22927,10648,12279,25305,-2378,-9.40,86.72,95.91,239.0,10439,10407,32,10940,-501,-4.58,22927,21839,1088
3255,38_Ehime-ken,38441,2000.0,38_Ehime-ken,38204,3256_(Municipalities as of 2000) Honai-cho,9060,4323,4737,9646,-586,-6.08,91.26,37.01,244.8,3974,3963,11,4055,-81,-2.00,9060,8828,232
3256,38_Ehime-ken,38205,,38_Ehime-ken,38205,3257_Niihama-shi,115938,56004,59934,119903,-3965,-3.31,93.44,234.5,494.4,51310,51171,139,50653,657,1.30,115938,112263,3675
3257,38_Ehime-ken,38205,2000.0,38_Ehime-ken,38205,3258_(Municipalities as of 2000) Niihama-shi,115796,55934,59862,119742,-3946,-3.30,93.44,161.3,717.9,51237,51099,138,50570,667,1.32,115796,112136,3660
3258,38_Ehime-ken,38303,2000.0,38_Ehime-ken,38205,3259_(Municipalities as of 2000) Besshiyama-mura,142,70,72,161,-19,-11.80,97.22,73.0,1.9,73,72,1,83,-10,-12.05,142,127,15
3259,38_Ehime-ken,38206,,38_Ehime-ken,38206,3260_Saijo-shi,104791,50615,54176,108174,-3383,-3.13,93.43,510.04,205.5,45193,45097,96,44595,598,1.34,104791,101905,2886
3260,38_Ehime-ken,38206,2000.0,38_Ehime-ken,38206,3261_(Municipalities as of 2000) Saijo-shi,57305,27944,29361,57834,-529,-0.91,95.17,229.77,249.4,24875,24830,45,24155,720,2.98,57305,55676,1629
3261,38_Ehime-ken,38212,2000.0,38_Ehime-ken,38206,3262_(Municipalities as of 2000) Toyo-shi,28572,13571,15001,29903,-1331,-4.45,90.47,73.89,386.7,12428,12398,30,12383,45,0.36,28572,27918,654
3262,38_Ehime-ken,38321,2000.0,38_Ehime-ken,38206,3263_(Municipalities as of 2000) Komatsu-cho,7915,3760,4155,8568,-653,-7.62,90.49,76.26,103.8,3253,3243,10,3371,-118,-3.50,7915,7550,365
3263,38_Ehime-ken,38323,2000.0,38_Ehime-ken,38206,3264_(Municipalities as of 2000) Tambara-cho,10999,5340,5659,11869,-870,-7.33,94.36,129.1,85.2,4637,4626,11,4686,-49,-1.05,10999,10761,238
3264,38_Ehime-ken,38207,,38_Ehime-ken,38207,3265_Ozu-shi,40575,19423,21152,44086,-3511,-7.96,91.83,432.12,93.9,17375,17322,53,18057,-682,-3.78,40575,38943,1632
3265,38_Ehime-ken,38207,2000.0,38_Ehime-ken,38207,3266_(Municipalities as of 2000) Ozu-shi,32408,15570,16838,34549,-2141,-6.20,92.47,240.99,134.5,13724,13688,36,14003,-279,-1.99,32408,31086,1322
3266,38_Ehime-ken,38421,2000.0,38_Ehime-ken,38207,3267_(Municipalities as of 2000) Nagahama-cho,5808,2703,3105,6607,-799,-12.09,87.05,74.79,77.7,2588,2579,9,2800,-212,-7.57,5808,5561,247
3267,38_Ehime-ken,38424,2000.0,38_Ehime-ken,38207,3268_(Municipalities as of 2000) Hijikawa-cho,1807,871,936,2216,-409,-18.46,93.06,63.3,28.5,750,742,8,872,-122,-13.99,1807,1744,63
3268,38_Ehime-ken,38425,2000.0,38_Ehime-ken,38207,3269_(Municipalities as of 2000) Kawabe-mura,552,279,273,714,-162,-22.69,102.20,53.12,10.4,313,313,NULL,382,-69,-18.06,552,552,NULL
3269,38_Ehime-ken,38210,,38_Ehime-ken,38210,3270_Iyo-shi,35133,16385,18748,36827,-1694,-4.60,87.40,194.44,180.7,14161,14131,30,14003,158,1.13,35133,34327,806
3270,38_Ehime-ken,38210,2000.0,38_Ehime-ken,38210,3271_(Municipalities as of 2000) Iyo-shi,29209,13624,15585,29808,-599,-2.01,87.42,56.88,513.5,11651,11625,26,11259,392,3.48,29209,28544,665
3271,38_Ehime-ken,38404,2000.0,38_Ehime-ken,38210,3272_(Municipalities as of 2000) Nakayama-cho,2543,1216,1327,3057,-514,-16.81,91.64,75.42,33.7,1098,1096,2,1228,-130,-10.59,2543,2484,59
3272,38_Ehime-ken,38405,2000.0,38_Ehime-ken,38210,3273_(Municipalities as of 2000) Futami-cho,3381,1545,1836,3962,-581,-14.66,84.15,62.17,54.4,1412,1410,2,1516,-104,-6.86,3381,3299,82
3273,38_Ehime-ken,38213,,38_Ehime-ken,38213,3274_Shikokuchuo-shi,82754,40468,42286,87413,-4659,-5.33,95.70,421.24,196.5,35738,35676,62,34999,739,2.11,82754,80669,2085
3274,38_Ehime-ken,38208,2000.0,38_Ehime-ken,38213,3275_(Municipalities as of 2000) Kawanoe-shi,32879,16015,16864,35215,-2336,-6.63,94.97,69.25,474.8,14198,14182,16,13913,285,2.05,32879,32177,702
3275,38_Ehime-ken,38209,2000.0,38_Ehime-ken,38213,3276_(Municipalities as of 2000) Iyomishima-shi,34108,16770,17338,35248,-1140,-3.23,96.72,185.11,184.3,15126,15092,34,14512,614,4.23,34108,33134,974
3276,38_Ehime-ken,38301,2000.0,38_Ehime-ken,38213,3277_(Municipalities as of 2000) Shingu-mura,845,413,432,1091,-246,-22.55,95.60,78.82,10.7,418,418,NULL,508,-90,-17.72,845,845,NULL
3277,38_Ehime-ken,38302,2000.0,38_Ehime-ken,38213,3278_(Municipalities as of 2000) Doi-cho,14922,7270,7652,15859,-937,-5.91,95.01,86.68,172.2,5996,5984,12,6066,-70,-1.15,14922,14513,409
3278,38_Ehime-ken,38214,,38_Ehime-ken,38214,3279_Seiyo-shi,35388,16635,18753,38919,-3531,-9.07,88.71,514.34,68.8,15474,15409,65,16365,-891,-5.44,35388,33817,1571
3279,38_Ehime-ken,38445,2000.0,38_Ehime-ken,38214,3280_(Municipalities as of 2000) Mikame-cho,6184,2830,3354,6951,-767,-11.03,84.38,41.36,149.5,2885,2877,8,3102,-217,-7.00,6184,5948,236
3280,38_Ehime-ken,38461,2000.0,38_Ehime-ken,38214,3281_(Municipalities as of 2000) Akehama-cho,2839,1342,1497,3319,-480,-14.46,89.65,25.97,109.3,1256,1251,5,1410,-154,-10.92,2839,2685,154
3281,38_Ehime-ken,38462,2000.0,38_Ehime-ken,38214,3282_(Municipalities as of 2000) Uwa-cho,16099,7591,8508,16865,-766,-4.54,89.22,132.53,121.5,6898,6865,33,6984,-86,-1.23,16099,15469,630
3282,38_Ehime-ken,38463,2000.0,38_Ehime-ken,38214,3283_(Municipalities as of 2000) Nomura-cho,7269,3477,3792,8359,-1090,-13.04,91.69,187.6,38.7,3112,3097,15,3424,-312,-9.11,7269,6857,412
3283,38_Ehime-ken,38464,2000.0,38_Ehime-ken,38214,3284_(Municipalities as of 2000) Shirokawa-cho,2997,1395,1602,3425,-428,-12.50,87.08,127.31,23.5,1323,1319,4,1445,-122,-8.44,2997,2858,139
3284,38_Ehime-ken,38215,,38_Ehime-ken,38215,3285_Toon-shi,33903,16180,17723,34613,-710,-2.05,91.29,211.3,160.4,14331,14282,49,13978,353,2.53,33903,32273,1630
3285,38_Ehime-ken,38361,2000.0,38_Ehime-ken,38215,3286_(Municipalities as of 2000) Shigenobu-cho,23811,11320,12491,23934,-123,-0.51,90.63,100.59,236.7,9987,9941,46,9638,349,3.62,23811,22435,1376
3286,38_Ehime-ken,38362,2000.0,38_Ehime-ken,38215,3287_(Municipalities as of 2000) Kawauchi-cho,10092,4860,5232,10679,-587,-5.50,92.89,110.86,91.0,4344,4341,3,4340,4,0.09,10092,9838,254
3287,38_Ehime-ken,38356,,38_Ehime-ken,38356,3288_Kamijima-cho,6509,3421,3088,7135,-626,-8.77,110.78,30.38,214.3,3207,3199,8,3386,-179,-5.29,6509,5972,537
3288,38_Ehime-ken,38349,2000.0,38_Ehime-ken,38356,3289_(Municipalities as of 2000) Uoshima-mura,149,80,69,194,-45,-23.20,115.94,3.17,47.0,93,93,NULL,122,-29,-23.77,149,149,NULL
3289,38_Ehime-ken,38350,2000.0,38_Ehime-ken,38356,3290_(Municipalities as of 2000) Yuge-cho,3027,1585,1442,3324,-297,-8.94,109.92,11.76,257.4,1351,1345,6,1434,-83,-5.79,3027,2570,457
3290,38_Ehime-ken,38351,2000.0,38_Ehime-ken,38356,3291_(Municipalities as of 2000) Ikina-mura,1389,642,747,1582,-193,-12.20,85.94,3.87,358.9,684,683,1,739,-55,-7.44,1389,1327,62
3291,38_Ehime-ken,38352,2000.0,38_Ehime-ken,38356,3292_(Municipalities as of 2000) Iwagi-mura,1944,1114,830,2035,-91,-4.47,134.22,11.49,169.2,1079,1078,1,1091,-12,-1.10,1944,1926,18
3292,38_Ehime-ken,38386,,38_Ehime-ken,38386,3293_Kumakogen-cho,7404,3513,3891,8447,-1043,-12.35,90.29,583.69,12.7,3638,3621,17,4052,-414,-10.22,7404,7036,368
3293,38_Ehime-ken,38381,2000.0,38_Ehime-ken,38386,3294_(Municipalities as of 2000) Kuma-cho,5166,2446,2720,5686,-520,-9.15,89.93,164.92,31.3,2370,2357,13,2546,-176,-6.91,5166,4831,335
3294,38_Ehime-ken,38382,2000.0,38_Ehime-ken,38386,3295_(Municipalities as of 2000) Omogo-mura,445,204,241,546,-101,-18.50,84.65,157.81,2.8,254,253,1,305,-51,-16.72,445,438,7
3295,38_Ehime-ken,38383,2000.0,38_Ehime-ken,38386,3296_(Municipalities as of 2000) Mikawa-mura,1203,574,629,1479,-276,-18.66,91.26,134.38,9.0,666,663,3,780,-114,-14.62,1203,1177,26
3296,38_Ehime-ken,38384,2000.0,38_Ehime-ken,38386,3297_(Municipalities as of 2000) Yanadani-mura,590,289,301,736,-146,-19.84,96.01,126.55,4.7,348,348,NULL,421,-73,-17.34,590,590,NULL
3297,38_Ehime-ken,38401,2000.0,38_Ehime-ken,38401,3298_Masaki-cho,29630,13911,15719,30064,-434,-1.44,88.50,20.41,1451.7,11898,11882,16,11525,373,3.24,29630,29089,541
3298,38_Ehime-ken,38402,,38_Ehime-ken,38402,3299_Tobe-cho,20480,9519,10961,21239,-759,-3.57,86.84,101.59,201.6,8477,8458,19,8356,121,1.45,20480,19874,606
3299,38_Ehime-ken,38402,2000.0,38_Ehime-ken,38402,3300_(Municipalities as of 2000) Tobe-cho,19897,9239,10658,20506,-609,-2.97,86.69,57.2,347.8,8190,8176,14,8003,187,2.34,19897,19352,545
3300,38_Ehime-ken,38403,2000.0,38_Ehime-ken,38402,3301_(Municipalities as of 2000) Hirota-mura,583,280,303,733,-150,-20.46,92.41,44.37,13.1,287,282,5,353,-66,-18.70,583,522,61
3301,38_Ehime-ken,38422,,38_Ehime-ken,38422,3302_Uchiko-cho,15322,7303,8019,16742,-1420,-8.48,91.07,299.43,51.2,6258,6237,21,6475,-217,-3.35,15322,14821,501
3302,38_Ehime-ken,38385,2000.0,38_Ehime-ken,38422,3303_(Municipalities as of 2000) Oda-cho,1928,926,1002,2362,-434,-18.37,92.42,139.84,13.8,911,906,5,1075,-164,-15.26,1928,1868,60
3303,38_Ehime-ken,38422,2000.0,38_Ehime-ken,38422,3304_(Municipalities as of 2000) Uchiko-cho,8533,4024,4509,9272,-739,-7.97,89.24,121.17,70.4,3460,3449,11,3545,-85,-2.40,8533,8248,285
3304,38_Ehime-ken,38423,2000.0,38_Ehime-ken,38422,3305_(Municipalities as of 2000) Ikazaki-cho,4861,2353,2508,5108,-247,-4.84,93.82,38.49,126.3,1887,1882,5,1855,32,1.73,4861,4705,156
3305,38_Ehime-ken,38442,,38_Ehime-ken,38442,3306_Ikata-cho,8397,4036,4361,9626,-1229,-12.77,92.55,93.98,89.3,4077,4065,12,4488,-411,-9.16,8397,8128,269
3306,38_Ehime-ken,38442,2000.0,38_Ehime-ken,38442,3307_(Municipalities as of 2000) Ikata-cho,4437,2189,2248,4992,-555,-11.12,97.38,28.62,155.0,2047,2046,1,2225,-178,-8.00,4437,4356,81
3307,38_Ehime-ken,38443,2000.0,38_Ehime-ken,38442,3308_(Municipalities as of 2000) Seto-cho,1583,731,852,1860,-277,-14.89,85.80,32.09,49.3,795,790,5,882,-87,-9.86,1583,1499,84
3308,38_Ehime-ken,38444,2000.0,38_Ehime-ken,38442,3309_(Municipalities as of 2000) Misaki-cho,2377,1116,1261,2774,-397,-14.31,88.50,33.62,70.7,1235,1229,6,1381,-146,-10.57,2377,2273,104
3309,38_Ehime-ken,38484,2000.0,38_Ehime-ken,38484,3310_Matsuno-cho,3674,1725,1949,4072,-398,-9.77,88.51,98.45,37.3,1603,1583,20,1675,-72,-4.30,3674,3352,322
3310,38_Ehime-ken,38488,,38_Ehime-ken,38488,3311_Kihoku-cho,9682,4463,5219,10705,-1023,-9.56,85.51,241.88,40.0,4346,4316,30,4614,-268,-5.81,9682,9123,559
3311,38_Ehime-ken,38483,2000.0,38_Ehime-ken,38488,3312_(Municipalities as of 2000) Hiromi-cho,8572,3957,4615,9369,-797,-8.51,85.74,152.98,56.0,3803,3774,29,4006,-203,-5.07,8572,8063,509
3312,38_Ehime-ken,38485,2000.0,38_Ehime-ken,38488,3313_(Municipalities as of 2000) Hiyoshi-mura,1110,506,604,1336,-226,-16.92,83.77,88.89,12.5,543,542,1,608,-65,-10.69,1110,1060,50
3313,38_Ehime-ken,38506,,38_Ehime-ken,38506,3314_Ainan-cho,19601,9186,10415,21902,-2301,-10.51,88.20,238.99,82.0,8889,8854,35,9410,-521,-5.54,19601,18886,715
3314,38_Ehime-ken,38501,2000.0,38_Ehime-ken,38506,3315_(Municipalities as of 2000) Uchiumi-mura,1484,694,790,1598,-114,-7.13,87.85,19.73,75.2,606,603,3,643,-37,-5.75,1484,1428,56
3315,38_Ehime-ken,38502,2000.0,38_Ehime-ken,38506,3316_(Municipalities as of 2000) Misho-cho,6705,3197,3508,7458,-753,-10.10,91.13,50.33,133.2,3040,3032,8,3176,-136,-4.28,6705,6563,142
3316,38_Ehime-ken,38503,2000.0,38_Ehime-ken,38506,3317_(Municipalities as of 2000) Johen-cho,6427,3016,3411,7214,-787,-10.91,88.42,75.36,85.3,3080,3070,10,3266,-186,-5.70,6427,6239,188
3317,38_Ehime-ken,38504,2000.0,38_Ehime-ken,38506,3318_(Municipalities as of 2000) Ipponmatsu-cho,3322,1498,1824,3574,-252,-7.05,82.13,72.29,46.0,1293,1282,11,1332,-39,-2.93,3322,3013,309
3318,38_Ehime-ken,38505,2000.0,38_Ehime-ken,38506,3319_(Municipalities as of 2000) Nishiumi-cho,1663,781,882,2058,-395,-19.19,88.55,21.8,76.3,870,867,3,993,-123,-12.39,1663,1643,20
3319,39_Kochi-ken,39000,2000.0,39_Kochi-ken,39000,3320_Kochi-ken,691527,326531,364996,728276,-36749,-5.05,89.46,7103.63,97.3,315272,314330,942,319011,-3739,-1.17,691527,663963,27564
3320,39_Kochi-ken,39201,,39_Kochi-ken,39201,3321_Kochi-shi,326545,152455,174090,337190,-10645,-3.16,87.57,309.0,1056.8,154171,153809,362,153594,577,0.38,326545,315950,10595
3321,39_Kochi-ken,39201,2000.0,39_Kochi-ken,39201,3322_(Municipalities as of 2000) Kochi-shi,310883,145067,165816,320127,-9244,-2.89,87.49,144.95,2144.8,147979,147641,338,147219,760,0.52,310883,300706,10177
3322,39_Kochi-ken,39361,2000.0,39_Kochi-ken,39201,3323_(Municipalities as of 2000) Kagami-mura,1099,518,581,1285,-186,-14.47,89.16,60.06,18.3,459,459,NULL,503,-44,-8.75,1099,1099,NULL
3323,39_Kochi-ken,39362,2000.0,39_Kochi-ken,39201,3324_(Municipalities as of 2000) Tosayama-mura,855,415,440,907,-52,-5.73,94.32,59.22,14.4,336,336,NULL,362,-26,-7.18,855,855,NULL
3324,39_Kochi-ken,39383,2000.0,39_Kochi-ken,39201,3325_(Municipalities as of 2000) Haruno-cho,13708,6455,7253,14871,-1163,-7.82,89.00,44.94,305.0,5397,5373,24,5510,-113,-2.05,13708,13290,418
3325,39_Kochi-ken,39202,2000.0,39_Kochi-ken,39202,3326_Muroto-shi,11742,5648,6094,13524,-1782,-13.18,92.68,248.22,47.3,5933,5923,10,6512,-579,-8.89,11742,11275,467
3326,39_Kochi-ken,39203,2000.0,39_Kochi-ken,39203,3327_Aki-shi,16243,7754,8489,17577,-1334,-7.59,91.34,317.21,51.2,7307,7295,12,7604,-297,-3.91,16243,15701,542
3327,39_Kochi-ken,39204,2000.0,39_Kochi-ken,39204,3328_Nankoku-shi,46664,22130,24534,47982,-1318,-2.75,90.20,125.3,372.4,19755,19705,50,19481,274,1.41,46664,44316,2348
3328,39_Kochi-ken,39205,2000.0,39_Kochi-ken,39205,3329_Tosa-shi,25732,12384,13348,27038,-1306,-4.83,92.78,91.5,281.2,10196,10151,45,10255,-59,-0.58,25732,24653,1079
3329,39_Kochi-ken,39206,2000.0,39_Kochi-ken,39206,3330_Susaki-shi,20590,10068,10522,22606,-2016,-8.92,95.69,135.34,152.1,8710,8679,31,9121,-411,-4.51,20590,19166,1424
3330,39_Kochi-ken,39208,2000.0,39_Kochi-ken,39208,3331_Sukumo-shi,19033,8914,10119,20907,-1874,-8.96,88.09,286.2,66.5,8508,8473,35,8925,-417,-4.67,19033,18152,881
3331,39_Kochi-ken,39209,2000.0,39_Kochi-ken,39209,3332_Tosashimizu-shi,12388,5842,6546,13778,-1390,-10.09,89.25,266.34,46.5,6179,6160,19,6586,-407,-6.18,12388,11843,545
3332,39_Kochi-ken,39210,,39_Kochi-ken,39210,3333_Shimanto-shi,32694,15455,17239,34313,-1619,-4.72,89.65,632.29,51.7,14844,14771,73,14771,73,0.49,32694,31138,1556
3333,39_Kochi-ken,39207,2000.0,39_Kochi-ken,39210,3334_(Municipalities as of 2000) Nakamura-shi,30233,14306,15927,31436,-1203,-3.83,89.82,384.5,78.6,13759,13694,65,13585,174,1.28,30233,28794,1439
3334,39_Kochi-ken,39426,2000.0,39_Kochi-ken,39210,3335_(Municipalities as of 2000) Nishitosa-mura,2461,1149,1312,2877,-416,-14.46,87.58,248.0,9.9,1085,1077,8,1186,-101,-8.52,2461,2344,117
3335,39_Kochi-ken,39211,,39_Kochi-ken,39211,3336_Konan-shi,32207,15545,16662,32961,-754,-2.29,93.30,126.46,254.7,13146,13106,40,12953,193,1.49,32207,30892,1315
3336,39_Kochi-ken,39321,2000.0,39_Kochi-ken,39211,3337_(Municipalities as of 2000) Akaoka-cho,2504,1163,1341,2753,-249,-9.04,86.73,1.64,1526.8,1169,1166,3,1226,-57,-4.65,2504,2377,127
3337,39_Kochi-ken,39322,2000.0,39_Kochi-ken,39211,3338_(Municipalities as of 2000) Kagami-cho,5833,2977,2856,6099,-266,-4.36,104.24,58.89,99.0,2162,2151,11,2190,-28,-1.28,5833,5311,522
3338,39_Kochi-ken,39324,2000.0,39_Kochi-ken,39211,3339_(Municipalities as of 2000) Noichi-cho,19083,9114,9969,18937,146,0.77,91.42,22.9,833.3,7702,7687,15,7344,358,4.87,19083,18621,462
3339,39_Kochi-ken,39325,2000.0,39_Kochi-ken,39211,3340_(Municipalities as of 2000) Yasu-cho,3244,1545,1699,3471,-227,-6.54,90.94,39.04,83.1,1401,1397,4,1419,-18,-1.27,3244,3154,90
3340,39_Kochi-ken,39327,2000.0,39_Kochi-ken,39211,3341_(Municipalities as of 2000) Yoshikawa-mura,1543,746,797,1701,-158,-9.29,93.60,4.25,363.1,712,705,7,774,-62,-8.01,1543,1429,114
3341,39_Kochi-ken,39212,,39_Kochi-ken,39212,3342_Kami-shi,26513,12848,13665,27513,-1000,-3.63,94.02,537.86,49.3,12033,11967,66,11979,54,0.45,26513,24842,1671
3342,39_Kochi-ken,39323,2000.0,39_Kochi-ken,39212,3343_(Municipalities as of 2000) Tosayamada-cho,20844,10204,10640,21070,-226,-1.07,95.90,116.46,179.0,9419,9365,54,9131,288,3.15,20844,19453,1391
3343,39_Kochi-ken,39326,2000.0,39_Kochi-ken,39212,3344_(Municipalities as of 2000) Kahoku-cho,4182,1949,2233,4592,-410,-8.93,87.28,130.37,32.1,1801,1792,9,1896,-95,-5.01,4182,3921,261
3344,39_Kochi-ken,39328,2000.0,39_Kochi-ken,39212,3345_(Municipalities as of 2000) Monobe-son,1487,695,792,1851,-364,-19.67,87.75,291.12,5.1,813,810,3,952,-139,-14.60,1487,1468,19
3345,39_Kochi-ken,39301,2000.0,39_Kochi-ken,39301,3346_Toyo-cho,2194,1085,1109,2584,-390,-15.09,97.84,74.02,29.6,1236,1228,8,1382,-146,-10.56,2194,2169,25
3346,39_Kochi-ken,39302,2000.0,39_Kochi-ken,39302,3347_Nahari-cho,3034,1399,1635,3326,-292,-8.78,85.57,28.37,106.9,1409,1406,3,1474,-65,-4.41,3034,2824,210
3347,39_Kochi-ken,39303,2000.0,39_Kochi-ken,39303,3348_Tano-cho,2498,1174,1324,2733,-235,-8.60,88.67,6.53,382.5,1170,1163,7,1188,-18,-1.52,2498,2429,69
3348,39_Kochi-ken,39304,2000.0,39_Kochi-ken,39304,3349_Yasuda-cho,2370,1144,1226,2631,-261,-9.92,93.31,52.36,45.3,1064,1062,2,1146,-82,-7.16,2370,2352,18
3349,39_Kochi-ken,39305,2000.0,39_Kochi-ken,39305,3350_Kitagawa-mura,1146,552,594,1294,-148,-11.44,92.93,196.73,5.8,549,549,NULL,582,-33,-5.67,1146,1146,NULL
3350,39_Kochi-ken,39306,2000.0,39_Kochi-ken,39306,3351_Umaji-mura,745,358,387,823,-78,-9.48,92.51,165.48,4.5,376,376,NULL,391,-15,-3.84,745,745,NULL
3351,39_Kochi-ken,39307,2000.0,39_Kochi-ken,39307,3352_Geisei-mura,3694,1724,1970,3858,-164,-4.25,87.51,39.6,93.3,1511,1505,6,1488,23,1.55,3694,3390,304
3352,39_Kochi-ken,39341,2000.0,39_Kochi-ken,39341,3353_Motoyama-cho,3261,1516,1745,3573,-312,-8.73,86.88,134.22,24.3,1504,1494,10,1688,-184,-10.90,3261,2960,301
3353,39_Kochi-ken,39344,2000.0,39_Kochi-ken,39344,3354_Otoyo-cho,3252,1546,1706,3962,-710,-17.92,90.62,315.06,10.3,1788,1787,1,2050,-262,-12.78,3252,3202,50
3354,39_Kochi-ken,39363,2000.0,39_Kochi-ken,39363,3355_Tosa-cho,3753,1780,1973,3997,-244,-6.10,90.22,212.13,17.7,1618,1610,8,1734,-116,-6.69,3753,3455,298
3355,39_Kochi-ken,39364,2000.0,39_Kochi-ken,39364,3356_Okawa-mura,366,189,177,396,-30,-7.58,106.78,95.27,3.8,200,199,1,210,-10,-4.76,366,353,13
3356,39_Kochi-ken,39386,,39_Kochi-ken,39386,3357_Ino-cho,21374,10179,11195,22767,-1393,-6.12,90.92,470.97,45.4,9111,9088,23,9198,-87,-0.95,21374,20751,623
3357,39_Kochi-ken,39365,2000.0,39_Kochi-ken,39386,3358_(Municipalities as of 2000) Hongawa-mura,395,218,177,466,-71,-15.24,123.16,208.7,1.9,228,226,2,268,-40,-14.93,395,372,23
3358,39_Kochi-ken,39381,2000.0,39_Kochi-ken,39386,3359_(Municipalities as of 2000) Ino-cho,19103,9043,10060,20092,-989,-4.92,89.89,100.58,189.9,7934,7916,18,7887,47,0.60,19103,18558,545
3359,39_Kochi-ken,39385,2000.0,39_Kochi-ken,39386,3360_(Municipalities as of 2000) Gohoku-son,1876,918,958,2209,-333,-15.07,95.82,161.43,11.6,949,946,3,1043,-94,-9.01,1876,1821,55
3360,39_Kochi-ken,39387,,39_Kochi-ken,39387,3361_Niyodogawa-cho,4827,2306,2521,5551,-724,-13.04,91.47,333.0,14.5,2460,2445,15,2778,-318,-11.45,4827,4567,260
3361,39_Kochi-ken,39382,2000.0,39_Kochi-ken,39387,3362_(Municipalities as of 2000) Ikegawa-cho,1431,663,768,1654,-223,-13.48,86.33,142.68,10.0,738,733,5,846,-108,-12.77,1431,1317,114
3362,39_Kochi-ken,39384,2000.0,39_Kochi-ken,39387,3363_(Municipalities as of 2000) Agawa-mura,1810,861,949,2099,-289,-13.77,90.73,84.12,21.5,922,916,6,1046,-124,-11.85,1810,1739,71
3363,39_Kochi-ken,39409,2000.0,39_Kochi-ken,39387,3364_(Municipalities as of 2000) Niyodo-mura,1586,782,804,1798,-212,-11.79,97.26,106.16,14.9,800,796,4,886,-86,-9.71,1586,1511,75
3364,39_Kochi-ken,39401,,39_Kochi-ken,39401,3365_Nakatosa-cho,6002,2782,3220,6840,-838,-12.25,86.40,193.21,31.1,2702,2692,10,2916,-214,-7.34,6002,5695,307
3365,39_Kochi-ken,39401,2000.0,39_Kochi-ken,39401,3366_(Municipalities as of 2000) Nakatosa-cho,4992,2310,2682,5653,-661,-11.69,86.13,92.78,53.8,2237,2229,8,2404,-167,-6.95,4992,4764,228
3366,39_Kochi-ken,39406,2000.0,39_Kochi-ken,39401,3367_(Municipalities as of 2000) Onomi-son,1010,472,538,1187,-177,-14.91,87.73,100.41,10.1,465,463,2,512,-47,-9.18,1010,931,79
3367,39_Kochi-ken,39402,2000.0,39_Kochi-ken,39402,3368_Sakawa-cho,12323,5751,6572,13114,-791,-6.03,87.51,100.8,122.3,5141,5118,23,5237,-96,-1.83,12323,11620,703
3368,39_Kochi-ken,39403,2000.0,39_Kochi-ken,39403,3369_Ochi-cho,5187,2390,2797,5795,-608,-10.49,85.45,111.95,46.3,2335,2326,9,2518,-183,-7.27,5187,4899,288
3369,39_Kochi-ken,39405,2000.0,39_Kochi-ken,39405,3370_Yusuhara-cho,3307,1611,1696,3608,-301,-8.34,94.99,236.45,14.0,1513,1502,11,1560,-47,-3.01,3307,3036,271
3370,39_Kochi-ken,39410,2000.0,39_Kochi-ken,39410,3371_Hidaka-mura,4812,2282,2530,5030,-218,-4.33,90.20,44.85,107.3,1984,1975,9,1968,16,0.81,4812,4556,256
3371,39_Kochi-ken,39411,,39_Kochi-ken,39411,3372_Tsuno-cho,5291,2516,2775,5794,-503,-8.68,90.67,197.85,26.7,2206,2198,8,2297,-91,-3.96,5291,5092,199
3372,39_Kochi-ken,39407,2000.0,39_Kochi-ken,39411,3373_(Municipalities as of 2000) Higashitsuno-mura,1884,890,994,2150,-266,-12.37,89.54,131.47,14.3,831,830,1,899,-68,-7.56,1884,1812,72
3373,39_Kochi-ken,39408,2000.0,39_Kochi-ken,39411,3374_(Municipalities as of 2000) Hayama-mura,3407,1626,1781,3644,-237,-6.50,91.30,66.75,51.0,1375,1368,7,1398,-23,-1.65,3407,3280,127
3374,39_Kochi-ken,39412,,39_Kochi-ken,39412,3375_Shimanto-cho,15607,7442,8165,17325,-1718,-9.92,91.15,642.28,24.3,7150,7130,20,7454,-304,-4.08,15607,15168,439
3375,39_Kochi-ken,39404,2000.0,39_Kochi-ken,39412,3376_(Municipalities as of 2000) Kubokawa-cho,11080,5245,5835,12150,-1070,-8.81,89.89,278.08,39.8,5101,5091,10,5254,-153,-2.91,11080,10781,299
3376,39_Kochi-ken,39422,2000.0,39_Kochi-ken,39412,3377_(Municipalities as of 2000) Taisho-cho,2183,1038,1145,2485,-302,-12.15,90.66,199.32,11.0,993,986,7,1072,-79,-7.37,2183,2099,84
3377,39_Kochi-ken,39425,2000.0,39_Kochi-ken,39412,3378_(Municipalities as of 2000) Towa-son,2344,1159,1185,2690,-346,-12.86,97.81,164.66,14.2,1056,1053,3,1128,-72,-6.38,2344,2288,56
3378,39_Kochi-ken,39424,2000.0,39_Kochi-ken,39424,3379_Otsuki-cho,4434,2128,2306,5095,-661,-12.97,92.28,102.94,43.1,2198,2192,6,2369,-171,-7.22,4434,4365,69
3379,39_Kochi-ken,39427,2000.0,39_Kochi-ken,39427,3380_Mihara-mura,1437,690,747,1574,-137,-8.70,92.37,85.37,16.8,658,656,2,703,-45,-6.40,1437,1370,67
3380,39_Kochi-ken,39428,,39_Kochi-ken,39428,3381_Kuroshio-cho,10262,4944,5318,11217,-955,-8.51,92.97,188.46,54.5,4607,4590,17,4899,-292,-5.96,10262,9891,371
3381,39_Kochi-ken,39421,2000.0,39_Kochi-ken,39428,3382_(Municipalities as of 2000) Saga-cho,2929,1429,1500,3292,-363,-11.03,95.27,75.84,38.6,1330,1327,3,1441,-111,-7.70,2929,2869,60
3382,39_Kochi-ken,39423,2000.0,39_Kochi-ken,39428,3383_(Municipalities as of 2000) Ogata-cho,7333,3515,3818,7925,-592,-7.47,92.06,112.52,65.2,3277,3263,14,3458,-181,-5.23,7333,7022,311
3383,40_Fukuoka-ken,40000,2000.0,40_Fukuoka-ken,40000,3384_Fukuoka-ken,5135214,2430951,2704263,5101556,33658,0.66,89.89,4986.51,1029.8,2323325,2318479,4846,2201037,122288,5.56,5135214,4986247,148967
3384,40_Fukuoka-ken,40100,2000.0,40_Fukuoka-ken,40100,3385_Kitakyushu-shi,939029,443269,495760,961286,-22257,-2.32,89.41,491.69,1909.8,436245,435364,881,426325,9920,2.33,939029,909636,29393
3385,40_Fukuoka-ken,40101,2000.0,40_Fukuoka-ken,40101,3386_Kitakyushu-shi Moji-ku,93842,43051,50791,99637,-5795,-5.82,84.76,73.67,1273.8,43268,43172,96,43082,186,0.43,93842,90484,3358
3386,40_Fukuoka-ken,40103,2000.0,40_Fukuoka-ken,40103,3387_Kitakyushu-shi Wakamatsu-ku,80533,38307,42226,82877,-2344,-2.83,90.72,71.31,1129.3,34128,34042,86,33702,426,1.26,80533,77907,2626
3387,40_Fukuoka-ken,40105,2000.0,40_Fukuoka-ken,40105,3388_Kitakyushu-shi Tobata-ku,57494,28038,29456,59116,-1622,-2.74,95.19,16.61,3461.4,28541,28500,41,27797,744,2.68,57494,56141,1353
3388,40_Fukuoka-ken,40106,2000.0,40_Fukuoka-ken,40106,3389_Kitakyushu-shi Kokurakita-ku,183407,86089,97318,181878,1529,0.84,88.46,39.23,4675.2,96175,96007,168,91253,4922,5.39,183407,177522,5885
3389,40_Fukuoka-ken,40107,2000.0,40_Fukuoka-ken,40107,3390_Kitakyushu-shi Kokuraminami-ku,209028,99584,109444,212850,-3822,-1.80,90.99,171.48,1219.0,91065,90877,188,88497,2568,2.90,209028,202244,6784
3390,40_Fukuoka-ken,40108,2000.0,40_Fukuoka-ken,40108,3391_Kitakyushu-shi Yahatahigashi-ku,64792,30400,34392,68844,-4052,-5.89,88.39,36.26,1786.9,30394,30317,77,31442,-1048,-3.33,64792,62233,2559
3391,40_Fukuoka-ken,40109,2000.0,40_Fukuoka-ken,40109,3392_Kitakyushu-shi Yahatanishi-ku,249933,117800,132133,256084,-6151,-2.40,89.15,83.13,3006.5,112674,112449,225,110552,2122,1.92,249933,243105,6828
3392,40_Fukuoka-ken,40130,2000.0,40_Fukuoka-ken,40130,3393_Fukuoka-shi,1612392,761148,851244,1538681,73711,4.79,89.42,343.46,4694.6,831124,830051,1073,764820,66304,8.67,1612392,1579212,33180
3393,40_Fukuoka-ken,40131,2000.0,40_Fukuoka-ken,40131,3394_Fukuoka-shi Higashi-ku,322503,156725,165778,306015,16488,5.39,94.54,69.45,4643.7,156362,156161,201,141682,14680,10.36,322503,315607,6896
3394,40_Fukuoka-ken,40132,2000.0,40_Fukuoka-ken,40132,3395_Fukuoka-shi Hakata-ku,252034,121654,130380,228441,23593,10.33,93.31,31.62,7970.7,154640,154437,203,138832,15808,11.39,252034,246943,5091
3395,40_Fukuoka-ken,40133,2000.0,40_Fukuoka-ken,40133,3396_Fukuoka-shi Chuo-ku,205501,92450,113051,192688,12813,6.65,81.78,15.39,13352.9,127391,127259,132,116186,11205,9.64,205501,203633,1868
3396,40_Fukuoka-ken,40134,2000.0,40_Fukuoka-ken,40134,3397_Fukuoka-shi Minami-ku,265583,122925,142658,255797,9786,3.83,86.17,30.98,8572.7,129031,128868,163,119637,9394,7.85,265583,260168,5415
3397,40_Fukuoka-ken,40135,2000.0,40_Fukuoka-ken,40135,3398_Fukuoka-shi Nishi-ku,212579,100887,111692,206868,5711,2.76,90.33,84.15,2526.2,95698,95554,144,88142,7556,8.57,212579,206201,6378
3398,40_Fukuoka-ken,40136,2000.0,40_Fukuoka-ken,40136,3399_Fukuoka-shi Jonan-ku,132864,62325,70539,130995,1869,1.43,88.36,15.99,8309.2,67367,67276,91,64606,2761,4.27,132864,130218,2646
3399,40_Fukuoka-ken,40137,2000.0,40_Fukuoka-ken,40137,3400_Fukuoka-shi Sawara-ku,221328,104182,117146,217877,3451,1.58,88.93,95.87,2308.6,100635,100496,139,95735,4900,5.12,221328,216442,4886
3400,40_Fukuoka-ken,40202,2000.0,40_Fukuoka-ken,40202,3401_Omuta-shi,111281,51262,60019,117360,-6079,-5.18,85.41,81.45,1366.2,49231,49068,163,49398,-167,-0.34,111281,106375,4906
3401,40_Fukuoka-ken,40203,,40_Fukuoka-ken,40203,3402_Kurume-shi,303316,144522,158794,304552,-1236,-0.41,91.01,229.96,1319.0,128716,128397,319,121913,6803,5.58,303316,293799,9517
3402,40_Fukuoka-ken,40203,2000.0,40_Fukuoka-ken,40203,3403_(Municipalities as of 2000) Kurume-shi,239576,114579,124997,239642,-66,-0.03,91.67,124.68,1921.5,106092,105856,236,100660,5432,5.40,239576,232182,7394
3403,40_Fukuoka-ken,40482,2000.0,40_Fukuoka-ken,40203,3404_(Municipalities as of 2000) Tanushimaru-machi,18363,8628,9735,19267,-904,-4.69,88.63,50.99,360.1,6428,6402,26,6130,298,4.86,18363,17611,752
3404,40_Fukuoka-ken,40501,2000.0,40_Fukuoka-ken,40203,3405_(Municipalities as of 2000) Kitano-machi,17015,7885,9130,17144,-129,-0.75,86.36,20.49,830.4,6265,6250,15,5787,478,8.26,17015,16552,463
3405,40_Fukuoka-ken,40521,2000.0,40_Fukuoka-ken,40203,3406_(Municipalities as of 2000) Jojima-machi,11135,5229,5906,12121,-986,-8.13,88.54,17.58,633.4,3949,3929,20,3952,-3,-0.08,11135,10785,350
3406,40_Fukuoka-ken,40523,2000.0,40_Fukuoka-ken,40203,3407_(Municipalities as of 2000) Mizuma-machi,17227,8201,9026,16378,849,5.18,90.86,16.1,1070.0,5982,5960,22,5384,598,11.11,17227,16669,558
3407,40_Fukuoka-ken,40204,2000.0,40_Fukuoka-ken,40204,3408_Nogata-shi,56212,26403,29809,57146,-934,-1.63,88.57,61.76,910.2,23675,23601,74,23281,394,1.69,56212,53861,2351
3408,40_Fukuoka-ken,40205,,40_Fukuoka-ken,40205,3409_Iizuka-shi,126364,60174,66190,129146,-2782,-2.15,90.91,213.96,590.6,55762,55562,200,54732,1030,1.88,126364,121471,4893
3409,40_Fukuoka-ken,40205,2000.0,40_Fukuoka-ken,40205,3410_(Municipalities as of 2000) Iizuka-shi,76307,36610,39697,78285,-1978,-2.53,92.22,71.8,1062.8,34987,34869,118,34595,392,1.13,76307,73147,3160
3410,40_Fukuoka-ken,40425,2000.0,40_Fukuoka-ken,40205,3411_(Municipalities as of 2000) Chikuho-machi,9135,4288,4847,9861,-726,-7.36,88.47,74.81,122.1,3591,3577,14,3632,-41,-1.13,9135,8858,277
3411,40_Fukuoka-ken,40426,2000.0,40_Fukuoka-ken,40205,3412_(Municipalities as of 2000) Honami-machi,24970,11686,13284,24832,138,0.56,87.97,25.23,989.7,10410,10374,36,10030,380,3.79,24970,24348,622
3412,40_Fukuoka-ken,40427,2000.0,40_Fukuoka-ken,40205,3413_(Municipalities as of 2000) Shonai-machi,10596,5129,5467,10417,179,1.72,93.82,25.69,412.5,4538,4516,22,4232,306,7.23,10596,10199,397
3413,40_Fukuoka-ken,40428,2000.0,40_Fukuoka-ken,40205,3414_(Municipalities as of 2000) Kaita-machi,5356,2461,2895,5751,-395,-6.87,85.01,16.6,322.7,2236,2226,10,2243,-7,-0.31,5356,4919,437
3414,40_Fukuoka-ken,40206,2000.0,40_Fukuoka-ken,40206,3415_Tagawa-shi,46203,21056,25147,48441,-2238,-4.62,83.73,54.55,847.0,20588,20502,86,20955,-367,-1.75,46203,43596,2607
3415,40_Fukuoka-ken,40207,,40_Fukuoka-ken,40207,3416_Yanagawa-shi,64475,30437,34038,67777,-3302,-4.87,89.42,77.15,835.7,24114,24050,64,23453,661,2.82,64475,62511,1964
3416,40_Fukuoka-ken,40207,2000.0,40_Fukuoka-ken,40207,3417_(Municipalities as of 2000) Yanagawa-shi,33410,15706,17704,35817,-2407,-6.72,88.71,37.23,897.4,12315,12279,36,12290,25,0.20,33410,32201,1209
3417,40_Fukuoka-ken,40562,2000.0,40_Fukuoka-ken,40207,3418_(Municipalities as of 2000) Yamato-machi,13826,6558,7268,14850,-1024,-6.90,90.23,22.78,606.9,4919,4908,11,4858,61,1.26,13826,13455,371
3418,40_Fukuoka-ken,40563,2000.0,40_Fukuoka-ken,40207,3419_(Municipalities as of 2000) Mitsuhashi-machi,17239,8173,9066,17110,129,0.75,90.15,16.89,1020.7,6880,6863,17,6305,575,9.12,17239,16855,384
3419,40_Fukuoka-ken,40210,,40_Fukuoka-ken,40210,3420_Yame-shi,60608,28451,32157,64408,-3800,-5.90,88.48,482.44,125.6,22296,22203,93,22109,187,0.85,60608,57820,2788
3420,40_Fukuoka-ken,40210,2000.0,40_Fukuoka-ken,40210,3421_(Municipalities as of 2000) Yame-shi,37289,17527,19762,37280,9,0.02,88.69,39.34,947.9,13739,13677,62,12936,803,6.21,37289,35451,1838
3421,40_Fukuoka-ken,40541,2000.0,40_Fukuoka-ken,40210,3422_(Municipalities as of 2000) Kurogi-machi,9388,4354,5034,10790,-1402,-12.99,86.49,135.49,69.3,3361,3348,13,3549,-188,-5.30,9388,8964,424
3422,40_Fukuoka-ken,40542,2000.0,40_Fukuoka-ken,40210,3423_(Municipalities as of 2000) Joyo-machi,2495,1180,1315,3059,-564,-18.44,89.73,59.32,42.1,960,956,4,1053,-93,-8.83,2495,2416,79
3423,40_Fukuoka-ken,40543,2000.0,40_Fukuoka-ken,40210,3424_(Municipalities as of 2000) Tachibana-machi,8205,3900,4305,9434,-1229,-13.03,90.59,86.64,94.7,3000,2995,5,3182,-182,-5.72,8205,8062,143
3424,40_Fukuoka-ken,40545,2000.0,40_Fukuoka-ken,40210,3425_(Municipalities as of 2000) Yabe-mura,912,426,486,1158,-246,-21.24,87.65,80.46,11.3,405,403,2,473,-68,-14.38,912,868,44
3425,40_Fukuoka-ken,40546,2000.0,40_Fukuoka-ken,40210,3426_(Municipalities as of 2000) Hoshino-mura,2319,1064,1255,2687,-368,-13.70,84.78,81.28,28.5,831,824,7,916,-85,-9.28,2319,2059,260
3426,40_Fukuoka-ken,40211,2000.0,40_Fukuoka-ken,40211,3427_Chikugo-shi,48827,23400,25427,48339,488,1.01,92.03,41.78,1168.7,18752,18700,52,17379,1373,7.90,48827,47516,1311
3427,40_Fukuoka-ken,40212,2000.0,40_Fukuoka-ken,40212,3428_Okawa-shi,32988,15427,17561,34838,-1850,-5.31,87.85,33.62,981.2,12941,12897,44,12709,232,1.83,32988,32040,948
3428,40_Fukuoka-ken,40213,2000.0,40_Fukuoka-ken,40213,3429_Yukuhashi-shi,71426,34120,37306,70586,840,1.19,91.46,70.06,1019.5,30477,30405,72,28648,1829,6.38,71426,69297,2129
3429,40_Fukuoka-ken,40214,2000.0,40_Fukuoka-ken,40214,3430_Buzen-shi,24391,11378,13013,25940,-1549,-5.97,87.44,111.01,219.7,9910,9857,53,10070,-160,-1.59,24391,22958,1433
3430,40_Fukuoka-ken,40215,2000.0,40_Fukuoka-ken,40215,3431_Nakama-shi,40362,18961,21401,41796,-1434,-3.43,88.60,15.96,2528.9,17369,17331,38,17414,-45,-0.26,40362,39200,1162
3431,40_Fukuoka-ken,40216,2000.0,40_Fukuoka-ken,40216,3432_Ogori-shi,59360,27825,31535,57983,1377,2.37,88.24,45.51,1304.3,22746,22661,85,20964,1782,8.50,59360,57054,2306
3432,40_Fukuoka-ken,40217,2000.0,40_Fukuoka-ken,40217,3433_Chikushino-shi,103311,49289,54022,101081,2230,2.21,91.24,87.73,1177.6,41861,41798,63,39350,2511,6.38,103311,100092,3219
3433,40_Fukuoka-ken,40218,2000.0,40_Fukuoka-ken,40218,3434_Kasuga-shi,111023,53099,57924,110743,280,0.25,91.67,14.15,7846.1,46442,46365,77,43720,2722,6.23,111023,109100,1923
3434,40_Fukuoka-ken,40219,2000.0,40_Fukuoka-ken,40219,3435_Onojo-shi,102085,48887,53198,99525,2560,2.57,91.90,26.89,3796.4,42781,42738,43,39885,2896,7.26,102085,99707,2378
3435,40_Fukuoka-ken,40220,,40_Fukuoka-ken,40220,3436_Munakata-shi,97095,46143,50952,96516,579,0.60,90.56,119.94,809.5,41038,40947,91,38995,2043,5.24,97095,94564,2531
3436,40_Fukuoka-ken,40220,2000.0,40_Fukuoka-ken,40220,3437_(Municipalities as of 2000) Munakata-shi,88344,41979,46365,87298,1046,1.20,90.54,76.82,1150.0,37510,37431,79,35515,1995,5.62,88344,86086,2258
3437,40_Fukuoka-ken,40364,2000.0,40_Fukuoka-ken,40220,3438_(Municipalities as of 2000) Genkai-machi,8211,3903,4308,8609,-398,-4.62,90.60,34.68,236.8,3250,3238,12,3190,60,1.88,8211,7938,273
3438,40_Fukuoka-ken,40365,2000.0,40_Fukuoka-ken,40220,3439_(Municipalities as of 2000) Oshima-mura,540,261,279,609,-69,-11.33,93.55,8.12,66.5,278,278,NULL,290,-12,-4.14,540,540,NULL
3439,40_Fukuoka-ken,40221,2000.0,40_Fukuoka-ken,40221,3440_Dazaifu-shi,73164,34743,38421,72168,996,1.38,90.43,29.6,2471.8,30945,30875,70,29107,1838,6.31,73164,71073,2091
3440,40_Fukuoka-ken,40223,2000.0,40_Fukuoka-ken,40223,3441_Koga-shi,58786,27924,30862,57959,827,1.43,90.48,42.07,1397.3,23618,23564,54,22320,1298,5.82,58786,57188,1598
3441,40_Fukuoka-ken,40224,,40_Fukuoka-ken,40224,3442_Fukutsu-shi,67033,31286,35747,58781,8252,14.04,87.52,52.76,1270.5,26534,26469,65,22272,4262,19.14,67033,64994,2039
3442,40_Fukuoka-ken,40362,2000.0,40_Fukuoka-ken,40224,3443_(Municipalities as of 2000) Fukuma-machi,49922,23260,26662,43092,6830,15.85,87.24,29.43,1696.3,19761,19712,49,16429,3332,20.28,49922,48342,1580
3443,40_Fukuoka-ken,40363,2000.0,40_Fukuoka-ken,40224,3444_(Municipalities as of 2000) Tsuyazaki-machi,17111,8026,9085,15689,1422,9.06,88.34,23.28,735.0,6773,6757,16,5843,930,15.92,17111,16652,459
3444,40_Fukuoka-ken,40225,,40_Fukuoka-ken,40225,3445_Ukiha-shi,27981,13145,14836,29509,-1528,-5.18,88.60,117.46,238.2,10128,10099,29,9940,188,1.89,27981,27086,895
3445,40_Fukuoka-ken,40481,2000.0,40_Fukuoka-ken,40225,3446_(Municipalities as of 2000) Yoshii-machi,15197,7102,8095,15661,-464,-2.96,87.73,28.29,537.2,5601,5586,15,5382,219,4.07,15197,14728,469
3446,40_Fukuoka-ken,40483,2000.0,40_Fukuoka-ken,40225,3447_(Municipalities as of 2000) Ukiha-machi,12784,6043,6741,13848,-1064,-7.68,89.65,89.26,143.2,4527,4513,14,4558,-31,-0.68,12784,12358,426
3447,40_Fukuoka-ken,40226,,40_Fukuoka-ken,40226,3448_Miyawaka-shi,26298,12379,13919,28112,-1814,-6.45,88.94,139.99,187.9,10540,10491,49,10737,-197,-1.83,26298,24730,1568
3448,40_Fukuoka-ken,40403,2000.0,40_Fukuoka-ken,40226,3449_(Municipalities as of 2000) Miyata-machi,17900,8347,9553,19171,-1271,-6.63,87.38,52.49,341.0,7255,7218,37,7448,-193,-2.59,17900,16602,1298
3449,40_Fukuoka-ken,40404,2000.0,40_Fukuoka-ken,40226,3450_(Municipalities as of 2000) Wakamiya-machi,8398,4032,4366,8941,-543,-6.07,92.35,87.5,96.0,3285,3273,12,3289,-4,-0.12,8398,8128,270
3450,40_Fukuoka-ken,40227,,40_Fukuoka-ken,40227,3451_Kama-shi,35473,16400,19073,38743,-3270,-8.44,85.99,135.11,262.5,15030,14936,94,15637,-607,-3.88,35473,33451,2022
3451,40_Fukuoka-ken,40208,2000.0,40_Fukuoka-ken,40227,3452_(Municipalities as of 2000) Yamada-shi,7660,3436,4224,8935,-1275,-14.27,81.34,22.05,347.4,3514,3494,20,3876,-362,-9.34,7660,7137,523
3452,40_Fukuoka-ken,40422,2000.0,40_Fukuoka-ken,40227,3453_(Municipalities as of 2000) Inatsuki-machi,15441,7070,8371,16394,-953,-5.81,84.46,17.34,890.5,6554,6511,43,6731,-177,-2.63,15441,14478,963
3453,40_Fukuoka-ken,40423,2000.0,40_Fukuoka-ken,40227,3454_(Municipalities as of 2000) Usui-machi,4957,2372,2585,5308,-351,-6.61,91.76,8.45,586.6,2054,2033,21,2123,-69,-3.25,4957,4745,212
3454,40_Fukuoka-ken,40424,2000.0,40_Fukuoka-ken,40227,3455_(Municipalities as of 2000) Kaho-machi,7415,3522,3893,8106,-691,-8.52,90.47,87.34,84.9,2908,2898,10,2907,1,0.03,7415,7091,324
3455,40_Fukuoka-ken,40228,,40_Fukuoka-ken,40228,3456_Asakura-shi,50273,23546,26727,52444,-2171,-4.14,88.10,246.71,203.8,19456,19415,41,19088,368,1.93,50273,49037,1236
3456,40_Fukuoka-ken,40209,2000.0,40_Fukuoka-ken,40228,3457_(Municipalities as of 2000) Amagi-shi,37521,17593,19928,37873,-352,-0.93,88.28,167.19,224.4,14765,14733,32,14103,662,4.69,37521,36446,1075
3457,40_Fukuoka-ken,40441,2000.0,40_Fukuoka-ken,40228,3458_(Municipalities as of 2000) Haki-machi,5595,2558,3037,6793,-1198,-17.64,84.23,44.98,124.4,2253,2249,4,2519,-266,-10.56,5595,5505,90
3458,40_Fukuoka-ken,40442,2000.0,40_Fukuoka-ken,40228,3459_(Municipalities as of 2000) Asakura-machi,7157,3395,3762,7778,-621,-7.98,90.24,34.56,207.1,2438,2433,5,2466,-28,-1.14,7157,7086,71
3459,40_Fukuoka-ken,40229,,40_Fukuoka-ken,40229,3460_Miyama-shi,35861,16675,19186,38139,-2278,-5.97,86.91,105.21,340.9,13060,13017,43,12941,119,0.92,35861,34578,1283
3460,40_Fukuoka-ken,40561,2000.0,40_Fukuoka-ken,40229,3461_(Municipalities as of 2000) Setaka-machi,19722,9177,10545,20924,-1202,-5.74,87.03,37.73,522.7,7150,7125,25,7076,74,1.05,19722,18848,874
3461,40_Fukuoka-ken,40564,2000.0,40_Fukuoka-ken,40229,3462_(Municipalities as of 2000) Yamakawa-machi,4100,1932,2168,4536,-436,-9.61,89.11,26.38,155.4,1492,1489,3,1503,-11,-0.73,4100,4010,90
3462,40_Fukuoka-ken,40581,2000.0,40_Fukuoka-ken,40229,3463_(Municipalities as of 2000) Takata-machi,12039,5566,6473,12679,-640,-5.05,85.99,41.01,293.6,4418,4403,15,4362,56,1.28,12039,11720,319
3463,40_Fukuoka-ken,40230,,40_Fukuoka-ken,40230,3464_Itoshima-shi,98877,46984,51893,96475,2402,2.49,90.54,215.7,458.4,37792,37721,71,34739,3053,8.79,98877,96556,2321
3464,40_Fukuoka-ken,40222,2000.0,40_Fukuoka-ken,40230,3465_(Municipalities as of 2000) Maebaru-shi,70673,33776,36897,68083,2590,3.80,91.54,104.5,676.3,27588,27542,46,25167,2421,9.62,70673,69457,1216
3465,40_Fukuoka-ken,40462,2000.0,40_Fukuoka-ken,40230,3466_(Municipalities as of 2000) Nijo-machi,12100,5541,6559,12088,12,0.10,84.48,57.07,212.0,4656,4648,8,4298,358,8.33,12100,11781,319
3466,40_Fukuoka-ken,40463,2000.0,40_Fukuoka-ken,40230,3467_(Municipalities as of 2000) Shima-machi,16104,7667,8437,16304,-200,-1.23,90.87,54.52,295.4,5548,5531,17,5274,274,5.20,16104,15318,786
3467,40_Fukuoka-ken,40305,,40_Fukuoka-ken,40231,3468_Nakagawa-shi,50112,24194,25918,50004,108,0.22,93.35,74.95,668.6,19078,19059,19,18291,787,4.30,50112,49512,600
3468,40_Fukuoka-ken,40305,2000.0,40_Fukuoka-ken,40231,3469_(Municipalities as of 2000) Nakagawa-machi,50112,24194,25918,50004,108,0.22,93.35,74.99,668.2,19078,19059,19,18291,787,4.30,50112,49512,600
3469,40_Fukuoka-ken,40341,2000.0,40_Fukuoka-ken,40341,3470_Umi-machi,37671,18964,18707,37927,-256,-0.67,101.37,30.21,1247.0,14093,14049,44,13119,974,7.42,37671,35689,1982
3470,40_Fukuoka-ken,40342,2000.0,40_Fukuoka-ken,40342,3471_Sasaguri-machi,31209,15014,16195,31210,-1,0.00,92.71,38.93,801.7,12228,12214,14,11539,689,5.97,31209,30209,1000
3471,40_Fukuoka-ken,40343,2000.0,40_Fukuoka-ken,40343,3472_Shime-machi,46377,22291,24086,45256,1121,2.48,92.55,8.69,5336.8,19005,18985,20,17591,1414,8.04,46377,45501,876
3472,40_Fukuoka-ken,40344,2000.0,40_Fukuoka-ken,40344,3473_Sue-machi,28628,13760,14868,27263,1365,5.01,92.55,16.31,1755.2,10942,10919,23,9919,1023,10.31,28628,27770,858
3473,40_Fukuoka-ken,40345,2000.0,40_Fukuoka-ken,40345,3474_Shingu-machi,32927,15894,17033,30344,2583,8.51,93.31,18.93,1739.4,12469,12453,16,10946,1523,13.91,32927,32320,607
3474,40_Fukuoka-ken,40348,2000.0,40_Fukuoka-ken,40348,3475_Hisayama-machi,9068,4281,4787,8225,843,10.25,89.43,37.44,242.2,3279,3271,8,2825,454,16.07,9068,8824,244
3475,40_Fukuoka-ken,40349,2000.0,40_Fukuoka-ken,40349,3476_Kasuya-machi,48190,23840,24350,45360,2830,6.24,97.91,14.13,3410.5,19899,19886,13,18005,1894,10.52,48190,47764,426
3476,40_Fukuoka-ken,40381,2000.0,40_Fukuoka-ken,40381,3477_Ashiya-machi,13545,6629,6916,14208,-663,-4.67,95.85,11.6,1167.7,5599,5566,33,5573,26,0.47,13545,12581,964
3477,40_Fukuoka-ken,40382,2000.0,40_Fukuoka-ken,40382,3478_Mizumaki-machi,28114,13074,15040,28997,-883,-3.05,86.93,11.01,2553.5,12315,12292,23,12220,95,0.78,28114,27426,688
3478,40_Fukuoka-ken,40383,2000.0,40_Fukuoka-ken,40383,3479_Okagaki-machi,31007,14481,16526,31580,-573,-1.81,87.63,48.64,637.5,12120,12077,43,11784,336,2.85,31007,29665,1342
3479,40_Fukuoka-ken,40384,2000.0,40_Fukuoka-ken,40384,3480_Onga-cho,18723,8795,9928,18877,-154,-0.82,88.59,22.15,845.3,7561,7542,19,7269,292,4.02,18723,18171,552
3480,40_Fukuoka-ken,40401,2000.0,40_Fukuoka-ken,40401,3481_Kotake-machi,7151,3406,3745,7810,-659,-8.44,90.95,14.28,500.8,3210,3191,19,3331,-121,-3.63,7151,6786,365
3481,40_Fukuoka-ken,40402,2000.0,40_Fukuoka-ken,40402,3482_Kurate-machi,15080,7074,8006,16007,-927,-5.79,88.36,35.6,423.6,6263,6235,28,6393,-130,-2.03,15080,14555,525
3482,40_Fukuoka-ken,40421,2000.0,40_Fukuoka-ken,40421,3483_Keisen-machi,12878,6018,6860,13496,-618,-4.58,87.73,20.14,639.4,5132,5111,21,5226,-94,-1.80,12878,12393,485
3483,40_Fukuoka-ken,40447,,40_Fukuoka-ken,40447,3484_Chikuzen-machi,29591,14061,15530,29306,285,0.97,90.54,67.1,441.0,10627,10597,30,9767,860,8.81,29591,28266,1325
3484,40_Fukuoka-ken,40443,2000.0,40_Fukuoka-ken,40447,3485_(Municipalities as of 2000) Miwa-machi,13720,6389,7331,13552,168,1.24,87.15,21.71,632.0,4850,4831,19,4429,421,9.51,13720,12709,1011
3485,40_Fukuoka-ken,40444,2000.0,40_Fukuoka-ken,40447,3486_(Municipalities as of 2000) Yasu-machi,15871,7672,8199,15754,117,0.74,93.57,45.47,349.0,5777,5766,11,5338,439,8.22,15871,15557,314
3486,40_Fukuoka-ken,40448,,40_Fukuoka-ken,40448,3487_Toho-mura,1899,868,1031,2174,-275,-12.65,84.19,51.97,36.5,696,694,2,742,-46,-6.20,1899,1801,98
3487,40_Fukuoka-ken,40445,2000.0,40_Fukuoka-ken,40448,3488_(Municipalities as of 2000) Koishiwara-mura,765,344,421,866,-101,-11.66,81.71,29.37,26.0,276,275,1,291,-15,-5.15,765,716,49
3488,40_Fukuoka-ken,40446,2000.0,40_Fukuoka-ken,40448,3489_(Municipalities as of 2000) Hoshuyama-mura,1134,524,610,1308,-174,-13.30,85.90,22.56,50.3,420,419,1,451,-31,-6.87,1134,1085,49
3489,40_Fukuoka-ken,40503,2000.0,40_Fukuoka-ken,40503,3490_Tachiarai-machi,15521,7438,8083,15138,383,2.53,92.02,22.84,679.6,5616,5593,23,5008,608,12.14,15521,14884,637
3490,40_Fukuoka-ken,40522,2000.0,40_Fukuoka-ken,40522,3491_Oki-machi,13820,6545,7275,14176,-356,-2.51,89.97,18.44,749.5,4772,4762,10,4556,216,4.74,13820,13508,312
3491,40_Fukuoka-ken,40544,2000.0,40_Fukuoka-ken,40544,3492_Hirokawa-machi,19969,9589,10380,20183,-214,-1.06,92.38,37.94,526.3,7486,7455,31,7007,479,6.84,19969,18936,1033
3492,40_Fukuoka-ken,40601,2000.0,40_Fukuoka-ken,40601,3493_Kawara-machi,10191,4737,5454,10861,-670,-6.17,86.85,44.5,229.0,4337,4318,19,4429,-92,-2.08,10191,9693,498
3493,40_Fukuoka-ken,40602,2000.0,40_Fukuoka-ken,40602,3494_Soeda-machi,8801,4128,4673,9924,-1123,-11.32,88.34,132.2,66.6,3724,3700,24,4029,-305,-7.57,8801,8307,494
3494,40_Fukuoka-ken,40604,2000.0,40_Fukuoka-ken,40604,3495_Itoda-machi,8407,3843,4564,9020,-613,-6.80,84.20,8.04,1045.6,3656,3640,16,3814,-158,-4.14,8407,7956,451
3495,40_Fukuoka-ken,40605,2000.0,40_Fukuoka-ken,40605,3496_Kawasaki-machi,15176,6918,8258,16789,-1613,-9.61,83.77,36.14,419.9,6921,6883,38,7349,-428,-5.82,15176,14507,669
3496,40_Fukuoka-ken,40608,2000.0,40_Fukuoka-ken,40608,3497_Oto-machi,5008,2262,2746,5176,-168,-3.25,82.37,14.26,351.2,2040,2025,15,2052,-12,-0.58,5008,4621,387
3497,40_Fukuoka-ken,40609,2000.0,40_Fukuoka-ken,40609,3498_Aka-mura,2774,1295,1479,3022,-248,-8.21,87.56,31.98,86.7,1072,1065,7,1127,-55,-4.88,2774,2631,143
3498,40_Fukuoka-ken,40610,,40_Fukuoka-ken,40610,3499_Fukuchi-machi,21398,9984,11414,22871,-1473,-6.44,87.47,42.06,508.7,8519,8453,66,8727,-208,-2.38,21398,19679,1719
3499,40_Fukuoka-ken,40603,2000.0,40_Fukuoka-ken,40610,3500_(Municipalities as of 2000) Kanada-machi,6795,3142,3653,7186,-391,-5.44,86.01,7.46,910.9,2733,2713,20,2793,-60,-2.15,6795,6395,400
3500,40_Fukuoka-ken,40606,2000.0,40_Fukuoka-ken,40610,3501_(Municipalities as of 2000) Akaike-machi,7869,3702,4167,8485,-616,-7.26,88.84,16.2,485.7,3280,3261,19,3348,-68,-2.03,7869,7413,456
3501,40_Fukuoka-ken,40607,2000.0,40_Fukuoka-ken,40610,3502_(Municipalities as of 2000) Hojo-machi,6734,3140,3594,7200,-466,-6.47,87.37,18.38,366.4,2506,2479,27,2586,-80,-3.09,6734,5871,863
3502,40_Fukuoka-ken,40621,2000.0,40_Fukuoka-ken,40621,3503_Kanda-machi,37684,19639,18045,34963,2721,7.78,108.83,49.24,765.3,17722,17684,38,15341,2381,15.52,37684,36796,888
3503,40_Fukuoka-ken,40625,,40_Fukuoka-ken,40625,3504_Miyako-machi,18825,8803,10022,20243,-1418,-7.00,87.84,151.34,124.4,7346,7310,36,7527,-181,-2.40,18825,17701,1124
3504,40_Fukuoka-ken,40622,2000.0,40_Fukuoka-ken,40625,3505_(Municipalities as of 2000) Saigawa-machi,5301,2534,2767,5906,-605,-10.24,91.58,98.0,54.1,2164,2154,10,2255,-91,-4.04,5301,5096,205
3505,40_Fukuoka-ken,40623,2000.0,40_Fukuoka-ken,40625,3506_(Municipalities as of 2000) Katsuyama-machi,6268,2863,3405,6631,-363,-5.47,84.08,33.94,184.7,2312,2299,13,2343,-31,-1.32,6268,5737,531
3506,40_Fukuoka-ken,40624,2000.0,40_Fukuoka-ken,40625,3507_(Municipalities as of 2000) Toyotsu-machi,7256,3406,3850,7706,-450,-5.84,88.47,19.34,375.2,2870,2857,13,2929,-59,-2.01,7256,6868,388
3507,40_Fukuoka-ken,40642,2000.0,40_Fukuoka-ken,40642,3508_Yoshitomi-machi,6536,3068,3468,6627,-91,-1.37,88.47,5.72,1142.7,2667,2658,9,2589,78,3.01,6536,6346,190
3508,40_Fukuoka-ken,40646,,40_Fukuoka-ken,40646,3509_Koge-machi,7251,3453,3798,7458,-207,-2.78,90.92,62.44,116.1,2797,2788,9,2791,6,0.21,7251,6996,255
3509,40_Fukuoka-ken,40644,2000.0,40_Fukuoka-ken,40646,3510_(Municipalities as of 2000) Shinyoshitomi-mura,3962,1881,2081,3983,-21,-0.53,90.39,13.44,294.8,1511,1508,3,1483,28,1.89,3962,3876,86
3510,40_Fukuoka-ken,40645,2000.0,40_Fukuoka-ken,40646,3511_(Municipalities as of 2000) Taihei-mura,3289,1572,1717,3475,-186,-5.35,91.56,48.96,67.2,1286,1280,6,1308,-22,-1.68,3289,3120,169
3511,40_Fukuoka-ken,40647,,40_Fukuoka-ken,40647,3512_Chikujo-machi,17189,8272,8917,18587,-1398,-7.52,92.77,119.61,143.7,6963,6920,43,7250,-287,-3.96,17189,15951,1238
3512,40_Fukuoka-ken,40641,2000.0,40_Fukuoka-ken,40647,3513_(Municipalities as of 2000) Shiida-machi,10050,4921,5129,10685,-635,-5.94,95.94,51.7,194.4,3913,3880,33,4053,-140,-3.45,10050,9074,976
3513,40_Fukuoka-ken,40643,2000.0,40_Fukuoka-ken,40647,3514_(Municipalities as of 2000) Tsuiki-machi,7139,3351,3788,7902,-763,-9.66,88.46,67.64,105.5,3050,3040,10,3197,-147,-4.60,7139,6877,262
3514,41_Saga-ken,41000,2000.0,41_Saga-ken,41000,3515_Saga-ken,811442,384451,426991,832832,-21390,-2.57,90.04,2440.69,332.5,312680,311173,1507,302109,10571,3.50,811442,781601,29841
3515,41_Saga-ken,41201,,41_Saga-ken,41201,3516_Saga-shi,233301,110191,123110,236372,-3071,-1.30,89.51,431.84,540.2,96874,96522,352,93306,3568,3.82,233301,224813,8488
3516,41_Saga-ken,41201,2000.0,41_Saga-ken,41201,3517_(Municipalities as of 2000) Saga-shi,164759,77796,86963,165236,-477,-0.29,89.46,103.76,1587.9,72333,72099,234,69631,2702,3.88,164759,159080,5679
3517,41_Saga-ken,41301,2000.0,41_Saga-ken,41201,3518_(Municipalities as of 2000) Morodomi-cho,10167,4818,5349,10778,-611,-5.67,90.07,12.02,845.8,3755,3744,11,3698,57,1.54,10167,9740,427
3518,41_Saga-ken,41302,2000.0,41_Saga-ken,41201,3519_(Municipalities as of 2000) Kawasoe-machi,15223,7258,7965,16574,-1351,-8.15,91.12,46.49,327.4,5330,5297,33,5319,11,0.21,15223,14511,712
3519,41_Saga-ken,41303,2000.0,41_Saga-ken,41201,3520_(Municipalities as of 2000) Higashiyoka-cho,8007,3800,4207,8451,-444,-5.25,90.33,15.39,520.3,2646,2639,7,2689,-43,-1.60,8007,7785,222
3520,41_Saga-ken,41304,2000.0,41_Saga-ken,41201,3521_(Municipalities as of 2000) Kubota-cho,7553,3521,4032,8064,-511,-6.34,87.33,14.39,524.9,2655,2644,11,2611,44,1.69,7553,7285,268
3521,41_Saga-ken,41305,2000.0,41_Saga-ken,41201,3522_(Municipalities as of 2000) Yamato-cho,22881,10770,12111,21985,896,4.08,88.93,55.42,412.9,8567,8532,35,7663,904,11.80,22881,22175,706
3522,41_Saga-ken,41306,2000.0,41_Saga-ken,41201,3523_(Municipalities as of 2000) Fuji-cho,3529,1665,1864,3979,-450,-11.31,89.32,143.25,24.6,1177,1159,18,1262,-85,-6.74,3529,3121,408
3523,41_Saga-ken,41326,2000.0,41_Saga-ken,41201,3524_(Municipalities as of 2000) Mitsuse-mura,1182,563,619,1305,-123,-9.43,90.95,40.7,29.0,411,408,3,433,-22,-5.08,1182,1116,66
3524,41_Saga-ken,41202,,41_Saga-ken,41202,3525_Karatsu-shi,117373,55015,62358,122785,-5412,-4.41,88.22,487.6,240.7,44192,44011,181,43872,320,0.73,117373,112671,4702
3525,41_Saga-ken,41202,2000.0,41_Saga-ken,41202,3526_(Municipalities as of 2000) Karatsu-shi,74749,35061,39688,76449,-1700,-2.22,88.34,127.49,586.3,29120,29001,119,28513,607,2.13,74749,71516,3233
3526,41_Saga-ken,41381,2000.0,41_Saga-ken,41202,3527_(Municipalities as of 2000) Hamatama-cho,11140,5199,5941,10860,280,2.58,87.51,52.13,213.7,3770,3755,15,3437,333,9.69,11140,10853,287
3527,41_Saga-ken,41382,2000.0,41_Saga-ken,41202,3528_(Municipalities as of 2000) Nanayama-mura,1851,887,964,2112,-261,-12.36,92.01,62.89,29.4,572,569,3,607,-35,-5.77,1851,1824,27
3528,41_Saga-ken,41383,2000.0,41_Saga-ken,41202,3529_(Municipalities as of 2000) Kyuragi-machi,3745,1675,2070,4331,-586,-13.53,80.92,61.15,61.2,1443,1435,8,1560,-117,-7.50,3745,3471,274
3529,41_Saga-ken,41384,2000.0,41_Saga-ken,41202,3530_(Municipalities as of 2000) Ochi-cho,6948,3157,3791,7646,-698,-9.13,83.28,65.08,106.8,2507,2491,16,2593,-86,-3.32,6948,6612,336
3530,41_Saga-ken,41385,2000.0,41_Saga-ken,41202,3531_(Municipalities as of 2000) Kitahata-mura,4130,1941,2189,4363,-233,-5.34,88.67,26.58,155.4,1457,1447,10,1485,-28,-1.89,4130,3910,220
3531,41_Saga-ken,41386,2000.0,41_Saga-ken,41202,3532_(Municipalities as of 2000) Hizen-cho,5943,2883,3060,6982,-1039,-14.88,94.22,46.64,127.4,2055,2052,3,2220,-165,-7.43,5943,5866,77
3532,41_Saga-ken,41388,2000.0,41_Saga-ken,41202,3533_(Municipalities as of 2000) Chinzei-cho,4974,2408,2566,5442,-468,-8.60,93.84,37.9,131.2,1784,1779,5,1827,-43,-2.35,4974,4858,116
3533,41_Saga-ken,41389,2000.0,41_Saga-ken,41202,3534_(Municipalities as of 2000) Yobuko-cho,3893,1804,2089,4600,-707,-15.37,86.36,7.28,534.8,1484,1482,2,1630,-146,-8.96,3893,3761,132
3534,41_Saga-ken,41203,2000.0,41_Saga-ken,41203,3535_Tosu-shi,74196,35528,38668,72902,1294,1.77,91.88,71.72,1034.5,29816,29709,107,27630,2186,7.91,74196,71445,2751
3535,41_Saga-ken,41204,2000.0,41_Saga-ken,41204,3536_Taku-shi,18295,8555,9740,19749,-1454,-7.36,87.83,96.96,188.7,6773,6738,35,6847,-74,-1.08,18295,17430,865
3536,41_Saga-ken,41205,2000.0,41_Saga-ken,41205,3537_Imari-shi,52629,25445,27184,55238,-2609,-4.72,93.60,255.25,206.2,19984,19915,69,19698,286,1.45,52629,50819,1810
3537,41_Saga-ken,41206,,41_Saga-ken,41206,3538_Takeo-shi,47914,22727,25187,49062,-1148,-2.34,90.23,195.4,245.2,17624,17554,70,16932,692,4.09,47914,46217,1697
3538,41_Saga-ken,41206,2000.0,41_Saga-ken,41206,3539_(Municipalities as of 2000) Takeo-shi,32823,15613,17210,32909,-86,-0.26,90.72,127.28,257.9,12342,12293,49,11648,694,5.96,32823,31781,1042
3539,41_Saga-ken,41421,2000.0,41_Saga-ken,41206,3540_(Municipalities as of 2000) Yamauchi-cho,8214,3869,4345,8732,-518,-5.93,89.04,40.91,200.8,2685,2671,14,2686,-1,-0.04,8214,7754,460
3540,41_Saga-ken,41422,2000.0,41_Saga-ken,41206,3541_(Municipalities as of 2000) Kitagata-machi,6877,3245,3632,7421,-544,-7.33,89.34,27.25,252.4,2597,2590,7,2598,-1,-0.04,6877,6682,195
3541,41_Saga-ken,41207,2000.0,41_Saga-ken,41207,3542_Kashima-shi,27892,13140,14752,29684,-1792,-6.04,89.07,112.12,248.8,10046,10006,40,10124,-78,-0.77,27892,27298,594
3542,41_Saga-ken,41208,,41_Saga-ken,41208,3543_Ogi-shi,43952,20772,23180,44259,-307,-0.69,89.61,95.81,458.7,15907,15862,45,14769,1138,7.71,43952,43116,836
3543,41_Saga-ken,41361,2000.0,41_Saga-ken,41208,3544_(Municipalities as of 2000) Ogi-machi,15239,7090,8149,15499,-260,-1.68,87.00,45.39,335.7,5669,5651,18,5309,360,6.78,15239,14785,454
3544,41_Saga-ken,41362,2000.0,41_Saga-ken,41208,3545_(Municipalities as of 2000) Mikatsuki-cho,13985,6665,7320,13518,467,3.45,91.05,20.53,681.2,4874,4856,18,4368,506,11.58,13985,13720,265
3545,41_Saga-ken,41363,2000.0,41_Saga-ken,41208,3546_(Municipalities as of 2000) Ushizu-cho,9599,4592,5007,9812,-213,-2.17,91.71,13.26,723.9,3610,3605,5,3396,214,6.30,9599,9568,31
3546,41_Saga-ken,41364,2000.0,41_Saga-ken,41208,3547_(Municipalities as of 2000) Ashikari-cho,5129,2425,2704,5430,-301,-5.54,89.68,16.67,307.7,1754,1750,4,1696,58,3.42,5129,5043,86
3547,41_Saga-ken,41209,,41_Saga-ken,41209,3548_Ureshino-shi,25848,11995,13853,27336,-1488,-5.44,86.59,126.41,204.5,9157,9092,65,9214,-57,-0.62,25848,24193,1655
3548,41_Saga-ken,41442,2000.0,41_Saga-ken,41209,3549_(Municipalities as of 2000) Shiota-cho,9769,4623,5146,10374,-605,-5.83,89.84,46.05,212.1,3139,3118,21,3064,75,2.45,9769,9278,491
3549,41_Saga-ken,41443,2000.0,41_Saga-ken,41209,3550_(Municipalities as of 2000) Ureshino-machi,16079,7372,8707,16962,-883,-5.21,84.67,80.46,199.8,6018,5974,44,6150,-132,-2.15,16079,14915,1164
3550,41_Saga-ken,41210,,41_Saga-ken,41210,3551_Kanzaki-shi,31022,14884,16138,31842,-820,-2.58,92.23,125.13,247.9,11452,11413,39,10913,539,4.94,31022,29986,1036
3551,41_Saga-ken,41321,2000.0,41_Saga-ken,41210,3552_(Municipalities as of 2000) Kanzaki-machi,19124,9185,9939,19064,60,0.31,92.41,39.31,486.5,7274,7245,29,6802,472,6.94,19124,18407,717
3552,41_Saga-ken,41322,2000.0,41_Saga-ken,41210,3553_(Municipalities as of 2000) Chiyoda-cho,10534,5005,5529,11251,-717,-6.37,90.52,24.77,425.3,3712,3705,7,3603,109,3.03,10534,10404,130
3553,41_Saga-ken,41325,2000.0,41_Saga-ken,41210,3554_(Municipalities as of 2000) Sefuri-mura,1364,694,670,1527,-163,-10.67,103.58,60.93,22.4,466,463,3,508,-42,-8.27,1364,1175,189
3554,41_Saga-ken,41327,,41_Saga-ken,41327,3555_Yoshinogari-cho,16323,7990,8333,16411,-88,-0.54,95.88,43.99,371.1,6137,6084,53,5891,246,4.18,16323,15611,712
3555,41_Saga-ken,41323,2000.0,41_Saga-ken,41327,3556_(Municipalities as of 2000) Mitagawa-cho,10531,5124,5407,10238,293,2.86,94.77,10.85,970.6,4166,4126,40,3872,294,7.59,10531,10153,378
3556,41_Saga-ken,41324,2000.0,41_Saga-ken,41327,3557_(Municipalities as of 2000) Higashisefuri-son,5792,2866,2926,6173,-381,-6.17,97.95,33.09,175.0,1971,1958,13,2019,-48,-2.38,5792,5458,334
3557,41_Saga-ken,41341,2000.0,41_Saga-ken,41341,3558_Kiyama-cho,17250,8174,9076,17501,-251,-1.43,90.06,22.15,778.8,6756,6733,23,6321,435,6.88,17250,16759,491
3558,41_Saga-ken,41345,2000.0,41_Saga-ken,41345,3559_Kamimine-cho,9286,4455,4831,9283,3,0.03,92.22,12.8,725.5,3598,3594,4,3260,338,10.37,9286,9161,125
3559,41_Saga-ken,41346,,41_Saga-ken,41346,3560_Miyaki-cho,25511,12170,13341,25278,233,0.92,91.22,51.92,491.4,9229,9195,34,8638,591,6.84,25511,24362,1149
3560,41_Saga-ken,41342,2000.0,41_Saga-ken,41346,3561_(Municipalities as of 2000) Nakabaru-cho,8101,3924,4177,7960,141,1.77,93.94,18.9,428.6,3033,3019,14,2853,180,6.31,8101,7680,421
3561,41_Saga-ken,41343,2000.0,41_Saga-ken,41346,3562_(Municipalities as of 2000) Kitashigeyasu-cho,10798,5119,5679,10642,156,1.47,90.14,16.62,649.7,3985,3973,12,3676,309,8.41,10798,10262,536
3562,41_Saga-ken,41344,2000.0,41_Saga-ken,41346,3563_(Municipalities as of 2000) Mine-cho,6612,3127,3485,6676,-64,-0.96,89.73,16.37,403.9,2211,2203,8,2109,102,4.84,6612,6420,192
3563,41_Saga-ken,41387,2000.0,41_Saga-ken,41387,3564_Genkai-cho,5609,3067,2542,5902,-293,-4.96,120.65,35.92,156.2,2231,1926,305,1918,313,16.32,5609,5188,421
3564,41_Saga-ken,41401,,41_Saga-ken,41401,3565_Arita-cho,19010,8780,10230,20148,-1138,-5.65,85.83,65.85,288.7,6981,6957,24,6900,81,1.17,19010,18341,669
3565,41_Saga-ken,41401,2000.0,41_Saga-ken,41401,3566_(Municipalities as of 2000) Arita-cho,10802,4939,5863,11299,-497,-4.40,84.24,27.09,398.7,4244,4232,12,4211,33,0.78,10802,10520,282
3566,41_Saga-ken,41402,2000.0,41_Saga-ken,41401,3567_(Municipalities as of 2000) Nishiarita-cho,8208,3841,4367,8849,-641,-7.24,87.96,38.71,212.0,2737,2725,12,2689,48,1.79,8208,7821,387
3567,41_Saga-ken,41423,2000.0,41_Saga-ken,41423,3568_Omachi-cho,6293,2903,3390,6777,-484,-7.14,85.63,11.5,547.2,2455,2443,12,2560,-105,-4.10,6293,5939,354
3568,41_Saga-ken,41424,2000.0,41_Saga-ken,41424,3569_Kohoku-machi,9566,4460,5106,9583,-17,-0.18,87.35,24.49,390.6,3433,3421,12,3225,208,6.45,9566,9312,254
3569,41_Saga-ken,41425,,41_Saga-ken,41425,3570_Shiroishi-cho,22051,10358,11693,23941,-1890,-7.89,88.58,99.56,221.5,7247,7221,26,7253,-6,-0.08,22051,21112,939
3570,41_Saga-ken,41425,2000.0,41_Saga-ken,41425,3571_(Municipalities as of 2000) Shiroishi-cho,10559,4934,5625,11304,-745,-6.59,87.72,46.15,228.8,3532,3520,12,3493,39,1.12,10559,10051,508
3571,41_Saga-ken,41426,2000.0,41_Saga-ken,41425,3572_(Municipalities as of 2000) Fukudomi-machi,4386,2097,2289,4847,-461,-9.51,91.61,20.55,213.4,1411,1405,6,1464,-53,-3.62,4386,4246,140
3572,41_Saga-ken,41427,2000.0,41_Saga-ken,41425,3573_(Municipalities as of 2000) Arita-machi,7106,3327,3779,7790,-684,-8.78,88.04,32.76,216.9,2304,2296,8,2296,8,0.35,7106,6815,291
3573,41_Saga-ken,41441,2000.0,41_Saga-ken,41441,3574_Tara-cho,8121,3842,4279,8779,-658,-7.50,89.79,74.3,109.3,2788,2777,11,2838,-50,-1.76,8121,7828,293
3574,42_Nagasaki-ken,42000,2000.0,42_Nagasaki-ken,42000,3575_Nagasaki-ken,1312317,616912,695405,1377187,-64870,-4.71,88.71,4130.98,317.7,558230,556130,2100,560720,-2490,-0.44,1312317,1259784,52533
3575,42_Nagasaki-ken,42201,,42_Nagasaki-ken,42201,3576_Nagasaki-shi,409118,188519,220599,429508,-20390,-4.75,85.46,405.86,1008.0,187423,186988,435,189419,-1996,-1.05,409118,395805,13313
3576,42_Nagasaki-ken,42201,2000.0,42_Nagasaki-ken,42201,3577_(Municipalities as of 2000) Nagasaki-shi,375586,173030,202556,393154,-17568,-4.47,85.42,241.2,1557.2,173199,172824,375,174821,-1622,-0.93,375586,364333,11253
3577,42_Nagasaki-ken,42301,2000.0,42_Nagasaki-ken,42201,3578_(Municipalities as of 2000) Kouyagi-cho,3201,1477,1724,3601,-400,-11.11,85.67,4.49,712.9,1438,1436,2,1541,-103,-6.68,3201,3154,47
3578,42_Nagasaki-ken,42302,2000.0,42_Nagasaki-ken,42201,3579_(Municipalities as of 2000) Ioujima-cho,617,275,342,689,-72,-10.45,80.41,2.25,274.2,350,349,1,399,-49,-12.28,617,600,17
3579,42_Nagasaki-ken,42303,2000.0,42_Nagasaki-ken,42201,3580_(Municipalities as of 2000) Takashima-cho,324,153,171,382,-58,-15.18,89.47,1.27,255.1,205,204,1,245,-40,-16.33,324,315,9
3580,42_Nagasaki-ken,42304,2000.0,42_Nagasaki-ken,42201,3581_(Municipalities as of 2000) Nomozaki-cho,4578,2103,2475,5249,-671,-12.78,84.97,20.91,218.9,2246,2244,2,2415,-169,-7.00,4578,4492,86
3581,42_Nagasaki-ken,42305,2000.0,42_Nagasaki-ken,42201,3582_(Municipalities as of 2000) Sanwa-cho,9906,4576,5330,10562,-656,-6.21,85.85,21.74,455.7,3785,3759,26,3883,-98,-2.52,9906,8731,1175
3582,42_Nagasaki-ken,42309,2000.0,42_Nagasaki-ken,42201,3583_(Municipalities as of 2000) Kinkai-cho,11488,5444,6044,11919,-431,-3.62,90.07,67.62,169.9,4685,4673,12,4452,233,5.23,11488,11221,267
3583,42_Nagasaki-ken,42315,2000.0,42_Nagasaki-ken,42201,3584_(Municipalities as of 2000) Sotome-cho,3418,1461,1957,3952,-534,-13.51,74.66,46.73,73.1,1515,1499,16,1663,-148,-8.90,3418,2959,459
3584,42_Nagasaki-ken,42202,,42_Nagasaki-ken,42202,3585_Sasebo-shi,243223,115131,128092,255439,-12216,-4.78,89.88,426.01,570.9,104053,103624,429,105011,-958,-0.91,243223,230310,12913
3585,42_Nagasaki-ken,42202,2000.0,42_Nagasaki-ken,42202,3586_(Municipalities as of 2000) Sasebo-shi,218147,103423,114724,228258,-10111,-4.43,90.15,248.32,878.5,94032,93674,358,94717,-685,-0.72,218147,206519,11628
3586,42_Nagasaki-ken,42384,2000.0,42_Nagasaki-ken,42202,3587_(Municipalities as of 2000) Uku-machi,1888,869,1019,2187,-299,-13.67,85.28,26.38,71.6,1070,1066,4,1190,-120,-10.08,1888,1834,54
3587,42_Nagasaki-ken,42388,2000.0,42_Nagasaki-ken,42202,3588_(Municipalities as of 2000) Emukae-cho,5004,2285,2719,5425,-421,-7.76,84.04,32.07,156.0,1984,1964,20,2018,-34,-1.68,5004,4722,282
3588,42_Nagasaki-ken,42389,2000.0,42_Nagasaki-ken,42202,3589_(Municipalities as of 2000) Shikamachi-cho,4290,2081,2209,4553,-263,-5.78,94.21,30.22,142.0,1646,1636,10,1688,-42,-2.49,4290,3967,323
3589,42_Nagasaki-ken,42390,2000.0,42_Nagasaki-ken,42202,3590_(Municipalities as of 2000) Kosaza-cho,5793,2765,3028,6155,-362,-5.88,91.31,29.92,193.6,2203,2198,5,2218,-15,-0.68,5793,5697,96
3590,42_Nagasaki-ken,42392,2000.0,42_Nagasaki-ken,42202,3591_(Municipalities as of 2000) Yoshii-cho,5057,2310,2747,5421,-364,-6.71,84.09,27.09,186.7,1950,1932,18,1955,-5,-0.26,5057,4825,232
3591,42_Nagasaki-ken,42393,2000.0,42_Nagasaki-ken,42202,3592_(Municipalities as of 2000) Sechibaru-cho,3044,1398,1646,3440,-396,-11.51,84.93,32.02,95.1,1168,1154,14,1225,-57,-4.65,3044,2746,298
3592,42_Nagasaki-ken,42203,,42_Nagasaki-ken,42203,3593_Shimabara-shi,43338,20157,23181,45436,-2098,-4.62,86.95,82.96,522.4,17095,16966,129,17068,27,0.16,43338,41036,2302
3593,42_Nagasaki-ken,42203,2000.0,42_Nagasaki-ken,42203,3594_(Municipalities as of 2000) Shimabara-shi,33578,15471,18107,34966,-1388,-3.97,85.44,59.23,566.9,13769,13678,91,13722,47,0.34,33578,31725,1853
3594,42_Nagasaki-ken,42361,2000.0,42_Nagasaki-ken,42203,3595_(Municipalities as of 2000) Ariake-cho,9760,4686,5074,10470,-710,-6.78,92.35,23.48,415.7,3326,3288,38,3346,-20,-0.60,9760,9311,449
3595,42_Nagasaki-ken,42204,,42_Nagasaki-ken,42204,3596_Isahaya-shi,133852,63544,70308,138078,-4226,-3.06,90.38,341.79,391.6,53235,53050,185,51897,1338,2.58,133852,128362,5490
3596,42_Nagasaki-ken,42204,2000.0,42_Nagasaki-ken,42204,3597_(Municipalities as of 2000) Isahaya-shi,91942,43883,48059,94011,-2069,-2.20,91.31,145.48,632.0,37406,37285,121,36374,1032,2.84,91942,88118,3824
3597,42_Nagasaki-ken,42306,2000.0,42_Nagasaki-ken,42204,3598_(Municipalities as of 2000) Tarami-cho,15835,7493,8342,16207,-372,-2.30,89.82,37.69,420.1,6286,6270,16,6006,280,4.66,15835,15387,448
3598,42_Nagasaki-ken,42341,2000.0,42_Nagasaki-ken,42204,3599_(Municipalities as of 2000) Moriyama-cho,5094,2344,2750,5419,-325,-6.00,85.24,23.26,219.0,1799,1792,7,1790,9,0.50,5094,4836,258
3599,42_Nagasaki-ken,42342,2000.0,42_Nagasaki-ken,42204,3600_(Municipalities as of 2000) Iimori-cho,6766,3227,3539,7116,-350,-4.92,91.18,24.83,272.5,2521,2515,6,2486,35,1.41,6766,6690,76
3600,42_Nagasaki-ken,42343,2000.0,42_Nagasaki-ken,42204,3601_(Municipalities as of 2000) Takaki-cho,9336,4455,4881,9863,-527,-5.34,91.27,49.76,187.6,3425,3408,17,3406,19,0.56,9336,9022,314
3601,42_Nagasaki-ken,42344,2000.0,42_Nagasaki-ken,42204,3602_(Municipalities as of 2000) Konagai-cho,4879,2142,2737,5462,-583,-10.67,78.26,30.93,157.7,1798,1780,18,1835,-37,-2.02,4879,4309,570
3602,42_Nagasaki-ken,42205,2000.0,42_Nagasaki-ken,42205,3603_Omura-shi,95397,45448,49949,92757,2640,2.85,90.99,126.73,752.8,39002,38846,156,36070,2932,8.13,95397,91871,3526
3603,42_Nagasaki-ken,42207,,42_Nagasaki-ken,42207,3604_Hirado-shi,29365,13771,15594,31920,-2555,-8.00,88.31,235.12,124.9,12009,11962,47,12421,-412,-3.32,29365,28159,1206
3604,42_Nagasaki-ken,42207,2000.0,42_Nagasaki-ken,42207,3605_(Municipalities as of 2000) Hirado-shi,16881,7839,9042,18421,-1540,-8.36,86.70,168.73,100.0,6903,6883,20,7173,-270,-3.76,16881,16312,569
3605,42_Nagasaki-ken,42381,2000.0,42_Nagasaki-ken,42207,3606_(Municipalities as of 2000) Oshima-mura,933,454,479,1077,-144,-13.37,94.78,15.5,60.2,428,425,3,496,-68,-13.71,933,908,25
3606,42_Nagasaki-ken,42382,2000.0,42_Nagasaki-ken,42207,3607_(Municipalities as of 2000) Ikitsuki-cho,4852,2299,2553,5458,-606,-11.10,90.05,16.57,292.8,2114,2107,7,2179,-65,-2.98,4852,4763,89
3607,42_Nagasaki-ken,42385,2000.0,42_Nagasaki-ken,42207,3608_(Municipalities as of 2000) Tabira-cho,6699,3179,3520,6964,-265,-3.81,90.31,34.61,193.6,2564,2547,17,2573,-9,-0.35,6699,6176,523
3608,42_Nagasaki-ken,42208,,42_Nagasaki-ken,42208,3609_Matsuura-shi,21271,10278,10993,23309,-2038,-8.74,93.50,130.55,162.9,8789,8762,27,8994,-205,-2.28,21271,20674,597
3609,42_Nagasaki-ken,42208,2000.0,42_Nagasaki-ken,42208,3610_(Municipalities as of 2000) Matsuura-shi,17191,8315,8876,18637,-1446,-7.76,93.68,95.73,179.6,7140,7119,21,7221,-81,-1.12,17191,16723,468
3610,42_Nagasaki-ken,42386,2000.0,42_Nagasaki-ken,42208,3611_(Municipalities as of 2000) Fukushima-cho,2379,1146,1233,2635,-256,-9.72,92.94,17.22,138.2,889,884,5,917,-28,-3.05,2379,2266,113
3611,42_Nagasaki-ken,42387,2000.0,42_Nagasaki-ken,42208,3612_(Municipalities as of 2000) Takashima-cho,1701,817,884,2037,-336,-16.49,92.42,17.08,99.6,760,759,1,856,-96,-11.21,1701,1685,16
3612,42_Nagasaki-ken,42209,,42_Nagasaki-ken,42209,3613_Tsushima-shi,28502,14060,14442,31457,-2955,-9.39,97.35,707.42,40.3,12681,12642,39,13393,-712,-5.32,28502,27359,1143
3613,42_Nagasaki-ken,42441,2000.0,42_Nagasaki-ken,42209,3614_(Municipalities as of 2000) Izuhara-machi,10349,5173,5176,11609,-1260,-10.85,99.94,175.59,58.9,4908,4891,17,5274,-366,-6.94,10349,9840,509
3614,42_Nagasaki-ken,42442,2000.0,42_Nagasaki-ken,42209,3615_(Municipalities as of 2000) Mitsushima-cho,7024,3396,3628,7528,-504,-6.70,93.61,119.98,58.5,2782,2772,10,2832,-50,-1.77,7024,6790,234
3615,42_Nagasaki-ken,42443,2000.0,42_Nagasaki-ken,42209,3616_(Municipalities as of 2000) Toyotama-cho,3043,1486,1557,3384,-341,-10.08,95.44,75.21,40.5,1331,1329,2,1403,-72,-5.13,3043,2945,98
3616,42_Nagasaki-ken,42444,2000.0,42_Nagasaki-ken,42209,3617_(Municipalities as of 2000) Mine-cho,1828,874,954,2013,-185,-9.19,91.61,72.41,25.2,805,803,2,846,-41,-4.85,1828,1771,57
3617,42_Nagasaki-ken,42445,2000.0,42_Nagasaki-ken,42209,3618_(Municipalities as of 2000) Kamiagata-cho,2779,1386,1393,3102,-323,-10.41,99.50,157.71,17.6,1291,1289,2,1381,-90,-6.52,2779,2721,58
3618,42_Nagasaki-ken,42446,2000.0,42_Nagasaki-ken,42209,3619_(Municipalities as of 2000) Kamitsushima-cho,3479,1745,1734,3821,-342,-8.95,100.63,107.57,32.3,1564,1558,6,1657,-93,-5.61,3479,3292,187
3619,42_Nagasaki-ken,42210,,42_Nagasaki-ken,42210,3620_Iki-shi,24948,11837,13111,27103,-2155,-7.95,90.28,139.42,178.9,9726,9706,20,10002,-276,-2.76,24948,24249,699
3620,42_Nagasaki-ken,42421,2000.0,42_Nagasaki-ken,42210,3621_(Municipalities as of 2000) Gounoura-cho,9367,4437,4930,10197,-830,-8.14,90.00,47.31,198.0,3861,3850,11,3946,-85,-2.15,9367,9084,283
3621,42_Nagasaki-ken,42422,2000.0,42_Nagasaki-ken,42210,3622_(Municipalities as of 2000) Katsumoto-cho,5021,2348,2673,5542,-521,-9.40,87.84,29.51,170.1,1865,1860,5,1949,-84,-4.31,5021,4706,315
3622,42_Nagasaki-ken,42423,2000.0,42_Nagasaki-ken,42210,3623_(Municipalities as of 2000) Ashibe-cho,6643,3167,3476,7231,-588,-8.13,91.11,45.11,147.3,2583,2580,3,2675,-92,-3.44,6643,6550,93
3623,42_Nagasaki-ken,42424,2000.0,42_Nagasaki-ken,42210,3624_(Municipalities as of 2000) Ishida-cho,3917,1885,2032,4133,-216,-5.23,92.77,16.51,237.3,1417,1416,1,1432,-15,-1.05,3917,3909,8
3624,42_Nagasaki-ken,42211,,42_Nagasaki-ken,42211,3625_Goto-shi,34391,16141,18250,37327,-2936,-7.87,88.44,420.12,81.9,16526,16387,139,17425,-899,-5.16,34391,32760,1631
3625,42_Nagasaki-ken,42206,2000.0,42_Nagasaki-ken,42211,3626_(Municipalities as of 2000) Fukue-shi,21885,10177,11708,23264,-1379,-5.93,86.92,158.14,138.4,10267,10168,99,10597,-330,-3.11,21885,20775,1110
3626,42_Nagasaki-ken,42401,2000.0,42_Nagasaki-ken,42211,3627_(Municipalities as of 2000) Tomie-cho,4165,1976,2189,4550,-385,-8.46,90.27,49.45,84.2,2069,2061,8,2188,-119,-5.44,4165,4059,106
3627,42_Nagasaki-ken,42402,2000.0,42_Nagasaki-ken,42211,3628_(Municipalities as of 2000) Tamanoura-cho,1175,574,601,1355,-180,-13.28,95.51,68.37,17.2,603,601,2,689,-86,-12.48,1175,1087,88
3628,42_Nagasaki-ken,42403,2000.0,42_Nagasaki-ken,42211,3629_(Municipalities as of 2000) Miiraku-cho,2269,1116,1153,2597,-328,-12.63,96.79,33.8,67.1,1123,1109,14,1234,-111,-9.00,2269,2162,107
3629,42_Nagasaki-ken,42404,2000.0,42_Nagasaki-ken,42211,3630_(Municipalities as of 2000) Kishiku-cho,2947,1367,1580,3292,-345,-10.48,86.52,85.27,34.6,1373,1362,11,1479,-106,-7.17,2947,2781,166
3630,42_Nagasaki-ken,42405,2000.0,42_Nagasaki-ken,42211,3631_(Municipalities as of 2000) Naru-cho,1950,931,1019,2269,-319,-14.06,91.36,25.26,77.2,1091,1086,5,1238,-147,-11.87,1950,1896,54
3631,42_Nagasaki-ken,42212,,42_Nagasaki-ken,42212,3632_Saikai-shi,26275,13120,13155,28691,-2416,-8.42,99.73,241.6,108.8,11180,11131,49,11494,-314,-2.73,26275,25116,1159
3632,42_Nagasaki-ken,42310,2000.0,42_Nagasaki-ken,42212,3633_(Municipalities as of 2000) Seihi-cho,8163,3873,4290,8570,-407,-4.75,90.28,68.49,119.2,2836,2814,22,2847,-11,-0.39,8163,7577,586
3633,42_Nagasaki-ken,42311,2000.0,42_Nagasaki-ken,42212,3634_(Municipalities as of 2000) Saikai-cho,6611,3153,3458,7261,-650,-8.95,91.18,67.23,98.3,2499,2488,11,2578,-79,-3.06,6611,6426,185
3634,42_Nagasaki-ken,42312,2000.0,42_Nagasaki-ken,42212,3635_(Municipalities as of 2000) Oshima-cho,4956,2779,2177,5388,-432,-8.02,127.65,13.31,372.4,2817,2813,4,2854,-37,-1.30,4956,4877,79
3635,42_Nagasaki-ken,42313,2000.0,42_Nagasaki-ken,42212,3636_(Municipalities as of 2000) Sakito-cho,1220,618,602,1449,-229,-15.80,102.66,14.11,86.5,647,643,4,737,-90,-12.21,1220,1134,86
3636,42_Nagasaki-ken,42314,2000.0,42_Nagasaki-ken,42212,3637_(Municipalities as of 2000) Oseto-cho,5325,2697,2628,6023,-698,-11.59,102.63,78.7,67.7,2381,2373,8,2478,-97,-3.91,5325,5102,223
3637,42_Nagasaki-ken,42213,,42_Nagasaki-ken,42213,3638_Unzen-shi,41096,19378,21718,44115,-3019,-6.84,89.23,214.31,191.8,15141,15008,133,15376,-235,-1.53,41096,39329,1767
3638,42_Nagasaki-ken,42362,2000.0,42_Nagasaki-ken,42213,3639_(Municipalities as of 2000) Kunimi-cho,9294,4404,4890,9902,-608,-6.14,90.06,38.2,243.3,3220,3206,14,3239,-19,-0.59,9294,9060,234
3639,42_Nagasaki-ken,42363,2000.0,42_Nagasaki-ken,42213,3640_(Municipalities as of 2000) Mizuho-cho,4709,2220,2489,5124,-415,-8.10,89.19,26.26,179.3,1623,1568,55,1658,-35,-2.11,4709,4268,441
3640,42_Nagasaki-ken,42364,2000.0,42_Nagasaki-ken,42213,3641_(Municipalities as of 2000) Azuma-cho,6107,2896,3211,6474,-367,-5.67,90.19,32.55,187.6,2243,2226,17,2194,49,2.23,6107,5922,185
3641,42_Nagasaki-ken,42365,2000.0,42_Nagasaki-ken,42213,3642_(Municipalities as of 2000) Aino-machi,5901,2815,3086,5673,228,4.02,91.22,11.72,503.5,2131,2118,13,1920,211,10.99,5901,5556,345
3642,42_Nagasaki-ken,42366,2000.0,42_Nagasaki-ken,42213,3643_(Municipalities as of 2000) Chijiwa-cho,4235,1973,2262,4614,-379,-8.21,87.22,32.43,130.6,1614,1610,4,1635,-21,-1.28,4235,4175,60
3643,42_Nagasaki-ken,42367,2000.0,42_Nagasaki-ken,42213,3644_(Municipalities as of 2000) Obama-cho,7398,3387,4011,8572,-1174,-13.70,84.44,50.84,145.5,3135,3119,16,3528,-393,-11.14,7398,7062,336
3644,42_Nagasaki-ken,42368,2000.0,42_Nagasaki-ken,42213,3645_(Municipalities as of 2000) Minamikushiyama-cho,3452,1683,1769,3756,-304,-8.09,95.14,14.84,232.6,1175,1161,14,1202,-27,-2.25,3452,3286,166
3645,42_Nagasaki-ken,42214,,42_Nagasaki-ken,42214,3646_Minamishimabara-shi,42330,19598,22732,46535,-4205,-9.04,86.21,170.13,248.8,16060,15922,138,16664,-604,-3.62,42330,40380,1950
3646,42_Nagasaki-ken,42369,2000.0,42_Nagasaki-ken,42214,3647_(Municipalities as of 2000) Kazusa-machi,5776,2673,3103,6433,-657,-10.21,86.14,24.37,237.0,2358,2326,32,2494,-136,-5.45,5776,5344,432
3647,42_Nagasaki-ken,42370,2000.0,42_Nagasaki-ken,42214,3648_(Municipalities as of 2000) Kuchinotsu-cho,4840,2248,2592,5367,-527,-9.82,86.73,9.96,485.9,2119,2107,12,2201,-82,-3.73,4840,4582,258
3648,42_Nagasaki-ken,42371,2000.0,42_Nagasaki-ken,42214,3649_(Municipalities as of 2000) Minamiarima-cho,4535,2044,2491,5045,-510,-10.11,82.06,23.24,195.1,1795,1786,9,1874,-79,-4.22,4535,4315,220
3649,42_Nagasaki-ken,42372,2000.0,42_Nagasaki-ken,42214,3650_(Municipalities as of 2000) Kitaarima-cho,2971,1391,1580,3379,-408,-12.07,88.04,26.13,113.7,1092,1089,3,1149,-57,-4.96,2971,2897,74
3650,42_Nagasaki-ken,42373,2000.0,42_Nagasaki-ken,42214,3651_(Municipalities as of 2000) Nishiarie-cho,6338,2962,3376,6980,-642,-9.20,87.74,28.8,220.1,2322,2313,9,2425,-103,-4.25,6338,6177,161
3651,42_Nagasaki-ken,42374,2000.0,42_Nagasaki-ken,42214,3652_(Municipalities as of 2000) Arie-cho,6964,3213,3751,7688,-724,-9.42,85.66,23.34,298.4,2525,2506,19,2634,-109,-4.14,6964,6710,254
3652,42_Nagasaki-ken,42375,2000.0,42_Nagasaki-ken,42214,3653_(Municipalities as of 2000) Futsu-cho,3903,1811,2092,4187,-284,-6.78,86.57,10.51,371.4,1345,1335,10,1377,-32,-2.32,3903,3689,214
3653,42_Nagasaki-ken,42376,2000.0,42_Nagasaki-ken,42214,3654_(Municipalities as of 2000) Fukae-cho,7003,3256,3747,7456,-453,-6.08,86.90,23.44,298.8,2504,2460,44,2510,-6,-0.24,7003,6666,337
3654,42_Nagasaki-ken,42307,2000.0,42_Nagasaki-ken,42307,3655_Nagayo-cho,40780,19196,21584,42548,-1768,-4.16,88.94,28.73,1419.4,16011,15981,30,16237,-226,-1.39,40780,39927,853
3655,42_Nagasaki-ken,42308,2000.0,42_Nagasaki-ken,42308,3656_Togitsu-cho,29339,14116,15223,29804,-465,-1.56,92.73,20.94,1401.1,11435,11407,28,11137,298,2.68,29339,27913,1426
3656,42_Nagasaki-ken,42321,2000.0,42_Nagasaki-ken,42321,3657_Higashisonogi-cho,7721,3686,4035,8298,-577,-6.95,91.35,74.29,103.9,2705,2687,18,2744,-39,-1.42,7721,7197,524
3657,42_Nagasaki-ken,42322,2000.0,42_Nagasaki-ken,42322,3658_Kawatana-cho,13377,6300,7077,14067,-690,-4.91,89.02,37.25,359.1,5195,5177,18,5103,92,1.80,13377,12916,461
3658,42_Nagasaki-ken,42323,2000.0,42_Nagasaki-ken,42323,3659_Hasami-cho,14291,6753,7538,14891,-600,-4.03,89.59,56.0,255.2,5005,4988,17,4957,48,0.97,14291,13903,388
3659,42_Nagasaki-ken,42383,2000.0,42_Nagasaki-ken,42383,3660_Ojika-cho,2288,1054,1234,2560,-272,-10.63,85.41,25.5,89.7,1126,1123,3,1210,-84,-6.94,2288,2212,76
3660,42_Nagasaki-ken,42391,2000.0,42_Nagasaki-ken,42391,3661_Saza-cho,13912,6591,7321,13626,286,2.10,90.03,32.26,431.2,5436,5405,31,5102,334,6.55,13912,13481,431
3661,42_Nagasaki-ken,42411,,42_Nagasaki-ken,42411,3662_Shinkamigoto-cho,17503,8234,9269,19718,-2215,-11.23,88.83,213.99,81.8,8397,8368,29,8996,-599,-6.66,17503,16825,678
3662,42_Nagasaki-ken,42406,2000.0,42_Nagasaki-ken,42411,3663_(Municipalities as of 2000) Wakamatsu-cho,2453,1224,1229,2810,-357,-12.70,99.59,60.22,40.7,1223,1220,3,1348,-125,-9.27,2453,2405,48
3663,42_Nagasaki-ken,42407,2000.0,42_Nagasaki-ken,42411,3664_(Municipalities as of 2000) Kamigoto-cho,5069,2343,2726,5641,-572,-10.14,85.95,55.73,91.0,2403,2397,6,2488,-85,-3.42,5069,4946,123
3664,42_Nagasaki-ken,42408,2000.0,42_Nagasaki-ken,42411,3665_(Municipalities as of 2000) Shinuonome-cho,3195,1505,1690,3667,-472,-12.87,89.05,25.31,126.2,1512,1503,9,1647,-135,-8.20,3195,3009,186
3665,42_Nagasaki-ken,42409,2000.0,42_Nagasaki-ken,42411,3666_(Municipalities as of 2000) Arikawa-cho,5037,2321,2716,5550,-513,-9.24,85.46,56.99,88.4,2356,2351,5,2474,-118,-4.77,5037,4861,176
3666,42_Nagasaki-ken,42410,2000.0,42_Nagasaki-ken,42411,3667_(Municipalities as of 2000) Narao-cho,1749,841,908,2050,-301,-14.68,92.62,15.36,113.9,903,897,6,1039,-136,-13.09,1749,1604,145
3667,43_Kumamoto-ken,43000,2000.0,43_Kumamoto-ken,43000,3668_Kumamoto-ken,1738301,822481,915820,1786170,-47869,-2.68,89.81,7409.46,234.6,719154,716740,2414,704730,14424,2.05,1738301,1678793,59508
3668,43_Kumamoto-ken,43201,,43_Kumamoto-ken,43100,3669_Kumamoto-shi,738865,349115,389750,740822,-1957,-0.26,89.57,390.32,1893.0,326920,326140,780,315456,11464,3.63,738865,717982,20883
3669,43_Kumamoto-ken,43201,2000.0,43_Kumamoto-ken,43100,3670_(Municipalities as of 2000) Kumamoto-shi,679143,320705,358438,680340,-1197,-0.18,89.47,266.77,2545.8,305228,304542,686,294593,10635,3.61,679143,660494,18649
3670,43_Kumamoto-ken,43341,2000.0,43_Kumamoto-ken,43100,3671_(Municipalities as of 2000) Jonan-machi,21693,10326,11367,21510,183,0.85,90.84,36.88,588.2,7870,7831,39,7413,457,6.16,21693,20624,1069
3671,43_Kumamoto-ken,43342,2000.0,43_Kumamoto-ken,43100,3672_(Municipalities as of 2000) Tomiai-machi,10106,4792,5314,9794,312,3.19,90.18,19.59,515.9,3355,3326,29,3206,149,4.65,10106,9624,482
3672,43_Kumamoto-ken,43385,2000.0,43_Kumamoto-ken,43100,3673_(Municipalities as of 2000) Ueki-machi,27923,13292,14631,29178,-1255,-4.30,90.85,65.81,424.3,10467,10441,26,10244,223,2.18,27923,27240,683
3673,43_Kumamoto-ken,43101,,43_Kumamoto-ken,43101,3674_Kumamoto-shi Chuo-ku,187502,88508,98994,186300,1202,0.65,89.41,25.45,7367.5,99897,99723,174,95754,4143,4.33,187502,182585,4917
3674,43_Kumamoto-ken,43102,,43_Kumamoto-ken,43102,3675_Kumamoto-shi Higashi-ku,189524,89763,99761,190451,-927,-0.49,89.98,50.19,3776.1,80454,80268,186,78406,2048,2.61,189524,184705,4819
3675,43_Kumamoto-ken,43103,,43_Kumamoto-ken,43103,3676_Kumamoto-shi Nishi-ku,91177,42796,48381,93171,-1994,-2.14,88.46,89.33,1020.7,39781,39675,106,38944,837,2.15,91177,88436,2741
3676,43_Kumamoto-ken,43104,,43_Kumamoto-ken,43104,3677_Kumamoto-shi Minami-ku,130829,61632,69197,127769,3060,2.39,89.07,110.01,1189.2,49967,49813,154,47144,2823,5.99,130829,126664,4165
3677,43_Kumamoto-ken,43105,,43_Kumamoto-ken,43105,3678_Kumamoto-shi Kita-ku,139833,66416,73417,143131,-3298,-2.30,90.46,115.34,1212.4,56821,56661,160,55208,1613,2.92,139833,135592,4241
3678,43_Kumamoto-ken,43202,,43_Kumamoto-ken,43202,3679_Yatsushiro-shi,123067,57298,65769,127472,-4405,-3.46,87.12,681.36,180.6,49204,48996,208,47972,1232,2.57,123067,117827,5240
3679,43_Kumamoto-ken,43202,2000.0,43_Kumamoto-ken,43202,3680_(Municipalities as of 2000) Yatsushiro-shi,96597,44897,51700,98326,-1729,-1.76,86.84,146.71,658.4,39293,39123,170,37849,1444,3.82,96597,92019,4578
3680,43_Kumamoto-ken,43461,2000.0,43_Kumamoto-ken,43202,3681_(Municipalities as of 2000) Sakamoto-mura,2307,1070,1237,3671,-1364,-37.16,86.50,162.82,14.2,1041,1038,3,1505,-464,-30.83,2307,2245,62
3681,43_Kumamoto-ken,43462,2000.0,43_Kumamoto-ken,43202,3682_(Municipalities as of 2000) Sencho-machi,7157,3349,3808,6927,230,3.32,87.95,11.18,640.2,2447,2432,15,2198,249,11.33,7157,6911,246
3682,43_Kumamoto-ken,43463,2000.0,43_Kumamoto-ken,43202,3683_(Municipalities as of 2000) Kagami-machi,13591,6331,7260,14509,-918,-6.33,87.20,28.24,481.3,5051,5038,13,4946,105,2.12,13591,13309,282
3683,43_Kumamoto-ken,43466,2000.0,43_Kumamoto-ken,43202,3684_(Municipalities as of 2000) Toyo-mura,1864,887,977,2162,-298,-13.78,90.79,64.56,28.9,708,703,5,741,-33,-4.45,1864,1800,64
3684,43_Kumamoto-ken,43467,2000.0,43_Kumamoto-ken,43202,3685_(Municipalities as of 2000) Izumi-mura,1551,764,787,1877,-326,-17.37,97.08,266.59,5.8,664,662,2,733,-69,-9.41,1551,1543,8
3685,43_Kumamoto-ken,43203,2000.0,43_Kumamoto-ken,43203,3686_Hitoyoshi-shi,31108,14363,16745,33880,-2772,-8.18,85.77,210.55,147.7,13288,13236,52,13849,-561,-4.05,31108,29481,1627
3686,43_Kumamoto-ken,43204,2000.0,43_Kumamoto-ken,43204,3687_Arao-shi,50832,23900,26932,53407,-2575,-4.82,88.74,57.37,886.0,20783,20712,71,20910,-127,-0.61,50832,48813,2019
3687,43_Kumamoto-ken,43205,2000.0,43_Kumamoto-ken,43205,3688_Minamata-shi,23557,10913,12644,25411,-1854,-7.30,86.31,163.29,144.3,10123,10083,40,10639,-516,-4.85,23557,22180,1377
3688,43_Kumamoto-ken,43206,,43_Kumamoto-ken,43206,3689_Tamana-shi,64292,30410,33882,66782,-2490,-3.73,89.75,152.6,421.3,25278,25197,81,24474,804,3.29,64292,62118,2174
3689,43_Kumamoto-ken,43206,2000.0,43_Kumamoto-ken,43206,3690_(Municipalities as of 2000) Tamana-shi,40727,19026,21701,42145,-1418,-3.36,87.67,91.29,446.1,16571,16527,44,16124,447,2.77,40727,39275,1452
3690,43_Kumamoto-ken,43361,2000.0,43_Kumamoto-ken,43206,3691_(Municipalities as of 2000) Taimei-machi,13163,6314,6849,13557,-394,-2.91,92.19,22.81,577.1,5046,5028,18,4888,158,3.23,13163,12814,349
3691,43_Kumamoto-ken,43362,2000.0,43_Kumamoto-ken,43206,3692_(Municipalities as of 2000) Yokoshima-machi,4822,2424,2398,5021,-199,-3.96,101.08,16.95,284.5,1736,1733,3,1579,157,9.94,4822,4689,133
3692,43_Kumamoto-ken,43363,2000.0,43_Kumamoto-ken,43206,3693_(Municipalities as of 2000) Tensui-machi,5580,2646,2934,6059,-479,-7.91,90.18,21.48,259.8,1925,1909,16,1883,42,2.23,5580,5340,240
3693,43_Kumamoto-ken,43208,,43_Kumamoto-ken,43208,3694_Yamaga-shi,49025,23000,26025,52264,-3239,-6.20,88.38,299.69,163.6,19085,19013,72,19145,-60,-0.31,49025,47402,1623
3694,43_Kumamoto-ken,43208,2000.0,43_Kumamoto-ken,43208,3695_(Municipalities as of 2000) Yamaga-shi,28650,13448,15202,30020,-1370,-4.56,88.46,87.02,329.2,11640,11601,39,11581,59,0.51,28650,27661,989
3695,43_Kumamoto-ken,43381,2000.0,43_Kumamoto-ken,43208,3696_(Municipalities as of 2000) Kahoku-machi,3387,1628,1759,3950,-563,-14.25,92.55,86.17,39.3,1251,1249,2,1335,-84,-6.29,3387,3328,59
3696,43_Kumamoto-ken,43382,2000.0,43_Kumamoto-ken,43208,3697_(Municipalities as of 2000) Kikuka-machi,5303,2429,2874,6003,-700,-11.66,84.52,77.38,68.5,1922,1915,7,1994,-72,-3.61,5303,5176,127
3697,43_Kumamoto-ken,43383,2000.0,43_Kumamoto-ken,43208,3698_(Municipalities as of 2000) Kamoto-machi,7695,3605,4090,7866,-171,-2.17,88.14,17.63,436.5,2875,2861,14,2799,76,2.72,7695,7373,322
3698,43_Kumamoto-ken,43384,2000.0,43_Kumamoto-ken,43208,3699_(Municipalities as of 2000) Kao-machi,3990,1890,2100,4425,-435,-9.83,90.00,31.47,126.8,1397,1387,10,1436,-39,-2.72,3990,3864,126
3699,43_Kumamoto-ken,43210,,43_Kumamoto-ken,43210,3700_Kikuchi-shi,46416,22076,24340,48167,-1751,-3.64,90.70,276.85,167.7,17593,17510,83,16949,644,3.80,46416,44832,1584
3700,43_Kumamoto-ken,43210,2000.0,43_Kumamoto-ken,43210,3701_(Municipalities as of 2000) Kikuchi-shi,23045,10852,12193,23911,-866,-3.62,89.00,182.6,126.2,9111,9065,46,8776,335,3.82,23045,22234,811
3701,43_Kumamoto-ken,43401,2000.0,43_Kumamoto-ken,43210,3702_(Municipalities as of 2000) Shichijo-machi,4907,2332,2575,5172,-265,-5.12,90.56,20.5,239.4,1698,1685,13,1643,55,3.35,4907,4733,174
3702,43_Kumamoto-ken,43402,2000.0,43_Kumamoto-ken,43210,3703_(Municipalities as of 2000) Kyokushi-mura,4092,2001,2091,4562,-470,-10.30,95.70,46.59,87.8,1362,1359,3,1393,-31,-2.23,4092,4019,73
3703,43_Kumamoto-ken,43406,2000.0,43_Kumamoto-ken,43210,3704_(Municipalities as of 2000) Shisui-machi,14372,6891,7481,14522,-150,-1.03,92.11,26.97,532.9,5422,5401,21,5137,285,5.55,14372,13846,526
3704,43_Kumamoto-ken,43211,2000.0,43_Kumamoto-ken,43211,3705_Uto-shi,36122,17272,18850,37026,-904,-2.44,91.63,74.3,486.2,13499,13453,46,13285,214,1.61,36122,35001,1121
3705,43_Kumamoto-ken,43212,,43_Kumamoto-ken,43212,3706_Kamiamakusa-shi,24563,11502,13061,27006,-2443,-9.05,88.06,126.94,193.5,10034,10001,33,10477,-443,-4.23,24563,23673,890
3706,43_Kumamoto-ken,43521,2000.0,43_Kumamoto-ken,43212,3707_(Municipalities as of 2000) Oyano-machi,12686,5998,6688,13708,-1022,-7.46,89.68,37.95,334.3,5231,5218,13,5393,-162,-3.00,12686,12443,243
3707,43_Kumamoto-ken,43522,2000.0,43_Kumamoto-ken,43212,3708_(Municipalities as of 2000) Matsushima-machi,6400,2983,3417,7114,-714,-10.04,87.30,51.2,125.0,2474,2464,10,2563,-89,-3.47,6400,6081,319
3708,43_Kumamoto-ken,43524,2000.0,43_Kumamoto-ken,43212,3709_(Municipalities as of 2000) Himedo-machi,2192,1024,1168,2458,-266,-10.82,87.67,19.34,113.3,917,912,5,989,-72,-7.28,2192,2091,101
3709,43_Kumamoto-ken,43525,2000.0,43_Kumamoto-ken,43212,3710_(Municipalities as of 2000) Ryugatake-machi,3285,1497,1788,3726,-441,-11.84,83.72,17.49,187.8,1412,1407,5,1532,-120,-7.83,3285,3058,227
3710,43_Kumamoto-ken,43213,,43_Kumamoto-ken,43213,3711_Uki-shi,57032,26991,30041,59756,-2724,-4.56,89.85,188.61,302.4,21535,21412,123,21432,103,0.48,57032,54493,2539
3711,43_Kumamoto-ken,43321,2000.0,43_Kumamoto-ken,43213,3712_(Municipalities as of 2000) Misumi-machi,6689,3126,3563,7719,-1030,-13.34,87.74,48.3,138.5,2778,2763,15,3040,-262,-8.62,6689,6408,281
3712,43_Kumamoto-ken,43322,2000.0,43_Kumamoto-ken,43213,3713_(Municipalities as of 2000) Shiranuhi-machi,8283,3869,4414,8780,-497,-5.66,87.65,28.83,287.3,3196,3185,11,3188,8,0.25,8283,8036,247
3713,43_Kumamoto-ken,43343,2000.0,43_Kumamoto-ken,43213,3714_(Municipalities as of 2000) Matsubase-machi,25945,12357,13588,26060,-115,-0.44,90.94,38.15,680.1,9677,9608,69,9282,395,4.26,25945,24581,1364
3714,43_Kumamoto-ken,43344,2000.0,43_Kumamoto-ken,43213,3715_(Municipalities as of 2000) Ogawa-machi,12294,5825,6469,12921,-627,-4.85,90.04,41.69,294.9,4454,4429,25,4417,37,0.84,12294,11713,581
3715,43_Kumamoto-ken,43345,2000.0,43_Kumamoto-ken,43213,3716_(Municipalities as of 2000) Toyono-machi,3821,1814,2007,4276,-455,-10.64,90.38,31.54,121.1,1430,1427,3,1505,-75,-4.98,3821,3755,66
3716,43_Kumamoto-ken,43214,,43_Kumamoto-ken,43214,3717_Aso-shi,24930,11763,13167,27018,-2088,-7.73,89.34,376.3,66.3,9987,9944,43,10078,-91,-0.90,24930,23579,1351
3717,43_Kumamoto-ken,43421,2000.0,43_Kumamoto-ken,43214,3718_(Municipalities as of 2000) Ichinomiya-machi,9002,4210,4792,9594,-592,-6.17,87.85,105.53,85.3,3649,3641,8,3608,41,1.14,9002,8447,555
3718,43_Kumamoto-ken,43422,2000.0,43_Kumamoto-ken,43214,3719_(Municipalities as of 2000) Aso-machi,14642,6919,7723,16070,-1428,-8.89,89.59,199.36,73.4,5754,5720,34,5938,-184,-3.10,14642,13847,795
3719,43_Kumamoto-ken,43426,2000.0,43_Kumamoto-ken,43214,3720_(Municipalities as of 2000) Namino-son,1286,634,652,1354,-68,-5.02,97.24,71.36,18.0,584,583,1,532,52,9.77,1286,1285,1
3720,43_Kumamoto-ken,43215,,43_Kumamoto-ken,43215,3721_Amakusa-shi,75783,35420,40363,82739,-6956,-8.41,87.75,683.82,110.8,31873,31724,149,33224,-1351,-4.07,75783,71847,3936
3721,43_Kumamoto-ken,43207,2000.0,43_Kumamoto-ken,43215,3722_(Municipalities as of 2000) Hondo-shi,36640,17304,19336,38177,-1537,-4.03,89.49,144.82,253.0,14940,14870,70,14908,32,0.21,36640,34766,1874
3722,43_Kumamoto-ken,43209,2000.0,43_Kumamoto-ken,43215,3723_(Municipalities as of 2000) Ushibuka-shi,11313,5236,6077,13031,-1718,-13.18,86.16,89.76,126.0,5344,5325,19,5852,-508,-8.68,11313,10792,521
3723,43_Kumamoto-ken,43523,2000.0,43_Kumamoto-ken,43215,3724_(Municipalities as of 2000) Ariake-machi,4511,2082,2429,4977,-466,-9.36,85.71,59.63,75.6,1779,1768,11,1885,-106,-5.62,4511,4206,305
3724,43_Kumamoto-ken,43526,2000.0,43_Kumamoto-ken,43215,3725_(Municipalities as of 2000) Goshoura-machi,2318,1106,1212,2735,-417,-15.25,91.25,20.14,115.1,1061,1060,1,1157,-96,-8.30,2318,2278,40
3725,43_Kumamoto-ken,43527,2000.0,43_Kumamoto-ken,43215,3726_(Municipalities as of 2000) Kuratake-machi,2533,1162,1371,2812,-279,-9.92,84.76,25.59,99.0,1065,1060,5,1111,-46,-4.14,2533,2473,60
3726,43_Kumamoto-ken,43528,2000.0,43_Kumamoto-ken,43215,3727_(Municipalities as of 2000) Sumoto-machi,1966,914,1052,2158,-192,-8.90,86.88,32.87,59.8,749,744,5,778,-29,-3.73,1966,1864,102
3727,43_Kumamoto-ken,43529,2000.0,43_Kumamoto-ken,43215,3728_(Municipalities as of 2000) Shinwa-machi,2689,1264,1425,3018,-329,-10.90,88.70,55.2,48.7,1112,1104,8,1190,-78,-6.55,2689,2589,100
3728,43_Kumamoto-ken,43530,2000.0,43_Kumamoto-ken,43215,3729_(Municipalities as of 2000) Itsuwa-machi,7369,3370,3999,8168,-799,-9.78,84.27,50.05,147.2,2836,2817,19,3004,-168,-5.59,7369,6737,632
3729,43_Kumamoto-ken,43532,2000.0,43_Kumamoto-ken,43215,3730_(Municipalities as of 2000) Amakusa-machi,2607,1211,1396,3074,-467,-15.19,86.75,85.46,30.5,1301,1298,3,1419,-118,-8.32,2607,2544,63
3730,43_Kumamoto-ken,43533,2000.0,43_Kumamoto-ken,43215,3731_(Municipalities as of 2000) Kawaura-machi,3837,1771,2066,4589,-752,-16.39,85.72,119.3,32.2,1686,1678,8,1920,-234,-12.19,3837,3598,239
3731,43_Kumamoto-ken,43216,,43_Kumamoto-ken,43216,3732_Koshi-shi,61772,29702,32070,58370,3402,5.83,92.62,53.19,1161.3,22283,22210,73,20560,1723,8.38,61772,59789,1983
3732,43_Kumamoto-ken,43405,2000.0,43_Kumamoto-ken,43216,3733_(Municipalities as of 2000) Koshi-machi,26314,12764,13550,25350,964,3.80,94.20,28.89,910.8,9427,9388,39,8929,498,5.58,26314,25408,906
3733,43_Kumamoto-ken,43407,2000.0,43_Kumamoto-ken,43216,3734_(Municipalities as of 2000) Nishigoshi-machi,35458,16938,18520,33020,2438,7.38,91.46,24.28,1460.4,12856,12822,34,11631,1225,10.53,35458,34381,1077
3734,43_Kumamoto-ken,43348,,43_Kumamoto-ken,43348,3735_Misato-machi,9392,4361,5031,10333,-941,-9.11,86.68,144.0,65.2,3439,3405,34,3611,-172,-4.76,9392,8709,683
3735,43_Kumamoto-ken,43346,2000.0,43_Kumamoto-ken,43348,3736_(Municipalities as of 2000) Chuo-machi,4083,1893,2190,4400,-317,-7.20,86.44,41.71,97.9,1451,1438,13,1472,-21,-1.43,4083,3776,307
3736,43_Kumamoto-ken,43347,2000.0,43_Kumamoto-ken,43348,3737_(Municipalities as of 2000) Tomochi-machi,5309,2468,2841,5933,-624,-10.52,86.87,102.32,51.9,1988,1967,21,2139,-151,-7.06,5309,4933,376
3737,43_Kumamoto-ken,43364,2000.0,43_Kumamoto-ken,43364,3738_Gyokuto-machi,5045,2399,2646,5265,-220,-4.18,90.67,24.33,207.4,1814,1808,6,1825,-11,-0.60,5045,4957,88
3738,43_Kumamoto-ken,43367,2000.0,43_Kumamoto-ken,43367,3739_Nankan-machi,8979,4282,4697,9786,-807,-8.25,91.16,68.92,130.3,3503,3486,17,3560,-57,-1.60,8979,8734,245
3739,43_Kumamoto-ken,43368,2000.0,43_Kumamoto-ken,43368,3740_Nagasu-machi,15372,7668,7704,15889,-517,-3.25,99.53,19.44,790.7,6434,6420,14,6139,295,4.81,15372,15127,245
3740,43_Kumamoto-ken,43369,,43_Kumamoto-ken,43369,3741_Nagomi-machi,9342,4397,4945,10191,-849,-8.33,88.92,98.78,94.6,3416,3396,20,3512,-96,-2.73,9342,8918,424
3741,43_Kumamoto-ken,43365,2000.0,43_Kumamoto-ken,43369,3742_(Municipalities as of 2000) Kikusui-machi,5496,2588,2908,5844,-348,-5.95,89.00,38.27,143.6,1979,1962,17,2000,-21,-1.05,5496,5190,306
3742,43_Kumamoto-ken,43366,2000.0,43_Kumamoto-ken,43369,3743_(Municipalities as of 2000) Mikawa-machi,3846,1809,2037,4347,-501,-11.53,88.81,60.48,63.6,1437,1434,3,1512,-75,-4.96,3846,3728,118
3743,43_Kumamoto-ken,43403,2000.0,43_Kumamoto-ken,43403,3744_Ozu-machi,35187,17449,17738,33452,1735,5.19,98.37,99.1,355.1,14165,14135,30,12705,1460,11.49,35187,34535,652
3744,43_Kumamoto-ken,43404,2000.0,43_Kumamoto-ken,43404,3745_Kikuyo-machi,43337,21220,22117,40984,2353,5.74,95.94,37.46,1156.9,17794,17761,33,15950,1844,11.56,43337,42310,1027
3745,43_Kumamoto-ken,43423,2000.0,43_Kumamoto-ken,43423,3746_Minamioguni-machi,3750,1781,1969,4048,-298,-7.36,90.45,115.9,32.4,1603,1598,5,1642,-39,-2.38,3750,3640,110
3746,43_Kumamoto-ken,43424,2000.0,43_Kumamoto-ken,43424,3747_Oguni-machi,6590,3135,3455,7187,-597,-8.31,90.74,136.94,48.1,2682,2649,33,2805,-123,-4.39,6590,6245,345
3747,43_Kumamoto-ken,43425,2000.0,43_Kumamoto-ken,43425,3748_Ubuyama-mura,1382,714,668,1510,-128,-8.48,106.89,60.81,22.7,520,518,2,526,-6,-1.14,1382,1322,60
3748,43_Kumamoto-ken,43428,2000.0,43_Kumamoto-ken,43428,3749_Takamori-machi,5789,2788,3001,6325,-536,-8.47,92.90,175.06,33.1,2408,2397,11,2463,-55,-2.23,5789,5556,233
3749,43_Kumamoto-ken,43432,2000.0,43_Kumamoto-ken,43432,3750_Nishihara-mura,6426,3109,3317,6802,-376,-5.53,93.73,77.22,83.2,2362,2358,4,2341,21,0.90,6426,6263,163
3750,43_Kumamoto-ken,43433,,43_Kumamoto-ken,43433,3751_Minamiaso-mura,9836,4796,5040,11503,-1667,-14.49,95.16,137.32,71.6,4051,3991,60,4676,-625,-13.37,9836,9493,343
3751,43_Kumamoto-ken,43429,2000.0,43_Kumamoto-ken,43433,3752_(Municipalities as of 2000) Hakusui-mura,3724,1795,1929,3857,-133,-3.45,93.05,47.89,77.8,1460,1455,5,1394,66,4.73,3724,3561,163
3752,43_Kumamoto-ken,43430,2000.0,43_Kumamoto-ken,43433,3753_(Municipalities as of 2000) Kugino-mura,2637,1260,1377,2638,-1,-0.04,91.50,50.64,52.1,1054,1051,3,961,93,9.68,2637,2594,43
3753,43_Kumamoto-ken,43431,2000.0,43_Kumamoto-ken,43433,3754_(Municipalities as of 2000) Choyo-mura,3475,1741,1734,5008,-1533,-30.61,100.40,38.77,89.6,1537,1485,52,2321,-784,-33.78,3475,3338,137
3754,43_Kumamoto-ken,43441,2000.0,43_Kumamoto-ken,43441,3755_Mifune-machi,16303,7762,8541,17237,-934,-5.42,90.88,99.03,164.6,6196,6179,17,6317,-121,-1.92,16303,15905,398
3755,43_Kumamoto-ken,43442,2000.0,43_Kumamoto-ken,43442,3756_Kashima-machi,9547,4584,4963,9054,493,5.45,92.36,16.65,573.4,3495,3488,7,3170,325,10.25,9547,9340,207
3756,43_Kumamoto-ken,43443,2000.0,43_Kumamoto-ken,43443,3757_Mashiki-machi,32510,15602,16908,33611,-1101,-3.28,92.28,65.68,495.0,11744,11699,45,11477,267,2.33,32510,31304,1206
3757,43_Kumamoto-ken,43444,2000.0,43_Kumamoto-ken,43444,3758_Kosa-machi,10132,4813,5319,10717,-585,-5.46,90.49,57.93,174.9,3678,3656,22,3710,-32,-0.86,10132,9719,413
3758,43_Kumamoto-ken,43447,,43_Kumamoto-ken,43447,3759_Yamato-cho,13503,6439,7064,15149,-1646,-10.87,91.15,544.67,24.8,5252,5217,35,5594,-342,-6.11,13503,12852,651
3759,43_Kumamoto-ken,43427,2000.0,43_Kumamoto-ken,43447,3760_(Municipalities as of 2000) Soyo-machi,3139,1492,1647,3515,-376,-10.70,90.59,118.92,26.4,1236,1227,9,1309,-73,-5.58,3139,2997,142
3760,43_Kumamoto-ken,43445,2000.0,43_Kumamoto-ken,43447,3761_(Municipalities as of 2000) Yabe-machi,8256,3894,4362,9302,-1046,-11.24,89.27,296.42,27.9,3202,3181,21,3400,-198,-5.82,8256,7794,462
3761,43_Kumamoto-ken,43446,2000.0,43_Kumamoto-ken,43447,3762_(Municipalities as of 2000) Seiwa-son,2108,1053,1055,2332,-224,-9.61,99.81,129.49,16.3,814,809,5,885,-71,-8.02,2108,2061,47
3762,43_Kumamoto-ken,43468,,43_Kumamoto-ken,43468,3763_Hikawa-cho,11094,5083,6011,11994,-900,-7.50,84.56,33.36,332.6,3932,3912,20,3878,54,1.39,11094,10647,447
3763,43_Kumamoto-ken,43464,2000.0,43_Kumamoto-ken,43468,3764_(Municipalities as of 2000) Ryuhoku-machi,6824,3148,3676,7392,-568,-7.68,85.64,23.4,291.6,2357,2346,11,2264,93,4.11,6824,6600,224
3764,43_Kumamoto-ken,43465,2000.0,43_Kumamoto-ken,43468,3765_(Municipalities as of 2000) Miyahara-machi,4270,1935,2335,4602,-332,-7.21,82.87,9.89,431.7,1575,1566,9,1614,-39,-2.42,4270,4047,223
3765,43_Kumamoto-ken,43482,,43_Kumamoto-ken,43482,3766_Ashikita-machi,15681,7370,8311,17661,-1980,-11.21,88.68,234.01,67.0,5996,5958,38,6481,-485,-7.48,15681,14807,874
3766,43_Kumamoto-ken,43481,2000.0,43_Kumamoto-ken,43482,3767_(Municipalities as of 2000) Tanoura-machi,3770,1820,1950,4226,-456,-10.79,93.33,32.76,115.1,1435,1429,6,1533,-98,-6.39,3770,3646,124
3767,43_Kumamoto-ken,43482,2000.0,43_Kumamoto-ken,43482,3768_(Municipalities as of 2000) Ashikita-machi,11911,5550,6361,13435,-1524,-11.34,87.25,200.71,59.3,4561,4529,32,4948,-387,-7.82,11911,11161,750
3768,43_Kumamoto-ken,43484,2000.0,43_Kumamoto-ken,43484,3769_Tsunagi-machi,4254,1993,2261,4673,-419,-8.97,88.15,34.08,124.8,1687,1680,7,1744,-57,-3.27,4254,4119,135
3769,43_Kumamoto-ken,43501,2000.0,43_Kumamoto-ken,43501,3770_Nishiki-machi,10288,4891,5397,10766,-478,-4.44,90.62,85.04,121.0,3729,3710,19,3641,88,2.42,10288,10045,243
3770,43_Kumamoto-ken,43505,2000.0,43_Kumamoto-ken,43505,3771_Taragi-machi,9076,4263,4813,9791,-715,-7.30,88.57,165.86,54.7,3463,3452,11,3537,-74,-2.09,9076,8832,244
3771,43_Kumamoto-ken,43506,2000.0,43_Kumamoto-ken,43506,3772_Yunomae-machi,3627,1700,1927,3985,-358,-8.98,88.22,48.37,75.0,1401,1399,2,1479,-78,-5.27,3627,3537,90
3772,43_Kumamoto-ken,43507,2000.0,43_Kumamoto-ken,43507,3773_Mizukami-mura,2033,938,1095,2232,-199,-8.92,85.66,190.96,10.6,786,782,4,822,-36,-4.38,2033,1960,73
3773,43_Kumamoto-ken,43510,2000.0,43_Kumamoto-ken,43510,3774_Sagara-mura,4070,1929,2141,4468,-398,-8.91,90.10,94.54,43.1,1466,1461,5,1504,-38,-2.53,4070,3949,121
3774,43_Kumamoto-ken,43511,2000.0,43_Kumamoto-ken,43511,3775_Itsuki-mura,931,447,484,1055,-124,-11.75,92.36,252.92,3.7,420,418,2,461,-41,-8.89,931,921,10
3775,43_Kumamoto-ken,43512,2000.0,43_Kumamoto-ken,43512,3776_Yamae-mura,3238,1498,1740,3422,-184,-5.38,86.09,121.19,26.7,1131,1129,2,1149,-18,-1.57,3238,3170,68
3776,43_Kumamoto-ken,43513,2000.0,43_Kumamoto-ken,43513,3777_Kuma-mura,2433,1174,1259,3698,-1265,-34.21,93.25,207.58,11.7,976,975,1,1368,-392,-28.65,2433,2430,3
3777,43_Kumamoto-ken,43514,,43_Kumamoto-ken,43514,3778_Asagiri-cho,14676,6783,7893,15523,-847,-5.46,85.94,159.56,92.0,5357,5324,33,5298,59,1.11,14676,14121,555
3778,43_Kumamoto-ken,43502,2000.0,43_Kumamoto-ken,43514,3779_(Municipalities as of 2000) Ue-mura,4293,1998,2295,4667,-374,-8.01,87.06,89.72,47.8,1570,1565,5,1607,-37,-2.30,4293,4152,141
3779,43_Kumamoto-ken,43503,2000.0,43_Kumamoto-ken,43514,3780_(Municipalities as of 2000) Menda-machi,5403,2501,2902,5519,-116,-2.10,86.18,10.31,524.1,2119,2103,16,2033,86,4.23,5403,5261,142
3780,43_Kumamoto-ken,43504,2000.0,43_Kumamoto-ken,43514,3781_(Municipalities as of 2000) Okaharu-mura,2318,1055,1263,2504,-186,-7.43,83.53,20.23,114.6,787,783,4,776,11,1.42,2318,2211,107
3781,43_Kumamoto-ken,43508,2000.0,43_Kumamoto-ken,43514,3782_(Municipalities as of 2000) Sue-mura,1138,535,603,1182,-44,-3.72,88.72,17.98,63.3,359,352,7,366,-7,-1.91,1138,1053,85
3782,43_Kumamoto-ken,43509,2000.0,43_Kumamoto-ken,43514,3783_(Municipalities as of 2000) Fukada-mura,1524,694,830,1651,-127,-7.69,83.61,21.25,71.7,522,521,1,516,6,1.16,1524,1444,80
3783,43_Kumamoto-ken,43531,2000.0,43_Kumamoto-ken,43531,3784_Reihoku-machi,7114,3388,3726,7739,-625,-8.08,90.93,67.58,105.3,2769,2748,21,2895,-126,-4.35,7114,6309,805
3784,44_Oita-ken,44000,2000.0,44_Oita-ken,44000,3785_Oita-ken,1123852,533414,590438,1166338,-42486,-3.64,90.34,6340.76,177.2,489249,487679,1570,486535,2714,0.56,1123852,1082266,41586
3785,44_Oita-ken,44201,,44_Oita-ken,44201,3786_Oita-shi,475614,228421,247193,478146,-2532,-0.53,92.41,502.39,946.7,209539,209066,473,203515,6024,2.96,475614,462171,13443
3786,44_Oita-ken,44201,2000.0,44_Oita-ken,44201,3787_(Municipalities as of 2000) Oita-shi,464016,223034,240982,464636,-620,-0.13,92.55,360.84,1285.9,204325,203874,451,197639,6686,3.38,464016,450980,13036
3787,44_Oita-ken,44361,2000.0,44_Oita-ken,44201,3788_(Municipalities as of 2000) Notsuharu-machi,4046,1865,2181,4564,-518,-11.35,85.51,90.74,44.6,1709,1703,6,1943,-234,-12.04,4046,3876,170
3788,44_Oita-ken,44381,2000.0,44_Oita-ken,44201,3789_(Municipalities as of 2000) Saganoseki-machi,7552,3522,4030,8946,-1394,-15.58,87.39,49.39,152.9,3505,3489,16,3933,-428,-10.88,7552,7315,237
3789,44_Oita-ken,44202,2000.0,44_Oita-ken,44202,3790_Beppu-shi,115321,52398,62923,122138,-6817,-5.58,83.27,125.34,920.1,54336,54115,221,55624,-1288,-2.32,115321,108616,6705
3790,44_Oita-ken,44203,,44_Oita-ken,44203,3791_Nakatsu-shi,82863,40307,42556,83965,-1102,-1.31,94.72,491.44,168.6,37571,37408,163,35785,1786,4.99,82863,80514,2349
3791,44_Oita-ken,44203,2000.0,44_Oita-ken,44203,3792_(Municipalities as of 2000) Nakatsu-shi,70051,34288,35763,69792,259,0.37,95.88,55.58,1260.4,32365,32263,102,30324,2041,6.73,70051,68297,1754
3792,44_Oita-ken,44501,2000.0,44_Oita-ken,44203,3793_(Municipalities as of 2000) Sanko-mura,5040,2346,2694,5167,-127,-2.46,87.08,46.02,109.5,1892,1846,46,1845,47,2.55,5040,4736,304
3793,44_Oita-ken,44502,2000.0,44_Oita-ken,44203,3794_(Municipalities as of 2000) Honyabakei-machi,2531,1200,1331,2792,-261,-9.35,90.16,85.46,29.6,1061,1057,4,1132,-71,-6.27,2531,2406,125
3794,44_Oita-ken,44503,2000.0,44_Oita-ken,44203,3795_(Municipalities as of 2000) Yabakei-machi,3229,1525,1704,3853,-624,-16.20,89.50,183.7,17.6,1382,1377,5,1545,-163,-10.55,3229,3124,105
3795,44_Oita-ken,44504,2000.0,44_Oita-ken,44203,3796_(Municipalities as of 2000) Yamakuni-machi,2012,948,1064,2361,-349,-14.78,89.10,119.85,16.8,871,865,6,939,-68,-7.24,2012,1951,61
3796,44_Oita-ken,44204,,44_Oita-ken,44204,3797_Hita-shi,62657,29676,32981,66523,-3866,-5.81,89.98,666.03,94.1,25139,25065,74,25238,-99,-0.39,62657,60555,2102
3797,44_Oita-ken,44204,2000.0,44_Oita-ken,44204,3798_(Municipalities as of 2000) Hita-shi,54171,25615,28556,56512,-2341,-4.14,89.70,269.21,201.2,21803,21736,67,21624,179,0.83,54171,52347,1824
3798,44_Oita-ken,44481,2000.0,44_Oita-ken,44204,3799_(Municipalities as of 2000) Maetsue-mura,832,416,416,981,-149,-15.19,100.00,78.99,10.5,327,326,1,363,-36,-9.92,832,829,3
3799,44_Oita-ken,44482,2000.0,44_Oita-ken,44204,3800_(Municipalities as of 2000) Nakatsue-mura,621,316,305,769,-148,-19.25,103.61,81.91,7.6,303,303,NULL,364,-61,-16.76,621,621,NULL
3800,44_Oita-ken,44483,2000.0,44_Oita-ken,44204,3801_(Municipalities as of 2000) Kamitsue-mura,666,325,341,774,-108,-13.95,95.31,88.53,7.5,310,309,1,339,-29,-8.55,666,659,7
3801,44_Oita-ken,44484,2000.0,44_Oita-ken,44204,3802_(Municipalities as of 2000) Oyama-machi,2429,1146,1283,2756,-327,-11.87,89.32,45.72,53.1,876,873,3,895,-19,-2.12,2429,2331,98
3802,44_Oita-ken,44485,2000.0,44_Oita-ken,44204,3803_(Municipalities as of 2000) Amagase-machi,3938,1858,2080,4731,-793,-16.76,89.33,101.83,38.7,1520,1518,2,1653,-133,-8.05,3938,3768,170
3803,44_Oita-ken,44205,,44_Oita-ken,44205,3804_Saiki-shi,66851,30885,35966,72211,-5360,-7.42,85.87,903.14,74.0,28716,28616,100,29574,-858,-2.90,66851,64099,2752
3804,44_Oita-ken,44205,2000.0,44_Oita-ken,44205,3805_(Municipalities as of 2000) Saiki-shi,42711,19960,22751,45044,-2333,-5.18,87.73,197.37,216.4,18523,18470,53,18703,-180,-0.96,42711,41050,1661
3805,44_Oita-ken,44401,2000.0,44_Oita-ken,44205,3806_(Municipalities as of 2000) Kamiura-machi,1651,736,915,1880,-229,-12.18,80.44,15.67,105.4,779,777,2,851,-72,-8.46,1651,1639,12
3806,44_Oita-ken,44402,2000.0,44_Oita-ken,44205,3807_(Municipalities as of 2000) Yayoi-machi,6853,3183,3670,7158,-305,-4.26,86.73,82.89,82.7,2506,2490,16,2484,22,0.89,6853,6495,358
3807,44_Oita-ken,44403,2000.0,44_Oita-ken,44205,3808_(Municipalities as of 2000) Honjo-mura,1243,571,672,1473,-230,-15.61,84.97,123.15,10.1,532,528,4,576,-44,-7.64,1243,1176,67
3808,44_Oita-ken,44404,2000.0,44_Oita-ken,44205,3809_(Municipalities as of 2000) Ume-machi,2346,1083,1263,2665,-319,-11.97,85.75,265.99,8.8,1057,1054,3,1153,-96,-8.33,2346,2283,63
3809,44_Oita-ken,44405,2000.0,44_Oita-ken,44205,3810_(Municipalities as of 2000) Naokawa-son,2006,900,1106,2300,-294,-12.78,81.37,80.82,24.8,743,738,5,804,-61,-7.59,2006,1767,239
3810,44_Oita-ken,44406,2000.0,44_Oita-ken,44205,3811_(Municipalities as of 2000) Tsurumi-machi,2635,1170,1465,3090,-455,-14.72,79.86,20.21,130.4,1203,1196,7,1342,-139,-10.36,2635,2467,168
3811,44_Oita-ken,44407,2000.0,44_Oita-ken,44205,3812_(Municipalities as of 2000) Yonouzu-mura,1605,703,902,1844,-239,-12.96,77.94,25.24,63.6,754,753,1,798,-44,-5.51,1605,1600,5
3812,44_Oita-ken,44408,2000.0,44_Oita-ken,44205,3813_(Municipalities as of 2000) Kamae-cho,5801,2579,3222,6757,-956,-14.15,80.04,91.8,63.2,2619,2610,9,2863,-244,-8.52,5801,5622,179
3813,44_Oita-ken,44206,,44_Oita-ken,44206,3814_Usuki-shi,36158,17093,19065,38748,-2590,-6.68,89.66,291.2,124.2,14749,14697,52,15077,-328,-2.18,36158,34837,1321
3814,44_Oita-ken,44206,2000.0,44_Oita-ken,44206,3815_(Municipalities as of 2000) Usuki-shi,29418,13917,15501,31165,-1747,-5.61,89.78,151.83,193.8,12178,12137,41,12363,-185,-1.50,29418,28369,1049
3815,44_Oita-ken,44421,2000.0,44_Oita-ken,44206,3816_(Municipalities as of 2000) Notsu-machi,6740,3176,3564,7583,-843,-11.12,89.11,139.19,48.4,2571,2560,11,2714,-143,-5.27,6740,6468,272
3816,44_Oita-ken,44207,2000.0,44_Oita-ken,44207,3817_Tsukumi-shi,16100,7499,8601,17969,-1869,-10.40,87.19,79.48,202.6,6995,6971,24,7518,-523,-6.96,16100,15574,526
3817,44_Oita-ken,44208,,44_Oita-ken,44208,3818_Taketa-shi,20332,9506,10826,22332,-2000,-8.96,87.81,477.53,42.6,8699,8644,55,9100,-401,-4.41,20332,19071,1261
3818,44_Oita-ken,44208,2000.0,44_Oita-ken,44208,3819_(Municipalities as of 2000) Taketa-shi,12171,5663,6508,13483,-1312,-9.73,87.02,200.83,60.6,5455,5427,28,5734,-279,-4.87,12171,11475,696
3819,44_Oita-ken,44441,2000.0,44_Oita-ken,44208,3820_(Municipalities as of 2000) Ogi-machi,2602,1213,1389,2833,-231,-8.15,87.33,50.32,51.7,1060,1054,6,1090,-30,-2.75,2602,2553,49
3820,44_Oita-ken,44442,2000.0,44_Oita-ken,44208,3821_(Municipalities as of 2000) Kuju-machi,3596,1703,1893,3865,-269,-6.96,89.96,142.69,25.2,1396,1377,19,1452,-56,-3.86,3596,3161,435
3821,44_Oita-ken,44443,2000.0,44_Oita-ken,44208,3822_(Municipalities as of 2000) Naoiri-machi,1963,927,1036,2151,-188,-8.74,89.48,83.83,23.4,788,786,2,824,-36,-4.37,1963,1882,81
3822,44_Oita-ken,44209,,44_Oita-ken,44209,3823_Bungotakada-shi,22112,10498,11614,22853,-741,-3.24,90.39,206.24,107.2,9584,9555,29,9572,12,0.13,22112,21084,1028
3823,44_Oita-ken,44209,2000.0,44_Oita-ken,44209,3824_(Municipalities as of 2000) Bungotakada-shi,16683,7943,8740,16888,-205,-1.21,90.88,124.57,133.9,7152,7127,25,7021,131,1.87,16683,15839,844
3824,44_Oita-ken,44302,2000.0,44_Oita-ken,44209,3825_(Municipalities as of 2000) Matama-machi,2831,1316,1515,3060,-229,-7.48,86.86,44.38,63.8,1264,1262,2,1314,-50,-3.81,2831,2746,85
3825,44_Oita-ken,44303,2000.0,44_Oita-ken,44209,3826_(Municipalities as of 2000) Kakaji-cho,2598,1239,1359,2905,-307,-10.57,91.17,37.65,69.0,1168,1166,2,1237,-69,-5.58,2598,2499,99
3826,44_Oita-ken,44210,,44_Oita-ken,44210,3827_Kitsuki-shi,27999,13437,14562,30185,-2186,-7.24,92.27,280.08,100.0,12028,11996,32,12084,-56,-0.46,27999,26980,1019
3827,44_Oita-ken,44210,2000.0,44_Oita-ken,44210,3828_(Municipalities as of 2000) Kitsuki-shi,20851,10143,10708,22091,-1240,-5.61,94.72,90.22,231.1,9093,9074,19,8911,182,2.04,20851,20197,654
3828,44_Oita-ken,44301,2000.0,44_Oita-ken,44210,3829_(Municipalities as of 2000) Ota-mura,1151,517,634,1344,-193,-14.36,81.55,46.07,25.0,502,499,3,558,-56,-10.04,1151,1045,106
3829,44_Oita-ken,44342,2000.0,44_Oita-ken,44210,3830_(Municipalities as of 2000) Yamaga-machi,5997,2777,3220,6750,-753,-11.16,86.24,143.71,41.7,2433,2423,10,2615,-182,-6.96,5997,5738,259
3830,44_Oita-ken,44211,,44_Oita-ken,44211,3831_Usa-shi,52771,24882,27889,56258,-3487,-6.20,89.22,439.05,120.2,21984,21886,98,22524,-540,-2.40,52771,50173,2598
3831,44_Oita-ken,44211,2000.0,44_Oita-ken,44211,3832_(Municipalities as of 2000) Usa-shi,43838,20714,23124,45982,-2144,-4.66,89.58,178.3,245.9,18205,18118,87,18377,-172,-0.94,43838,41604,2234
3832,44_Oita-ken,44521,2000.0,44_Oita-ken,44211,3833_(Municipalities as of 2000) Innai-machi,3416,1601,1815,3916,-500,-12.77,88.21,113.62,30.1,1439,1433,6,1568,-129,-8.23,3416,3249,167
3833,44_Oita-ken,44522,2000.0,44_Oita-ken,44211,3834_(Municipalities as of 2000) Ajimu-machi,5517,2567,2950,6360,-843,-13.25,87.02,147.17,37.5,2340,2335,5,2579,-239,-9.27,5517,5320,197
3834,44_Oita-ken,44212,,44_Oita-ken,44212,3835_Bungoono-shi,33695,15699,17996,36584,-2889,-7.90,87.24,603.14,55.9,13780,13720,60,14326,-546,-3.81,33695,31931,1764
3835,44_Oita-ken,44422,2000.0,44_Oita-ken,44212,3836_(Municipalities as of 2000) Mie-machi,16229,7545,8684,16959,-730,-4.30,86.88,162.17,100.1,6686,6658,28,6715,-29,-0.43,16229,15236,993
3836,44_Oita-ken,44423,2000.0,44_Oita-ken,44212,3837_(Municipalities as of 2000) Kiyokawa-mura,1734,804,930,1960,-226,-11.53,86.45,47.18,36.8,754,751,3,824,-70,-8.50,1734,1702,32
3837,44_Oita-ken,44424,2000.0,44_Oita-ken,44212,3838_(Municipalities as of 2000) Ogata-machi,4404,2054,2350,4995,-591,-11.83,87.40,147.96,29.8,1880,1875,5,2016,-136,-6.75,4404,4165,239
3838,44_Oita-ken,44425,2000.0,44_Oita-ken,44212,3839_(Municipalities as of 2000) Asaji-machi,2272,1076,1196,2582,-310,-12.01,89.97,68.39,33.2,979,976,3,1047,-68,-6.49,2272,2230,42
3839,44_Oita-ken,44426,2000.0,44_Oita-ken,44212,3840_(Municipalities as of 2000) Ono-machi,3849,1763,2086,4291,-442,-10.30,84.52,109.49,35.2,1557,1549,8,1665,-108,-6.49,3849,3655,194
3840,44_Oita-ken,44427,2000.0,44_Oita-ken,44212,3841_(Municipalities as of 2000) Chitose-mura,1913,884,1029,2139,-226,-10.57,85.91,21.43,89.3,685,679,6,732,-47,-6.42,1913,1812,101
3841,44_Oita-ken,44428,2000.0,44_Oita-ken,44212,3842_(Municipalities as of 2000) Inukai-machi,3294,1573,1721,3658,-364,-9.95,91.40,46.74,70.5,1239,1232,7,1327,-88,-6.63,3294,3131,163
3842,44_Oita-ken,44213,,44_Oita-ken,44213,3843_Yufu-shi,32772,15599,17173,34262,-1490,-4.35,90.83,319.32,102.6,13175,13109,66,13291,-116,-0.87,32772,30972,1800
3843,44_Oita-ken,44362,2000.0,44_Oita-ken,44213,3844_(Municipalities as of 2000) Hasama-machi,16644,7945,8699,16270,374,2.30,91.33,51.1,325.7,6465,6447,18,6107,358,5.86,16644,16153,491
3844,44_Oita-ken,44363,2000.0,44_Oita-ken,44213,3845_(Municipalities as of 2000) Shonai-cho,6705,3131,3574,7552,-847,-11.22,87.60,140.29,47.8,2549,2526,23,2746,-197,-7.17,6705,6037,668
3845,44_Oita-ken,44364,2000.0,44_Oita-ken,44213,3846_(Municipalities as of 2000) Yufuin-cho,9423,4523,4900,10440,-1017,-9.74,92.31,127.77,73.7,4161,4136,25,4438,-277,-6.24,9423,8782,641
3846,44_Oita-ken,44214,,44_Oita-ken,44214,3847_Kunisaki-shi,26232,12504,13728,28647,-2415,-8.43,91.08,318.1,82.5,11913,11876,37,12112,-199,-1.64,26232,25334,898
3847,44_Oita-ken,44321,2000.0,44_Oita-ken,44214,3848_(Municipalities as of 2000) Kunimi-cho,3752,1735,2017,4344,-592,-13.63,86.02,72.91,51.5,1668,1653,15,1818,-150,-8.25,3752,3448,304
3848,44_Oita-ken,44323,2000.0,44_Oita-ken,44214,3849_(Municipalities as of 2000) Kunisaki-machi,9575,4510,5065,10673,-1098,-10.29,89.04,112.28,85.3,4290,4277,13,4486,-196,-4.37,9575,9249,326
3849,44_Oita-ken,44324,2000.0,44_Oita-ken,44214,3850_(Municipalities as of 2000) Musashi-machi,4783,2316,2467,5068,-285,-5.62,93.88,41.84,114.3,2210,2207,3,2125,85,4.00,4783,4690,93
3850,44_Oita-ken,44325,2000.0,44_Oita-ken,44214,3851_(Municipalities as of 2000) Aki-machi,8122,3943,4179,8562,-440,-5.14,94.35,90.75,89.5,3745,3739,6,3683,62,1.68,8122,7947,175
3851,44_Oita-ken,44322,2000.0,44_Oita-ken,44322,3852_Himeshima-mura,1725,804,921,1991,-266,-13.36,87.30,6.99,246.8,832,828,4,879,-47,-5.35,1725,1679,46
3852,44_Oita-ken,44341,2000.0,44_Oita-ken,44341,3853_Hiji-machi,27723,13230,14493,28058,-335,-1.19,91.29,73.32,378.1,11072,11041,31,10855,217,2.00,27723,26737,986
3853,44_Oita-ken,44461,2000.0,44_Oita-ken,44461,3854_Kokonoe-machi,8541,4036,4505,9645,-1104,-11.45,89.59,271.37,31.5,3329,3312,17,3473,-144,-4.15,8541,8208,333
3854,44_Oita-ken,44462,2000.0,44_Oita-ken,44462,3855_Kusu-machi,14386,6940,7446,15823,-1437,-9.08,93.20,286.6,50.2,5808,5774,34,5988,-180,-3.01,14386,13731,655
3855,45_Miyazaki-ken,45000,2000.0,45_Miyazaki-ken,45000,3856_Miyazaki-ken,1069576,504763,564813,1104069,-34493,-3.12,89.37,7735.22,138.3,470055,468575,1480,462858,7197,1.55,1069576,1030106,39470
3856,45_Miyazaki-ken,45201,,45_Miyazaki-ken,45201,3857_Miyazaki-shi,401339,189342,211997,401138,201,0.05,89.31,643.67,623.5,184237,183782,455,175408,8829,5.03,401339,389477,11862
3857,45_Miyazaki-ken,45201,2000.0,45_Miyazaki-ken,45201,3858_(Municipalities as of 2000) Miyazaki-shi,317747,149488,168259,317000,747,0.24,88.84,286.96,1107.3,148869,148511,358,141467,7402,5.23,317747,308209,9538
3858,45_Miyazaki-ken,45301,2000.0,45_Miyazaki-ken,45201,3859_(Municipalities as of 2000) Kiyotake-cho,29134,14177,14957,29276,-142,-0.49,94.79,47.81,609.4,13316,13291,25,12739,577,4.53,29134,28431,703
3859,45_Miyazaki-ken,45302,2000.0,45_Miyazaki-ken,45201,3860_(Municipalities as of 2000) Tano-cho,10855,5101,5754,10706,149,1.39,88.65,108.3,100.2,4509,4490,19,4239,270,6.37,10855,10478,377
3860,45_Miyazaki-ken,45303,2000.0,45_Miyazaki-ken,45201,3861_(Municipalities as of 2000) Sadowara-cho,32797,15459,17338,33201,-404,-1.22,89.16,56.84,577.0,13140,13113,27,12699,441,3.47,32797,32139,658
3861,45_Miyazaki-ken,45381,2000.0,45_Miyazaki-ken,45201,3862_(Municipalities as of 2000) Takaoka-cho,10806,5117,5689,10955,-149,-1.36,89.95,144.58,74.7,4403,4377,26,4264,139,3.26,10806,10220,586
3862,45_Miyazaki-ken,45202,,45_Miyazaki-ken,45202,3863_Miyakonojo-shi,160640,75308,85332,165029,-4389,-2.66,88.25,653.36,245.9,71092,70860,232,69965,1127,1.61,160640,154660,5980
3863,45_Miyazaki-ken,45202,2000.0,45_Miyazaki-ken,45202,3864_(Municipalities as of 2000) Miyakonojo-shi,130355,61132,69223,132264,-1909,-1.44,88.31,306.21,425.7,58186,57994,192,56620,1566,2.77,130355,125417,4938
3864,45_Miyazaki-ken,45342,2000.0,45_Miyazaki-ken,45202,3865_(Municipalities as of 2000) Yamanokuchi-cho,5817,2729,3088,6310,-493,-7.81,88.37,97.5,59.7,2416,2408,8,2533,-117,-4.62,5817,5542,275
3865,45_Miyazaki-ken,45343,2000.0,45_Miyazaki-ken,45202,3866_(Municipalities as of 2000) Takajo-cho,9789,4537,5252,10392,-603,-5.80,86.39,94.21,103.9,4127,4111,16,4231,-104,-2.46,9789,9409,380
3866,45_Miyazaki-ken,45344,2000.0,45_Miyazaki-ken,45202,3867_(Municipalities as of 2000) Yamada-cho,6531,3087,3444,7071,-540,-7.64,89.63,62.2,105.0,2814,2809,5,2863,-49,-1.71,6531,6414,117
3867,45_Miyazaki-ken,45345,2000.0,45_Miyazaki-ken,45202,3868_(Municipalities as of 2000) Takazaki-cho,8148,3823,4325,8992,-844,-9.39,88.39,93.19,87.4,3549,3538,11,3718,-169,-4.55,8148,7878,270
3868,45_Miyazaki-ken,45203,,45_Miyazaki-ken,45203,3869_Nobeoka-shi,118394,56100,62294,125159,-6765,-5.41,90.06,868.02,136.4,51566,51424,142,51751,-185,-0.36,118394,113892,4502
3869,45_Miyazaki-ken,45203,2000.0,45_Miyazaki-ken,45203,3870_(Municipalities as of 2000) Nobeoka-shi,108792,51567,57225,114360,-5568,-4.87,90.11,283.81,383.3,47752,47626,126,47756,-4,-0.01,108792,104907,3885
3870,45_Miyazaki-ken,45426,2000.0,45_Miyazaki-ken,45203,3871_(Municipalities as of 2000) Kitakata-cho,3338,1580,1758,3861,-523,-13.55,89.87,200.7,16.6,1304,1297,7,1405,-101,-7.19,3338,3086,252
3871,45_Miyazaki-ken,45427,2000.0,45_Miyazaki-ken,45203,3872_(Municipalities as of 2000) Kitagawa-cho,3207,1469,1738,3531,-324,-9.18,84.52,279.91,11.5,1216,1210,6,1261,-45,-3.57,3207,2911,296
3872,45_Miyazaki-ken,45428,2000.0,45_Miyazaki-ken,45203,3873_(Municipalities as of 2000) Kitaura-cho,3057,1484,1573,3407,-350,-10.27,94.34,103.49,29.5,1294,1291,3,1329,-35,-2.63,3057,2988,69
3873,45_Miyazaki-ken,45204,,45_Miyazaki-ken,45204,3874_Nichinan-shi,50848,23930,26918,54090,-3242,-5.99,88.90,536.11,94.8,22071,21960,111,22678,-607,-2.68,50848,48155,2693
3874,45_Miyazaki-ken,45204,2000.0,45_Miyazaki-ken,45204,3875_(Municipalities as of 2000) Nichinan-shi,37955,17866,20089,39986,-2031,-5.08,88.93,294.46,128.9,16726,16641,85,17056,-330,-1.93,37955,35951,2004
3875,45_Miyazaki-ken,45321,2000.0,45_Miyazaki-ken,45204,3876_(Municipalities as of 2000) Kitago-cho,3971,1832,2139,4285,-314,-7.33,85.65,178.49,22.2,1573,1564,9,1628,-55,-3.38,3971,3604,367
3876,45_Miyazaki-ken,45322,2000.0,45_Miyazaki-ken,45204,3877_(Municipalities as of 2000) Nango-cho,8922,4232,4690,9819,-897,-9.14,90.23,63.16,141.3,3772,3755,17,3994,-222,-5.56,8922,8600,322
3877,45_Miyazaki-ken,45205,,45_Miyazaki-ken,45205,3878_Kobayashi-shi,43670,20327,23343,46221,-2551,-5.52,87.08,562.95,77.6,19162,19074,88,19498,-336,-1.72,43670,41579,2091
3878,45_Miyazaki-ken,45205,2000.0,45_Miyazaki-ken,45205,3879_(Municipalities as of 2000) Kobayashi-shi,35264,16434,18830,37014,-1750,-4.73,87.28,230.76,152.8,15445,15376,69,15615,-170,-1.09,35264,33547,1717
3879,45_Miyazaki-ken,45362,2000.0,45_Miyazaki-ken,45205,3880_(Municipalities as of 2000) Nojiri-cho,6993,3237,3756,7568,-575,-7.60,86.18,88.86,78.7,3066,3049,17,3154,-88,-2.79,6993,6673,320
3880,45_Miyazaki-ken,45363,2000.0,45_Miyazaki-ken,45205,3881_(Municipalities as of 2000) Suki-son,1413,656,757,1639,-226,-13.79,86.66,243.47,5.8,651,649,2,729,-78,-10.70,1413,1359,54
3881,45_Miyazaki-ken,45206,,45_Miyazaki-ken,45206,3882_Hyuga-shi,59629,28372,31257,61761,-2132,-3.45,90.77,336.95,177.0,25111,25009,102,24815,296,1.19,59629,57377,2252
3882,45_Miyazaki-ken,45206,2000.0,45_Miyazaki-ken,45206,3883_(Municipalities as of 2000) Hyuga-shi,56076,26686,29390,57764,-1688,-2.92,90.80,117.43,477.5,23615,23522,93,23226,389,1.67,56076,54064,2012
3883,45_Miyazaki-ken,45422,2000.0,45_Miyazaki-ken,45206,3884_(Municipalities as of 2000) Togo-cho,3553,1686,1867,3997,-444,-11.11,90.31,218.73,16.2,1496,1487,9,1589,-93,-5.85,3553,3313,240
3884,45_Miyazaki-ken,45207,2000.0,45_Miyazaki-ken,45207,3885_Kushima-shi,16822,7876,8946,18779,-1957,-10.42,88.04,295.17,57.0,7225,7196,29,7952,-727,-9.14,16822,15713,1109
3885,45_Miyazaki-ken,45208,2000.0,45_Miyazaki-ken,45208,3886_Saito-shi,28610,13423,15187,30683,-2073,-6.76,88.38,438.79,65.2,11783,11744,39,12004,-221,-1.84,28610,27320,1290
3886,45_Miyazaki-ken,45209,2000.0,45_Miyazaki-ken,45209,3887_Ebino-shi,17638,8339,9299,19538,-1900,-9.72,89.68,282.93,62.3,8050,8027,23,8568,-518,-6.05,17638,17177,461
3887,45_Miyazaki-ken,45341,2000.0,45_Miyazaki-ken,45341,3888_Mimata-cho,25591,11932,13659,25404,187,0.74,87.36,110.02,232.6,10203,10178,25,9967,236,2.37,25591,24628,963
3888,45_Miyazaki-ken,45361,2000.0,45_Miyazaki-ken,45361,3889_Takaharu-cho,8639,4127,4512,9300,-661,-7.11,91.47,85.39,101.2,3763,3750,13,3914,-151,-3.86,8639,8321,318
3889,45_Miyazaki-ken,45382,2000.0,45_Miyazaki-ken,45382,3890_Kunitomi-cho,18398,8609,9789,19606,-1208,-6.16,87.95,130.63,140.8,7494,7450,44,7606,-112,-1.47,18398,17424,974
3890,45_Miyazaki-ken,45383,2000.0,45_Miyazaki-ken,45383,3891_Aya-cho,6934,3267,3667,7345,-411,-5.60,89.09,95.19,72.8,2857,2851,6,2915,-58,-1.99,6934,6768,166
3891,45_Miyazaki-ken,45401,2000.0,45_Miyazaki-ken,45401,3892_Takanabe-cho,19922,9497,10425,21025,-1103,-5.25,91.10,43.8,454.8,8685,8653,32,8678,7,0.08,19922,19190,732
3892,45_Miyazaki-ken,45402,2000.0,45_Miyazaki-ken,45402,3893_Shintomi-cho,16564,8096,8468,17373,-809,-4.66,95.61,61.53,269.2,6430,6396,34,6376,54,0.85,16564,15668,896
3893,45_Miyazaki-ken,45403,2000.0,45_Miyazaki-ken,45403,3894_Nishimera-son,1000,492,508,1089,-89,-8.17,96.85,271.51,3.7,502,501,1,509,-7,-1.38,1000,970,30
3894,45_Miyazaki-ken,45404,2000.0,45_Miyazaki-ken,45404,3895_Kijo-cho,4895,2250,2645,5231,-336,-6.42,85.07,145.96,33.5,1886,1874,12,1958,-72,-3.68,4895,4644,251
3895,45_Miyazaki-ken,45405,2000.0,45_Miyazaki-ken,45405,3896_Kawaminami-cho,15194,7147,8047,16109,-915,-5.68,88.82,90.12,168.6,6036,6010,26,5936,100,1.68,15194,14484,710
3896,45_Miyazaki-ken,45406,2000.0,45_Miyazaki-ken,45406,3897_Tsuno-cho,9906,4677,5229,10391,-485,-4.67,89.44,102.11,97.0,3960,3952,8,3940,20,0.51,9906,9721,185
3897,45_Miyazaki-ken,45421,2000.0,45_Miyazaki-ken,45421,3898_Kadogawa-cho,17379,8276,9103,18183,-804,-4.42,90.92,120.4,144.3,6874,6849,25,6824,50,0.73,17379,16733,646
3898,45_Miyazaki-ken,45429,2000.0,45_Miyazaki-ken,45429,3899_Morotsuka-son,1486,725,761,1739,-253,-14.55,95.27,187.56,7.9,628,627,1,688,-60,-8.72,1486,1446,40
3899,45_Miyazaki-ken,45430,2000.0,45_Miyazaki-ken,45430,3900_Shiiba-son,2503,1268,1235,2808,-305,-10.86,102.67,537.29,4.7,1057,1054,3,1128,-71,-6.29,2503,2395,108
3900,45_Miyazaki-ken,45431,,45_Miyazaki-ken,45431,3901_Misato-cho,4826,2337,2489,5480,-654,-11.93,93.89,448.84,10.8,2137,2130,7,2332,-195,-8.36,4826,4592,234
3901,45_Miyazaki-ken,45423,2000.0,45_Miyazaki-ken,45431,3902_(Municipalities as of 2000) Nango-son,1555,756,799,1793,-238,-13.27,94.62,190.23,8.2,702,700,2,778,-76,-9.77,1555,1514,41
3902,45_Miyazaki-ken,45424,2000.0,45_Miyazaki-ken,45431,3903_(Municipalities as of 2000) Saigo-son,1809,876,933,2033,-224,-11.02,93.89,138.32,13.1,772,770,2,840,-68,-8.10,1809,1697,112
3903,45_Miyazaki-ken,45425,2000.0,45_Miyazaki-ken,45431,3904_(Municipalities as of 2000) Kitago-son,1462,705,757,1654,-192,-11.61,93.13,120.17,12.2,663,660,3,714,-51,-7.14,1462,1381,81
3904,45_Miyazaki-ken,45441,2000.0,45_Miyazaki-ken,45441,3905_Takachiho-cho,11642,5604,6038,12755,-1113,-8.73,92.81,237.54,49.0,4519,4507,12,4678,-159,-3.40,11642,11084,558
3905,45_Miyazaki-ken,45442,2000.0,45_Miyazaki-ken,45442,3906_Hinokage-cho,3635,1745,1890,3946,-311,-7.88,92.33,277.67,13.1,1493,1489,4,1493,0,0.00,3635,3517,118
3906,45_Miyazaki-ken,45443,2000.0,45_Miyazaki-ken,45443,3907_Gokase-cho,3472,1697,1775,3887,-415,-10.68,95.61,171.73,20.2,1234,1228,6,1277,-43,-3.37,3472,3171,301
3907,46_Kagoshima-ken,46000,2000.0,46_Kagoshima-ken,46000,3908_Kagoshima-ken,1588256,748306,839950,1648177,-59921,-3.64,89.09,9187.06,172.9,728179,725855,2324,724690,3489,0.48,1588256,1528471,59785
3908,46_Kagoshima-ken,46201,,46_Kagoshima-ken,46201,3909_Kagoshima-shi,593128,276130,316998,599814,-6686,-1.11,87.11,547.58,1083.2,279644,279011,633,270269,9375,3.47,593128,575590,17538
3909,46_Kagoshima-ken,46201,2000.0,46_Kagoshima-ken,46201,3910_(Municipalities as of 2000) Kagoshima-shi,546358,254110,292248,551875,-5517,-1.00,86.95,289.91,1884.6,260412,259847,565,251188,9224,3.67,546358,530517,15841
3910,46_Kagoshima-ken,46301,2000.0,46_Kagoshima-ken,46201,3911_(Municipalities as of 2000) Yoshida-cho,9868,4559,5309,10578,-710,-6.71,85.87,54.79,180.1,4203,4181,22,4227,-24,-0.57,9868,9283,585
3911,46_Kagoshima-ken,46302,2000.0,46_Kagoshima-ken,46201,3912_(Municipalities as of 2000) Sakurajima-cho,2811,1287,1524,3336,-525,-15.74,84.45,32.2,87.3,1367,1366,1,1505,-138,-9.17,2811,2761,50
3912,46_Kagoshima-ken,46321,2000.0,46_Kagoshima-ken,46201,3913_(Municipalities as of 2000) Kiire-cho,10706,5006,5700,11341,-635,-5.60,87.82,61.15,175.1,4581,4564,17,4692,-111,-2.37,10706,10184,522
3913,46_Kagoshima-ken,46364,2000.0,46_Kagoshima-ken,46201,3914_(Municipalities as of 2000) Matsumoto-cho,16563,7966,8597,15363,1200,7.81,92.66,51.05,324.4,6175,6161,14,5671,504,8.89,16563,16318,245
3914,46_Kagoshima-ken,46365,2000.0,46_Kagoshima-ken,46201,3915_(Municipalities as of 2000) Koriyama-cho,6822,3202,3620,7321,-499,-6.82,88.45,57.75,118.1,2906,2892,14,2986,-80,-2.68,6822,6527,295
3915,46_Kagoshima-ken,46203,,46_Kagoshima-ken,46203,3916_Kanoya-shi,101096,48390,52706,103608,-2512,-2.42,91.81,448.15,225.6,46139,45969,170,44911,1228,2.73,101096,97583,3513
3916,46_Kagoshima-ken,46203,2000.0,46_Kagoshima-ken,46203,3917_(Municipalities as of 2000) Kanoya-shi,80909,38866,42043,81864,-955,-1.17,92.44,234.37,345.2,37234,37092,142,35644,1590,4.46,80909,78040,2869
3917,46_Kagoshima-ken,46462,2000.0,46_Kagoshima-ken,46203,3918_(Municipalities as of 2000) Kihoku-cho,2798,1324,1474,3188,-390,-12.23,89.82,88.95,31.5,1373,1368,5,1462,-89,-6.09,2798,2687,111
3918,46_Kagoshima-ken,46481,2000.0,46_Kagoshima-ken,46203,3919_(Municipalities as of 2000) Kushira-cho,11331,5362,5969,11886,-555,-4.67,89.83,65.86,172.0,4962,4949,13,5063,-101,-1.99,11331,11039,292
3919,46_Kagoshima-ken,46485,2000.0,46_Kagoshima-ken,46203,3920_(Municipalities as of 2000) Aira-cho,6058,2838,3220,6670,-612,-9.18,88.14,59.15,102.4,2570,2560,10,2742,-172,-6.27,6058,5817,241
3920,46_Kagoshima-ken,46204,2000.0,46_Kagoshima-ken,46204,3921_Makurazaki-shi,20033,9178,10855,22046,-2013,-9.13,84.55,74.78,267.9,9455,9428,27,10062,-607,-6.03,20033,19236,797
3921,46_Kagoshima-ken,46206,2000.0,46_Kagoshima-ken,46206,3922_Akune-shi,19270,9064,10206,21198,-1928,-9.10,88.81,134.28,143.5,8617,8581,36,9196,-579,-6.30,19270,18368,902
3922,46_Kagoshima-ken,46208,,46_Kagoshima-ken,46208,3923_Izumi-shi,51994,24237,27757,53758,-1764,-3.28,87.32,329.98,157.6,22796,22737,59,22508,288,1.28,51994,50033,1961
3923,46_Kagoshima-ken,46208,2000.0,46_Kagoshima-ken,46208,3924_(Municipalities as of 2000) Izumi-shi,35402,16497,18905,36548,-1146,-3.14,87.26,229.68,154.1,15718,15673,45,15446,272,1.76,35402,33907,1495
3924,46_Kagoshima-ken,46401,2000.0,46_Kagoshima-ken,46208,3925_(Municipalities as of 2000) Noda-cho,3759,1696,2063,4098,-339,-8.27,82.21,30.6,122.8,1653,1646,7,1713,-60,-3.50,3759,3592,167
3925,46_Kagoshima-ken,46402,2000.0,46_Kagoshima-ken,46208,3926_(Municipalities as of 2000) Takaono-cho,12833,6044,6789,13112,-279,-2.13,89.03,69.78,183.9,5425,5418,7,5349,76,1.42,12833,12534,299
3926,46_Kagoshima-ken,46210,,46_Kagoshima-ken,46210,3927_Ibusuki-shi,39011,18107,20904,41831,-2820,-6.74,86.62,148.84,262.1,17790,17730,60,18509,-719,-3.88,39011,37179,1832
3927,46_Kagoshima-ken,46210,2000.0,46_Kagoshima-ken,46210,3928_(Municipalities as of 2000) Ibusuki-shi,26122,12144,13978,27493,-1371,-4.99,86.88,78.25,333.8,11845,11806,39,12158,-313,-2.57,26122,24955,1167
3928,46_Kagoshima-ken,46322,2000.0,46_Kagoshima-ken,46210,3929_(Municipalities as of 2000) Yamagawa-cho,7881,3658,4223,8713,-832,-9.55,86.62,37.18,212.0,3701,3693,8,3921,-220,-5.61,7881,7595,286
3929,46_Kagoshima-ken,46324,2000.0,46_Kagoshima-ken,46210,3930_(Municipalities as of 2000) Kaimon-cho,5008,2305,2703,5625,-617,-10.97,85.28,33.45,149.7,2244,2231,13,2430,-186,-7.65,5008,4629,379
3930,46_Kagoshima-ken,46213,2000.0,46_Kagoshima-ken,46213,3931_Nishinoomote-shi,14708,7049,7659,15967,-1259,-7.89,92.04,205.66,71.5,7046,7017,29,7368,-322,-4.37,14708,14276,432
3931,46_Kagoshima-ken,46214,2000.0,46_Kagoshima-ken,46214,3932_Tarumizu-shi,13819,6397,7422,15520,-1701,-10.96,86.19,162.12,85.2,6560,6545,15,6988,-428,-6.12,13819,13379,440
3932,46_Kagoshima-ken,46215,,46_Kagoshima-ken,46215,3933_Satsumasendai-shi,92403,44570,47833,96076,-3673,-3.82,93.18,682.92,135.3,40995,40842,153,40686,309,0.76,92403,88576,3827
3933,46_Kagoshima-ken,46202,2000.0,46_Kagoshima-ken,46215,3934_(Municipalities as of 2000) Sendai-shi,70360,34140,36220,71144,-784,-1.10,94.26,265.44,265.1,31120,31013,107,29886,1234,4.13,70360,67773,2587
3934,46_Kagoshima-ken,46381,2000.0,46_Kagoshima-ken,46215,3935_(Municipalities as of 2000) Hiwaki-cho,5948,2769,3179,6534,-586,-8.97,87.10,64.18,92.7,2523,2513,10,2692,-169,-6.28,5948,5497,451
3935,46_Kagoshima-ken,46382,2000.0,46_Kagoshima-ken,46215,3936_(Municipalities as of 2000) Iriki-cho,4130,1897,2233,4727,-597,-12.63,84.95,72.38,57.1,1801,1791,10,1991,-190,-9.54,4130,3921,209
3936,46_Kagoshima-ken,46383,2000.0,46_Kagoshima-ken,46215,3937_(Municipalities as of 2000) Togo-cho,4822,2272,2550,5288,-466,-8.81,89.10,80.15,60.2,2026,2024,2,2137,-111,-5.19,4822,4717,105
3937,46_Kagoshima-ken,46387,2000.0,46_Kagoshima-ken,46215,3938_(Municipalities as of 2000) Kedoin-cho,3160,1446,1714,3664,-504,-13.76,84.36,82.56,38.3,1371,1361,10,1530,-159,-10.39,3160,2935,225
3938,46_Kagoshima-ken,46388,2000.0,46_Kagoshima-ken,46215,3939_(Municipalities as of 2000) Sato-mura,1026,507,519,1151,-125,-10.86,97.69,17.31,59.3,509,506,3,523,-14,-2.68,1026,980,46
3939,46_Kagoshima-ken,46389,2000.0,46_Kagoshima-ken,46215,3940_(Municipalities as of 2000) Kamikoshiki-mura,1022,498,524,1247,-225,-18.04,95.04,35.11,29.1,584,581,3,695,-111,-15.97,1022,990,32
3940,46_Kagoshima-ken,46390,2000.0,46_Kagoshima-ken,46215,3941_(Municipalities as of 2000) Shimokoshiki-son,1582,858,724,1908,-326,-17.09,118.51,57.61,27.5,867,861,6,992,-125,-12.60,1582,1442,140
3941,46_Kagoshima-ken,46391,2000.0,46_Kagoshima-ken,46215,3942_(Municipalities as of 2000) Kashima-mura,353,183,170,413,-60,-14.53,107.65,8.68,40.7,194,192,2,240,-46,-19.17,353,321,32
3942,46_Kagoshima-ken,46216,,46_Kagoshima-ken,46216,3943_Hioki-shi,47153,22167,24986,49249,-2096,-4.26,88.72,253.01,186.4,19415,19328,87,19649,-234,-1.19,47153,44309,2844
3943,46_Kagoshima-ken,46362,2000.0,46_Kagoshima-ken,46216,3944_(Municipalities as of 2000) Higashiichiki-cho,10747,4992,5755,11704,-957,-8.18,86.74,70.9,151.6,4584,4569,15,4776,-192,-4.02,10747,10203,544
3944,46_Kagoshima-ken,46363,2000.0,46_Kagoshima-ken,46216,3945_(Municipalities as of 2000) Ijuin-cho,24893,11766,13127,24593,300,1.22,89.63,55.83,445.9,9821,9777,44,9442,379,4.01,24893,23472,1421
3945,46_Kagoshima-ken,46366,2000.0,46_Kagoshima-ken,46216,3946_(Municipalities as of 2000) Hiyoshi-cho,4367,2025,2342,4918,-551,-11.20,86.46,29.25,149.3,1935,1926,9,2077,-142,-6.84,4367,4203,164
3946,46_Kagoshima-ken,46367,2000.0,46_Kagoshima-ken,46216,3947_(Municipalities as of 2000) Fukiage-cho,7146,3384,3762,8034,-888,-11.05,89.95,96.99,73.7,3075,3056,19,3354,-279,-8.32,7146,6431,715
3947,46_Kagoshima-ken,46217,,46_Kagoshima-ken,46217,3948_Soo-shi,33310,15556,17754,36557,-3247,-8.88,87.62,390.14,85.4,15325,15266,59,16134,-809,-5.01,33310,32041,1269
3948,46_Kagoshima-ken,46461,2000.0,46_Kagoshima-ken,46217,3949_(Municipalities as of 2000) Osumi-cho,9212,4262,4950,10299,-1087,-10.55,86.10,145.58,63.3,4449,4427,22,4755,-306,-6.44,9212,8837,375
3949,46_Kagoshima-ken,46463,2000.0,46_Kagoshima-ken,46217,3950_(Municipalities as of 2000) Takarabe-cho,9032,4182,4850,9644,-612,-6.35,86.23,115.72,78.1,4081,4071,10,4229,-148,-3.50,9032,8793,239
3950,46_Kagoshima-ken,46464,2000.0,46_Kagoshima-ken,46217,3951_(Municipalities as of 2000) Sueyoshi-cho,15066,7112,7954,16614,-1548,-9.32,89.41,129.09,116.7,6795,6768,27,7150,-355,-4.97,15066,14411,655
3951,46_Kagoshima-ken,46218,,46_Kagoshima-ken,46218,3952_Kirishima-shi,123135,58976,64159,125857,-2722,-2.16,91.92,603.16,204.1,55586,55442,144,54334,1252,2.30,123135,118702,4433
3952,46_Kagoshima-ken,46212,2000.0,46_Kagoshima-ken,46218,3953_(Municipalities as of 2000) Kokubu-shi,58735,28596,30139,58139,596,1.03,94.88,122.51,479.4,26737,26677,60,25164,1573,6.25,58735,57317,1418
3953,46_Kagoshima-ken,46444,2000.0,46_Kagoshima-ken,46218,3954_(Municipalities as of 2000) Mizobe-cho,7642,3563,4079,8071,-429,-5.32,87.35,63.5,120.3,3403,3395,8,3503,-100,-2.85,7642,7501,141
3954,46_Kagoshima-ken,46445,2000.0,46_Kagoshima-ken,46218,3955_(Municipalities as of 2000) Yokogawa-cho,3632,1729,1903,4227,-595,-14.08,90.86,70.45,51.6,1751,1747,4,1942,-191,-9.84,3632,3529,103
3955,46_Kagoshima-ken,46448,2000.0,46_Kagoshima-ken,46218,3956_(Municipalities as of 2000) Makizono-cho,6115,2807,3308,7155,-1040,-14.54,84.85,129.66,47.2,3009,3001,8,3406,-397,-11.66,6115,5764,351
3956,46_Kagoshima-ken,46449,2000.0,46_Kagoshima-ken,46218,3957_(Municipalities as of 2000) Kirishima-cho,4293,1973,2320,4914,-621,-12.64,85.04,82.54,52.0,1996,1987,9,2165,-169,-7.81,4293,4002,291
3957,46_Kagoshima-ken,46450,2000.0,46_Kagoshima-ken,46218,3958_(Municipalities as of 2000) Hayato-cho,38014,18009,20005,37898,116,0.31,90.02,66.49,571.7,16700,16655,45,15972,728,4.56,38014,36535,1479
3958,46_Kagoshima-ken,46451,2000.0,46_Kagoshima-ken,46218,3959_(Municipalities as of 2000) Fukuyama-cho,4704,2299,2405,5453,-749,-13.74,95.59,68.52,68.7,1990,1980,10,2182,-192,-8.80,4704,4054,650
3959,46_Kagoshima-ken,46219,,46_Kagoshima-ken,46219,3960_Ichikikushikino-shi,27490,12742,14748,29282,-1792,-6.12,86.40,112.29,244.8,11974,11920,54,12159,-185,-1.52,27490,26036,1454
3960,46_Kagoshima-ken,46205,2000.0,46_Kagoshima-ken,46219,3961_(Municipalities as of 2000) Kushikino-shi,21347,9930,11417,22792,-1445,-6.34,86.98,80.46,265.3,9395,9354,41,9572,-177,-1.85,21347,20373,974
3961,46_Kagoshima-ken,46361,2000.0,46_Kagoshima-ken,46219,3962_(Municipalities as of 2000) Ichiki-cho,6143,2812,3331,6490,-347,-5.35,84.42,31.56,194.6,2579,2566,13,2587,-8,-0.31,6143,5663,480
3962,46_Kagoshima-ken,46220,,46_Kagoshima-ken,46220,3963_Minamisatsuma-shi,32887,15107,17780,35439,-2552,-7.20,84.97,283.59,116.0,14444,14373,71,15361,-917,-5.97,32887,30433,2454
3963,46_Kagoshima-ken,46211,2000.0,46_Kagoshima-ken,46220,3964_(Municipalities as of 2000) Kaseda-shi,20564,9436,11128,21137,-573,-2.71,84.80,94.37,217.9,8764,8724,40,8878,-114,-1.28,20564,18974,1590
3964,46_Kagoshima-ken,46341,2000.0,46_Kagoshima-ken,46220,3965_(Municipalities as of 2000) Kasasa-cho,2036,920,1116,2520,-484,-19.21,82.44,39.88,51.1,974,968,6,1214,-240,-19.77,2036,1769,267
3965,46_Kagoshima-ken,46342,2000.0,46_Kagoshima-ken,46220,3966_(Municipalities as of 2000) Oura-cho,1674,791,883,1942,-268,-13.80,89.58,38.19,43.8,832,829,3,930,-98,-10.54,1674,1601,73
3966,46_Kagoshima-ken,46343,2000.0,46_Kagoshima-ken,46220,3967_(Municipalities as of 2000) Bounotsu-cho,2621,1192,1429,3181,-560,-17.60,83.41,38.61,67.9,1312,1307,5,1534,-222,-14.47,2621,2525,96
3967,46_Kagoshima-ken,46368,2000.0,46_Kagoshima-ken,46220,3968_(Municipalities as of 2000) Kimpo-cho,5992,2768,3224,6659,-667,-10.02,85.86,72.25,82.9,2562,2545,17,2805,-243,-8.66,5992,5564,428
3968,46_Kagoshima-ken,46221,,46_Kagoshima-ken,46221,3969_Shibushi-shi,29329,13998,15331,31479,-2150,-6.83,91.31,290.28,101.0,13241,13188,53,13869,-628,-4.53,29329,28249,1080
3969,46_Kagoshima-ken,46465,2000.0,46_Kagoshima-ken,46221,3970_(Municipalities as of 2000) Matsuyama-cho,3607,1721,1886,3977,-370,-9.30,91.25,49.81,72.4,1580,1575,5,1705,-125,-7.33,3607,3475,132
3970,46_Kagoshima-ken,46466,2000.0,46_Kagoshima-ken,46221,3971_(Municipalities as of 2000) Shibushi-cho,15713,7480,8233,16820,-1107,-6.58,90.85,141.61,111.0,7293,7255,38,7583,-290,-3.82,15713,14987,726
3971,46_Kagoshima-ken,46467,2000.0,46_Kagoshima-ken,46221,3972_(Municipalities as of 2000) Ariake-cho,10009,4797,5212,10682,-673,-6.30,92.04,98.05,102.1,4368,4358,10,4581,-213,-4.65,10009,9787,222
3972,46_Kagoshima-ken,46222,,46_Kagoshima-ken,46222,3973_Amami-shi,41390,19778,21612,43156,-1766,-4.09,91.51,308.33,134.2,19648,19586,62,19627,21,0.11,41390,39696,1694
3973,46_Kagoshima-ken,46207,2000.0,46_Kagoshima-ken,46222,3974_(Municipalities as of 2000) Naze-shi,34838,16660,18178,36216,-1378,-3.80,91.65,127.6,273.0,16518,16469,49,16444,74,0.45,34838,33428,1410
3974,46_Kagoshima-ken,46526,2000.0,46_Kagoshima-ken,46222,3975_(Municipalities as of 2000) Sumiyo-son,1188,574,614,1292,-104,-8.05,93.49,118.13,10.1,606,604,2,625,-19,-3.04,1188,1120,68
3975,46_Kagoshima-ken,46528,2000.0,46_Kagoshima-ken,46222,3976_(Municipalities as of 2000) Kasari-cho,5364,2544,2820,5648,-284,-5.03,90.21,60.19,89.1,2524,2513,11,2558,-34,-1.33,5364,5148,216
3976,46_Kagoshima-ken,46223,,46_Kagoshima-ken,46223,3977_Minamikyushu-shi,33080,15447,17633,36352,-3272,-9.00,87.60,357.91,92.4,14485,14386,99,15349,-864,-5.63,33080,31270,1810
3977,46_Kagoshima-ken,46323,2000.0,46_Kagoshima-ken,46223,3978_(Municipalities as of 2000) Ei-cho,10561,4927,5634,11905,-1344,-11.29,87.45,110.31,95.7,4588,4538,50,4936,-348,-7.05,10561,9889,672
3978,46_Kagoshima-ken,46344,2000.0,46_Kagoshima-ken,46223,3979_(Municipalities as of 2000) Chiran-cho,10522,4935,5587,11469,-947,-8.26,88.33,120.19,87.5,4711,4676,35,4955,-244,-4.92,10522,9952,570
3979,46_Kagoshima-ken,46345,2000.0,46_Kagoshima-ken,46223,3980_(Municipalities as of 2000) Kawanabe-cho,11997,5585,6412,12978,-981,-7.56,87.10,127.35,94.2,5186,5172,14,5458,-272,-4.98,11997,11429,568
3980,46_Kagoshima-ken,46224,,46_Kagoshima-ken,46224,3981_Isa-shi,24453,11327,13126,26810,-2357,-8.79,86.29,392.56,62.3,11394,11350,44,12110,-716,-5.91,24453,23358,1095
3981,46_Kagoshima-ken,46209,2000.0,46_Kagoshima-ken,46224,3982_(Municipalities as of 2000) Okuchi-shi,17473,8052,9421,18865,-1392,-7.38,85.47,291.88,59.9,8109,8070,39,8534,-425,-4.98,17473,16538,935
3982,46_Kagoshima-ken,46421,2000.0,46_Kagoshima-ken,46224,3983_(Municipalities as of 2000) Hishikari-cho,6980,3275,3705,7945,-965,-12.15,88.39,100.48,69.5,3285,3280,5,3576,-291,-8.14,6980,6820,160
3983,46_Kagoshima-ken,46225,,46_Kagoshima-ken,46225,3984_Aira-shi,76348,35748,40600,75173,1175,1.56,88.05,231.25,330.2,32850,32747,103,31435,1415,4.50,76348,73486,2862
3984,46_Kagoshima-ken,46441,2000.0,46_Kagoshima-ken,46225,3985_(Municipalities as of 2000) Kajiki-cho,20739,9629,11110,21644,-905,-4.18,86.67,47.5,436.6,9009,8967,42,9048,-39,-0.43,20739,19357,1382
3985,46_Kagoshima-ken,46442,2000.0,46_Kagoshima-ken,46225,3986_(Municipalities as of 2000) Aira-cho,49740,23385,26355,47031,2709,5.76,88.73,103.3,481.5,21192,21135,57,19568,1624,8.30,49740,48332,1408
3986,46_Kagoshima-ken,46443,2000.0,46_Kagoshima-ken,46225,3987_(Municipalities as of 2000) Kamou-cho,5869,2734,3135,6498,-629,-9.68,87.21,80.5,72.9,2649,2645,4,2819,-170,-6.03,5869,5797,72
3987,46_Kagoshima-ken,46303,2000.0,46_Kagoshima-ken,46303,3988_Mishima-mura,405,191,214,407,-2,-0.49,89.25,31.39,12.9,218,218,NULL,223,-5,-2.24,405,405,NULL
3988,46_Kagoshima-ken,46304,2000.0,46_Kagoshima-ken,46304,3989_Toshima-mura,740,412,328,756,-16,-2.12,125.61,101.14,7.3,426,369,57,427,-1,-0.23,740,672,68
3989,46_Kagoshima-ken,46392,,46_Kagoshima-ken,46392,3990_Satsuma-cho,20243,9439,10804,22400,-2157,-9.63,87.37,303.9,66.6,9231,9190,41,9690,-459,-4.74,20243,19305,938
3990,46_Kagoshima-ken,46384,2000.0,46_Kagoshima-ken,46392,3991_(Municipalities as of 2000) Miyanojo-cho,13691,6421,7270,14958,-1267,-8.47,88.32,145.95,93.8,6233,6201,32,6462,-229,-3.54,13691,12981,710
3991,46_Kagoshima-ken,46385,2000.0,46_Kagoshima-ken,46392,3992_(Municipalities as of 2000) Tsuruda-cho,3640,1711,1929,4107,-467,-11.37,88.70,77.99,46.7,1577,1570,7,1710,-133,-7.78,3640,3499,141
3992,46_Kagoshima-ken,46386,2000.0,46_Kagoshima-ken,46392,3993_(Municipalities as of 2000) Satsuma-cho,2912,1307,1605,3335,-423,-12.68,81.43,79.49,36.6,1421,1419,2,1518,-97,-6.39,2912,2825,87
3993,46_Kagoshima-ken,46404,,46_Kagoshima-ken,46404,3994_Nagashima-cho,9705,4706,4999,10431,-726,-6.96,94.14,116.19,83.5,3981,3972,9,4137,-156,-3.77,9705,9464,241
3994,46_Kagoshima-ken,46403,2000.0,46_Kagoshima-ken,46404,3995_(Municipalities as of 2000) Azuma-cho,5843,2824,3019,6206,-363,-5.85,93.54,71.05,82.2,2336,2329,7,2445,-109,-4.46,5843,5698,145
3995,46_Kagoshima-ken,46404,2000.0,46_Kagoshima-ken,46404,3996_(Municipalities as of 2000) Nagashima-cho,3862,1882,1980,4225,-363,-8.59,95.05,45.05,85.7,1645,1643,2,1692,-47,-2.78,3862,3766,96
3996,46_Kagoshima-ken,46452,,46_Kagoshima-ken,46452,3997_Yusui-cho,9119,4403,4716,10327,-1208,-11.70,93.36,144.29,63.2,4102,4084,18,4323,-221,-5.11,9119,8351,768
3997,46_Kagoshima-ken,46446,2000.0,46_Kagoshima-ken,46452,3998_(Municipalities as of 2000) Kurino-cho,5887,2741,3146,6460,-573,-8.87,87.13,89.85,65.5,2668,2660,8,2761,-93,-3.37,5887,5531,356
3998,46_Kagoshima-ken,46447,2000.0,46_Kagoshima-ken,46452,3999_(Municipalities as of 2000) Yoshimatsu-cho,3232,1662,1570,3867,-635,-16.42,105.86,54.48,59.3,1434,1424,10,1562,-128,-8.19,3232,2820,412
3999,46_Kagoshima-ken,46468,2000.0,46_Kagoshima-ken,46468,4000_Osaki-cho,12385,5868,6517,13241,-856,-6.46,90.04,100.67,123.0,5906,5894,12,6074,-168,-2.77,12385,11997,388
4000,46_Kagoshima-ken,46482,2000.0,46_Kagoshima-ken,46482,4001_Higashikushira-cho,6237,2946,3291,6530,-293,-4.49,89.52,27.78,224.5,2772,2757,15,2826,-54,-1.91,6237,5966,271
4001,46_Kagoshima-ken,46490,,46_Kagoshima-ken,46490,4002_Kinko-cho,6944,3259,3685,7923,-979,-12.36,88.44,163.19,42.6,3175,3167,8,3442,-267,-7.76,6944,6525,419
4002,46_Kagoshima-ken,46486,2000.0,46_Kagoshima-ken,46490,4003_(Municipalities as of 2000) Onejime-cho,4918,2288,2630,5583,-665,-11.91,87.00,85.34,57.6,2225,2219,6,2374,-149,-6.28,4918,4563,355
4003,46_Kagoshima-ken,46488,2000.0,46_Kagoshima-ken,46490,4004_(Municipalities as of 2000) Tashiro-cho,2026,971,1055,2340,-314,-13.42,92.04,77.81,26.0,950,948,2,1068,-118,-11.05,2026,1962,64
4004,46_Kagoshima-ken,46491,,46_Kagoshima-ken,46491,4005_Minamiosumi-cho,6481,3078,3403,7542,-1061,-14.07,90.45,213.57,30.3,3153,3130,23,3559,-406,-11.41,6481,6163,318
4005,46_Kagoshima-ken,46487,2000.0,46_Kagoshima-ken,46491,4006_(Municipalities as of 2000) Nejime-cho,4769,2294,2475,5349,-580,-10.84,92.69,88.06,54.2,2180,2159,21,2384,-204,-8.56,4769,4512,257
4006,46_Kagoshima-ken,46489,2000.0,46_Kagoshima-ken,46491,4007_(Municipalities as of 2000) Sata-cho,1712,784,928,2193,-481,-21.93,84.48,125.53,13.6,973,971,2,1175,-202,-17.19,1712,1651,61
4007,46_Kagoshima-ken,46492,,46_Kagoshima-ken,46492,4008_Kimotsuki-cho,14227,6982,7245,15664,-1437,-9.17,96.37,308.1,46.2,6393,6364,29,6974,-581,-8.33,14227,13411,816
4008,46_Kagoshima-ken,46483,2000.0,46_Kagoshima-ken,46492,4009_(Municipalities as of 2000) Uchinoura-cho,2677,1290,1387,3215,-538,-16.73,93.01,179.36,14.9,1409,1407,2,1582,-173,-10.94,2677,2613,64
4009,46_Kagoshima-ken,46484,2000.0,46_Kagoshima-ken,46492,4010_(Municipalities as of 2000) Koyama-cho,11550,5692,5858,12449,-899,-7.22,97.17,128.75,89.7,4984,4957,27,5392,-408,-7.57,11550,10798,752
4010,46_Kagoshima-ken,46501,2000.0,46_Kagoshima-ken,46501,4011_Nakatane-cho,7539,3549,3990,8135,-596,-7.33,88.95,137.18,55.0,3596,3574,22,3741,-145,-3.88,7539,7267,272
4011,46_Kagoshima-ken,46502,2000.0,46_Kagoshima-ken,46502,4012_Minamitane-cho,5445,2726,2719,5745,-300,-5.22,100.26,110.36,49.3,2673,2668,5,2727,-54,-1.98,5445,5354,91
4012,46_Kagoshima-ken,46505,,46_Kagoshima-ken,46505,4013_Yakushima-cho,11858,5800,6058,12913,-1055,-8.17,95.74,540.48,21.9,5847,5836,11,6133,-286,-4.66,11858,11595,263
4013,46_Kagoshima-ken,46503,2000.0,46_Kagoshima-ken,46505,4014_(Municipalities as of 2000) Kamiyaku-cho,5616,2716,2900,6228,-612,-9.83,93.66,298.93,18.8,2736,2730,6,2915,-179,-6.14,5616,5452,164
4014,46_Kagoshima-ken,46504,2000.0,46_Kagoshima-ken,46505,4015_(Municipalities as of 2000) Yaku-cho,6242,3084,3158,6685,-443,-6.63,97.66,242.03,25.8,3111,3106,5,3218,-107,-3.33,6242,6143,99
4015,46_Kagoshima-ken,46523,2000.0,46_Kagoshima-ken,46523,4016_Yamato-son,1364,673,691,1530,-166,-10.85,97.40,88.26,15.5,688,685,3,709,-21,-2.96,1364,1308,56
4016,46_Kagoshima-ken,46524,2000.0,46_Kagoshima-ken,46524,4017_Uken-son,1621,792,829,1722,-101,-5.87,95.54,103.07,15.7,805,799,6,866,-61,-7.04,1621,1528,93
4017,46_Kagoshima-ken,46525,2000.0,46_Kagoshima-ken,46525,4018_Setouchi-cho,8546,4215,4331,9042,-496,-5.49,97.32,239.65,35.7,4270,4233,37,4413,-143,-3.24,8546,8008,538
4018,46_Kagoshima-ken,46527,2000.0,46_Kagoshima-ken,46527,4019_Tatsugo-cho,5817,2812,3005,5806,11,0.19,93.58,81.82,71.1,2561,2554,7,2414,147,6.09,5817,5510,307
4019,46_Kagoshima-ken,46529,2000.0,46_Kagoshima-ken,46529,4020_Kikai-cho,6629,3255,3374,7212,-583,-8.08,96.47,56.82,116.7,3258,3252,6,3363,-105,-3.12,6629,6399,230
4020,46_Kagoshima-ken,46530,2000.0,46_Kagoshima-ken,46530,4021_Tokunoshima-cho,10147,4967,5180,11160,-1013,-9.08,95.89,104.92,96.7,4714,4696,18,4960,-246,-4.96,10147,9672,475
4021,46_Kagoshima-ken,46531,2000.0,46_Kagoshima-ken,46531,4022_Amagi-cho,5517,2788,2729,5975,-458,-7.67,102.16,80.4,68.6,2521,2514,7,2623,-102,-3.89,5517,5343,174
4022,46_Kagoshima-ken,46532,2000.0,46_Kagoshima-ken,46532,4023_Isen-cho,6139,3074,3065,6362,-223,-3.51,100.29,62.71,97.9,2783,2776,7,2885,-102,-3.54,6139,5971,168
4023,46_Kagoshima-ken,46533,2000.0,46_Kagoshima-ken,46533,4024_Wadomari-cho,6246,3081,3165,6783,-537,-7.92,97.35,40.39,154.6,2883,2876,7,2909,-26,-0.89,6246,6062,184
4024,46_Kagoshima-ken,46534,2000.0,46_Kagoshima-ken,46534,4025_China-cho,5750,2862,2888,6213,-463,-7.45,99.10,53.3,107.9,2659,2647,12,2692,-33,-1.23,5750,5485,265
4025,46_Kagoshima-ken,46535,2000.0,46_Kagoshima-ken,46535,4026_Yoron-cho,5115,2460,2655,5186,-71,-1.37,92.66,20.58,248.5,2160,2154,6,2056,104,5.06,5115,4910,205
4026,47_Okinawa-ken,47000,2000.0,47_Okinawa-ken,47000,4027_Okinawa-ken,1467480,722812,744668,1433566,33914,2.37,97.07,2282.59,642.9,614708,613294,1414,560424,54284,9.69,1467480,1430169,37311
4027,47_Okinawa-ken,47201,2000.0,47_Okinawa-ken,47201,4028_Naha-shi,317625,154042,163583,319435,-1810,-0.57,94.17,41.42,7668.4,144355,144011,344,135532,8823,6.51,317625,309717,7908
4028,47_Okinawa-ken,47205,2000.0,47_Okinawa-ken,47205,4029_Ginowan-shi,100125,48826,51299,96243,3882,4.03,95.18,19.8,5056.8,44163,44113,50,39333,4830,12.28,100125,98885,1240
4029,47_Okinawa-ken,47207,2000.0,47_Okinawa-ken,47207,4030_Ishigaki-shi,47637,24001,23636,47564,73,0.15,101.54,229.15,207.9,22033,22006,27,20514,1519,7.40,47637,47037,600
4030,47_Okinawa-ken,47208,2000.0,47_Okinawa-ken,47208,4031_Urasoe-shi,115690,55977,59713,114232,1458,1.28,93.74,19.5,5932.8,47331,47249,82,44041,3290,7.47,115690,113388,2302
4031,47_Okinawa-ken,47209,2000.0,47_Okinawa-ken,47209,4032_Nago-shi,63554,31606,31948,61674,1880,3.05,98.93,210.94,301.3,28453,28362,91,26142,2311,8.84,63554,61167,2387
4032,47_Okinawa-ken,47210,2000.0,47_Okinawa-ken,47210,4033_Itoman-shi,61007,30707,30300,58547,2460,4.20,101.34,46.63,1308.3,23272,23205,67,20647,2625,12.71,61007,58597,2410
4033,47_Okinawa-ken,47211,2000.0,47_Okinawa-ken,47211,4034_Okinawa-shi,142752,69489,73263,139279,3473,2.49,94.85,49.72,2871.1,60570,60453,117,53325,7245,13.59,142752,139706,3046
4034,47_Okinawa-ken,47341,,47_Okinawa-ken,47212,4035_Tomigusuku-shi,64612,31465,33147,61119,3493,5.72,94.93,19.31,3346.0,24580,24537,43,21780,2800,12.86,64612,63105,1507
4035,47_Okinawa-ken,47341,2000.0,47_Okinawa-ken,47212,4036_(Municipalities as of 2000) Tomigusuku-son,64612,31465,33147,61119,3493,5.72,94.93,18.58,3477.5,24580,24537,43,21780,2800,12.86,64612,63105,1507
4036,47_Okinawa-ken,47213,,47_Okinawa-ken,47213,4037_Uruma-shi,125303,63049,62254,118898,6405,5.39,101.28,87.02,1439.9,48163,48067,96,42378,5785,13.65,125303,122172,3131
4037,47_Okinawa-ken,47202,2000.0,47_Okinawa-ken,47213,4038_(Municipalities as of 2000) Ishikawa-shi,23869,11960,11909,23251,618,2.66,100.43,21.03,1135.0,9818,9799,19,8866,952,10.74,23869,23336,533
4038,47_Okinawa-ken,47203,2000.0,47_Okinawa-ken,47213,4039_(Municipalities as of 2000) Gushikawa-shi,77312,38417,38895,71115,6197,8.71,98.77,31.99,2416.8,29363,29307,56,25302,4061,16.05,77312,75403,1909
4039,47_Okinawa-ken,47322,2000.0,47_Okinawa-ken,47213,4040_(Municipalities as of 2000) Yonashiro-cho,11451,5968,5483,11503,-52,-0.45,108.85,18.95,604.3,4493,4490,3,4052,441,10.88,11451,11356,95
4040,47_Okinawa-ken,47323,2000.0,47_Okinawa-ken,47213,4041_(Municipalities as of 2000) Katsuren-cho,12671,6704,5967,13029,-358,-2.75,112.35,13.68,926.2,4489,4471,18,4158,331,7.96,12671,12077,594
4041,47_Okinawa-ken,47214,,47_Okinawa-ken,47214,4042_Miyakojima-shi,52931,26481,26450,51186,1745,3.41,100.12,204.27,259.1,24235,24174,61,21977,2258,10.27,52931,51370,1561
4042,47_Okinawa-ken,47206,2000.0,47_Okinawa-ken,47214,4043_(Municipalities as of 2000) Hirara-shi,36845,18266,18579,35280,1565,4.44,98.32,64.92,567.5,17077,17037,40,15024,2053,13.66,36845,35872,973
4043,47_Okinawa-ken,47371,2000.0,47_Okinawa-ken,47214,4044_(Municipalities as of 2000) Gusukube-cho,4907,2572,2335,5386,-479,-8.89,110.15,57.6,85.2,2293,2292,1,2365,-72,-3.04,4907,4906,1
4044,47_Okinawa-ken,47372,2000.0,47_Okinawa-ken,47214,4045_(Municipalities as of 2000) Shimoji-cho,2876,1345,1531,2892,-16,-0.55,87.85,23.63,121.7,1227,1222,5,1215,12,0.99,2876,2700,176
4045,47_Okinawa-ken,47373,2000.0,47_Okinawa-ken,47214,4046_(Municipalities as of 2000) Ueno-son,3721,2009,1712,2859,862,30.15,117.35,18.98,196.0,1591,1580,11,1301,290,22.29,3721,3370,351
4046,47_Okinawa-ken,47374,2000.0,47_Okinawa-ken,47214,4047_(Municipalities as of 2000) Irabu-cho,4582,2289,2293,4769,-187,-3.92,99.83,39.2,116.9,2047,2043,4,2072,-25,-1.21,4582,4522,60
4047,47_Okinawa-ken,47215,,47_Okinawa-ken,47215,4048_Nanjo-shi,44043,22164,21879,42016,2027,4.82,101.30,49.94,881.9,15895,15842,53,14295,1600,11.19,44043,42303,1740
4048,47_Okinawa-ken,47345,2000.0,47_Okinawa-ken,47215,4049_(Municipalities as of 2000) Tamagusuku-son,12018,6007,6011,11682,336,2.88,99.93,16.87,712.4,4323,4313,10,3980,343,8.62,12018,11696,322
4049,47_Okinawa-ken,47346,2000.0,47_Okinawa-ken,47215,4050_(Municipalities as of 2000) Chinen-son,4666,2531,2135,5107,-441,-8.64,118.55,9.73,479.5,1714,1705,9,1781,-67,-3.76,4666,4281,385
4050,47_Okinawa-ken,47347,2000.0,47_Okinawa-ken,47215,4051_(Municipalities as of 2000) Sashiki-cho,12134,6072,6062,11600,534,4.60,100.16,10.6,1144.7,4557,4540,17,4063,494,12.16,12134,11567,567
4051,47_Okinawa-ken,47349,2000.0,47_Okinawa-ken,47215,4052_(Municipalities as of 2000) Ozato-son,15225,7554,7671,13627,1598,11.73,98.47,12.35,1232.8,5301,5284,17,4471,830,18.56,15225,14759,466
4052,47_Okinawa-ken,47301,2000.0,47_Okinawa-ken,47301,4053_Kunigami-son,4517,2317,2200,4908,-391,-7.97,105.32,194.8,23.2,1976,1971,5,2061,-85,-4.12,4517,4412,105
4053,47_Okinawa-ken,47302,2000.0,47_Okinawa-ken,47302,4054_Ogimi-son,3092,1640,1452,3060,32,1.05,112.95,63.55,48.7,1308,1295,13,1262,46,3.65,3092,2864,228
4054,47_Okinawa-ken,47303,2000.0,47_Okinawa-ken,47303,4055_Higashi-son,1598,884,714,1720,-122,-7.09,123.81,81.88,19.5,725,721,4,748,-23,-3.07,1598,1547,51
4055,47_Okinawa-ken,47306,2000.0,47_Okinawa-ken,47306,4056_Nakijin-son,8894,4466,4428,9531,-637,-6.68,100.86,39.93,222.7,3541,3519,22,3490,51,1.46,8894,8375,519
4056,47_Okinawa-ken,47308,2000.0,47_Okinawa-ken,47308,4057_Motobu-cho,12530,6337,6193,13536,-1006,-7.43,102.33,54.36,230.5,5351,5325,26,5237,114,2.18,12530,11977,553
4057,47_Okinawa-ken,47311,2000.0,47_Okinawa-ken,47311,4058_Onna-son,10869,5497,5372,10652,217,2.04,102.33,50.84,213.8,4735,4726,9,4065,670,16.48,10869,10627,242
4058,47_Okinawa-ken,47313,2000.0,47_Okinawa-ken,47313,4059_Ginoza-son,5833,2907,2926,5597,236,4.22,99.35,31.3,186.4,2239,2233,6,2003,236,11.78,5833,5613,220
4059,47_Okinawa-ken,47314,2000.0,47_Okinawa-ken,47314,4060_Kin-cho,10806,5371,5435,11232,-426,-3.79,98.82,37.84,285.6,4657,4638,19,4611,46,1.00,10806,10237,569
4060,47_Okinawa-ken,47315,2000.0,47_Okinawa-ken,47315,4061_Ie-son,4118,2074,2044,4260,-142,-3.33,101.47,22.78,180.8,1900,1899,1,1917,-17,-0.89,4118,4089,29
4061,47_Okinawa-ken,47324,2000.0,47_Okinawa-ken,47324,4062_Yomitan-son,41206,20242,20964,39504,1702,4.31,96.56,35.28,1168.0,15672,15643,29,13658,2014,14.75,41206,40665,541
4062,47_Okinawa-ken,47325,2000.0,47_Okinawa-ken,47325,4063_Kadena-cho,13521,6561,6960,13685,-164,-1.20,94.27,15.12,894.2,5220,5215,5,5069,151,2.98,13521,13251,270
4063,47_Okinawa-ken,47326,2000.0,47_Okinawa-ken,47326,4064_Chatan-cho,28201,13483,14718,28308,-107,-0.38,91.61,13.93,2024.5,11697,11684,13,10724,973,9.07,28201,27885,316
4064,47_Okinawa-ken,47327,2000.0,47_Okinawa-ken,47327,4065_Kitanakagusuku-son,17969,8667,9302,16148,1821,11.28,93.17,11.54,1557.1,6558,6546,12,5541,1017,18.35,17969,17236,733
4065,47_Okinawa-ken,47328,2000.0,47_Okinawa-ken,47328,4066_Nakagusuku-son,22157,11036,11121,19454,2703,13.89,99.24,15.53,1426.7,8851,8836,15,7209,1642,22.78,22157,21729,428
4066,47_Okinawa-ken,47329,2000.0,47_Okinawa-ken,47329,4067_Nishihara-cho,34984,17647,17337,34508,476,1.38,101.79,15.9,2200.3,13610,13534,76,12641,969,7.67,34984,33900,1084
4067,47_Okinawa-ken,47348,2000.0,47_Okinawa-ken,47348,4068_Yonabaru-cho,19695,9554,10141,18410,1285,6.98,94.21,5.18,3802.1,7949,7932,17,7003,946,13.51,19695,19343,352
4068,47_Okinawa-ken,47350,2000.0,47_Okinawa-ken,47350,4069_Haebaru-cho,40440,19825,20615,37502,2938,7.83,96.17,10.76,3758.4,14679,14640,39,12763,1916,15.01,40440,38729,1711
4069,47_Okinawa-ken,47353,2000.0,47_Okinawa-ken,47353,4070_Tokashiki-son,718,387,331,730,-12,-1.64,116.92,19.23,37.3,389,389,NULL,417,-28,-6.71,718,718,NULL
4070,47_Okinawa-ken,47354,2000.0,47_Okinawa-ken,47354,4071_Zamami-son,892,486,406,870,22,2.53,119.70,16.74,53.3,501,500,1,453,48,10.60,892,887,5
4071,47_Okinawa-ken,47355,2000.0,47_Okinawa-ken,47355,4072_Aguni-son,683,384,299,759,-76,-10.01,128.43,7.65,89.3,378,377,1,429,-51,-11.89,683,663,20
4072,47_Okinawa-ken,47356,2000.0,47_Okinawa-ken,47356,4073_Tonaki-son,346,206,140,430,-84,-19.53,147.14,3.87,89.4,224,224,NULL,267,-43,-16.10,346,346,NULL
4073,47_Okinawa-ken,47357,2000.0,47_Okinawa-ken,47357,4074_Minamidaito-son,1285,744,541,1329,-44,-3.31,137.52,30.52,42.1,680,677,3,686,-6,-0.87,1285,1282,3
4074,47_Okinawa-ken,47358,2000.0,47_Okinawa-ken,47358,4075_Kitadaito-son,590,367,223,629,-39,-6.20,164.57,13.07,45.1,326,326,NULL,333,-7,-2.10,590,590,NULL
4075,47_Okinawa-ken,47359,2000.0,47_Okinawa-ken,47359,4076_Iheya-son,1126,607,519,1238,-112,-9.05,116.96,21.82,51.6,518,516,2,516,2,0.39,1126,1103,23
4076,47_Okinawa-ken,47360,2000.0,47_Okinawa-ken,47360,4077_Izena-son,1322,718,604,1517,-195,-12.85,118.87,15.43,85.7,637,634,3,695,-58,-8.35,1322,1296,26
4077,47_Okinawa-ken,47361,,47_Okinawa-ken,47361,4078_Kumejima-cho,7192,3823,3369,7755,-563,-7.26,113.48,63.65,113.0,3338,3332,6,3365,-27,-0.80,7192,7040,152
4078,47_Okinawa-ken,47351,2000.0,47_Okinawa-ken,47361,4079_(Municipalities as of 2000) Nakazato-son,3797,2006,1791,4094,-297,-7.25,112.00,37.85,100.3,1799,1796,3,1820,-21,-1.15,3797,3730,67
4079,47_Okinawa-ken,47352,2000.0,47_Okinawa-ken,47361,4080_(Municipalities as of 2000) Gushikawa-son,3395,1817,1578,3661,-266,-7.27,115.15,25.48,133.2,1539,1536,3,1545,-6,-0.39,3395,3310,85
4080,47_Okinawa-ken,47362,,47_Okinawa-ken,47362,4081_Yaese-cho,30941,15244,15697,29066,1875,6.45,97.11,26.96,1147.7,10680,10641,39,9625,1055,10.96,30941,29802,1139
4081,47_Okinawa-ken,47343,2000.0,47_Okinawa-ken,47362,4082_(Municipalities as of 2000) Kochinda-cho,22106,10819,11287,20547,1559,7.59,95.85,14.79,1494.7,7622,7602,20,6778,844,12.45,22106,21559,547
4082,47_Okinawa-ken,47344,2000.0,47_Okinawa-ken,47362,4083_(Municipalities as of 2000) Gushikami-son,8835,4425,4410,8519,316,3.71,100.34,12.11,729.6,3058,3039,19,2847,211,7.41,8835,8243,592
4083,47_Okinawa-ken,47375,2000.0,47_Okinawa-ken,47375,4084_Tarama-son,1058,575,483,1194,-136,-11.39,119.05,22.0,48.1,466,466,NULL,470,-4,-0.85,1058,1058,NULL
4084,47_Okinawa-ken,47381,2000.0,47_Okinawa-ken,47381,4085_Taketomi-cho,3942,2033,1909,3998,-56,-1.40,106.50,334.4,11.8,2093,2089,4,2122,-29,-1.37,3942,3910,32
4085,47_Okinawa-ken,47382,2000.0,47_Okinawa-ken,47382,4086_Yonaguni-cho,1676,923,753,1843,-167,-9.06,122.58,28.9,58.0,760,747,13,1080,-320,-29.63,1676,1548,128
